0
37.07193771627213
143.08910609630604
0
4546.7198083933035
0.002606760824559456
166.1979335926512
0
83.24327710413972
0
412.70577030428393
0
15.126291452414385
0
34.208655348572606
0
27.34987744781812
15.121706478926942
106.6817593194411
1019.0033120772522
1970165820539312e-20
0
0
1.1189381189088068
0
6.46136586171543
0.6551490031116359
8.46835433013333
0.006418142425773768
2.872033007020173
60.258896377758106
21.732520116561055
654.8853912301308
0.3648701044205707
47.47280080958939
3.0742189357833754
0.0001102050627472787
45.49134506067606
61.59084934106801
88.50928681442976
46.236743459434756
0
2.6907048643634215
0
270.6985669870693
21.67682244218377
0
0
10.092208170470895
0
0
11.657833728740407
26.889495051943204
25.75168490778692
18.417661205415857
1.2558758797735632
1783.7157890817048
2.071451758390867
0.035428537725951316
0.5057179542990667
10.67258725469505
51.68695265352392
0.9938061644094551
2.433077541289444
0
0
152.1383395619554
0
266.9986467550123
0
9.220567215877939
0.028850217276177575
311.15187240576904
0
0
0
0
0
7910066683588494e-20
9.085981108032485
0.12110905701567616
0.0020151605856035004
0.04760196742354901
0.008373721326876632
0.0006575362232972034
0.0017400967731312684
0.2661256814219409
0.6789521434491942
1.2188471340474882
0
0
0
0.022808862063008032
2.301837495172504
0.03699058219739197
3.43557348856116
0.019653599714730748
0.0417021371091359
10.876633791261849
0
0
1.2634599551041
1.556408873281046
0.22577085277923686
0
2.7428390084861074
0.046838602691146314
0.0568104813742846
0
0.0004061558594293087
0
0.13422459671963366
1.239286300537901
0
0
0
0
2.9063551556633724
0.5656534756022945
1.2167359664763462
5.8817487592743785
0.2960255713456579
1.4661748227231397
0.09898403575360583
0.40037391696425184
0.001401331359175918
5.536128196143437
0.0036932332219811854
1.6211231897974212
9046254161552865e-22
0.03440625183104654
1.8314057321582742
0.3541192864018497
0.6163398324247442
0.24018965038740897
0.8727287073059001
0.19961336095526092
0.0007324200398987945
0.026795815929354264
1.00025938631881
2.3412185123546587
0.13308773539895188
0.12426893628744326
0.3672816221802807
0.03657688566892946
0.4681044837274059
1234.390681420837
0.30835173096449314
0.6327063031640654
0.15892677024523286
43.76915047666364
0.32286414142760356
11.103689116204594
1.9907705479983422
2.8136407022952445
0.1841983636537322
0.46575634212103323
2.3964926991777182
4.231048109448774
0.923174122704672
5.700881187487131
6.020330256526637
6.733440989526075
0
4.317263698549676
0.34981849222596106
45.85980310347625
619.5851868023553
4.00230200510124
10685.712392977757
1.1
23.21906287387955
1.1826269826254057
45.434360149395
0.7372709774490241
1.003681759955702
90.1393191114466
0.20247121451175587
1.1244992864891539
32.28171010059164
0
0.0012764812379828412
0
0
0
0.03625181415428712
0.058933447215677476
0.09980436391982708
0.04788494889208158
0.045217362570933305
0.07705530291936691
0.05887912264245719
0.0841987747768553
0.05632087621268182
0.05169681245903017
0.08008609114732536
0.061230709791248124
0.046976149341593304
0.05453249972627107
0.046848962730771423
0.059271484643353384
0.06299276951331292
0.08841863010742942
0.05756966481086307
0.044683831027650577
0.001904786428299412
0.007503797893673056
0.023510325225156396
0.07836145542472174
0.043569750416135436
0.13157221920823947
9120779934654156e-20
0.010220105572775267
0.31429772264065886
4806127489102731e-21
0.08056457062986788
0.011059618121715572
0.001271273189863638
54863822232035065e-22
12044248331673227e-22
0.11584448520641893
0.09898494632432737
0.004162073063128969
0.04243172196093784
0.02071465890639268
0.005819576913395432
0.012268071905030603
0.00048312290780186135
0.6896633529262886
1569913002991652e-24
0.08638163465605768
0.0003420342893032762
0.009730559442694197
0.01104741198087655
0.00015708696927136824
0.0001709049631651882
0.8031843499740692
0.0003936655235407123
0.06055356166103431
0.351411376042168
13179246160619046e-22
2586172799246899e-21
0.00014474779093354644
12571634893814467e-21
0.0005948473226625284
1700336935195105e-20
14432278942496013e-23
10044051130194691e-22
19077359834958543e-21
0.08373201674274607
0.08470321845662906
43501812593250164e-21
0.0002127295400959706
0.020058054072698152
0.008233882337597422
0.1020394183688423
0.020662211620262282
27829659211423456e-21
0.16398836969035596
0.04039320278832147
5573481664038028e-22
0.4432067007282498
4458965602265138e-22
0.0037797787381737484
0.0009835812726102832
2299456595310469e-27
0.4623037901845429
0.7842811236809119
0.018475682683698494
0.4256368398119499
1
0.007464707836970835
0.25196324360570443
22332184598396069e-26
4630639617797226e-21
0.00062983879887423
9121526422534078e-20
0.15543451047052265
8645608217868001e-22
0.0001118276199179255
0.2025281246551083
0.000930082912359438
0.012009340124079072
12200900016106728e-21
0.16545037773188112
0.10917408435579329
0.021764140216488013
3147011191752308e-20
0.00015347415503117061
12006681092123876e-23
0.013890297892314002
0.20450183559778812
8333314590452419e-24
11103428916417435e-21
910642268308535e-20
9651207250471222e-20
10586522135480505e-21
0.5453822924367949
0.202462350063441
0.005184095383257705
0.0015509240401573626
0.04391382054201929
0.0059211132958359395
6760886384211459e-20
0.02933847764043776
8324416655625951e-20
0.0007215230323707939
0.08942461751064987
9970389356205705e-22
0.8837897092436319
0.8959773371594811
0.0018317232592896054
0.000537393257470806
5829910130239616e-24
0.0010319333760422896
1039042141101328e-23
0.010395567019917186
0.030306328879293312
0.0009047843099034943
0.0003377556890133703
0.00015457508666270487
26181882693478585e-22
0.00616453890504094
0.03171681691249386
0.021992369525289934
11257176079750381e-24
0.9962934554864946
0.07307675082820403
0
0
8178633089229676e-20
6662207610184484e-20
1033639327233722e-21
7596610419388105e-22
0.000193523410941256
0.009858647932124985
0.005422474462570742
15204233914838676e-24
0.0001315172788144954
7328787645946309e-21
0.060375577199045884
0.013606939913966614
0.11395499886795944
3845637394103351e-22
0.06527062846012745
0.007753961287668537
0.0001201590831386158
0.14525681014966274
0.0002965205049072151
18549559457239284e-29
8515603676032502e-20
3736171601994794e-21
0.00012473255034274787
0.016645058982955586
0.0039204639909687245
0.00016357988277978405
0.00015214005286724378
379987452618501e-23
0.0005147653463170316
0.023540533808476722
13135133747412027e-24
0.001809420423245791
0.001804345752029915
44189469499923436e-21
0.12404819328622463
4337441997859786e-20
0.5724751493070231
0.0019146404758608093
0.23580527154516914
0.003314520819647579
0.0007014089654117138
0.0005696387781419525
44753374130468464e-21
0.708014646696762
12102148111488877e-21
21568126465955273e-21
0.008377336354539305
0.006489694533376558
21715985268745458e-24
872383063939584e-19
0.0030657853326059074
0.15721973376717682
0.031309724222179376
0.00010012358186370813
0.023621299310570262
0.00035425617017572416
0
0.1300182320764669
0.012507928371937526
0.6278282199128794
0.531940932489961
0.5803808256707936
0.055602720395948754
0.030731557184123806
0.946886645119311
0.6086298010952623
0.9732562654144681
0.5151272202343011
0.289312142459126
0.0007658386943863452
0.016013965349027645
0.16935490561767236
0.4222241530965914
0.16344853975121743
0.00029932945398649757
0.027853307193822462
0.3813359985984883
0.13221344241759417
0.20855149859625763
