1.0385690171123245
0.1854426639943779
4.674858889903403
0
4.685435920669683
3367998912768485e-20
4.8955223528093175
0
5.296123979399642
0
10.435858600235093
0
9.674437405381813
0
13.199482756062633
0
30.481363910177095
16.619925707632703
6.282141223260931
4.136995096917194
3808684515990889e-39
16.739660744356193
2.385477820096592
0.02840705164531341
0
0.12439665884156521
0.002492371017234265
0.031258452823464136
0.006942739367542696
0.29374194811053256
0.2742227047538701
0.005943461472914153
0.000604028309021208
0.05225101276303506
0.006595257560907868
0.001988644553117415
3816762707798833e-24
0.13466961205673936
0.1434360589390532
0.061450684344224626
0.05224166041619672
0
0.10465209465543668
0
4.518483609086814
3.80936098054245
4.447247213364786
0
5.342040252215647
0
4.400905829921672
0.17640075838724056
32.42696984395763
32.79539781257713
15.941592694812089
48.87027706748729
52.365512502261936
1.5673539051479242
0.008795858494389543
0.014917809278009357
2.7761958575267647
34.69244208232715
0.0768164560582643
0.4146087309937023
2.375336808017179
1.3132180083898388
31.650736356981042
0
31.35246210961743
0
14.816420130265099
0.0023395158495625994
0.0023998628256074214
1.4060371263964717
6.350004781488584
1.2780835318011525
2.429832324305414
0
0.0003534766638334913
0.01715035409219792
0.07079946279234016
0.03064512744591889
0.008976594296098032
0.00020213994285150628
0.00014464012570618003
0.0013521100674583543
1.9961985961202007
0.4418326293094481
0.1517684039895533
0.17026832430080502
0.005290367493310932
0.07389599652159302
0.007435982988788469
0.0011967006861782646
0.07024475757465644
1.5289122377756006
0.021849871456840027
52306834396879546e-22
0.016739500254761144
0.0011082678192272267
0
0.9152063939699958
0.5213388304081057
0.04432969459359835
0
0.4192781594090253
0.0007704272320564387
0.0716987547997807
0
0.0003950007988767355
0
0.12683796406934042
0.7413734226952622
0
0
0
0
0.00571506231108503
0.39392575173547073
0.0020652909205824774
0.004320873371031293
0.39699393044675696
0.36402090598820985
0.18161678277113866
0.5587155836087963
0.007590429499344623
0.4233538926359282
0.000818036445869965
0.37653148613042503
9613400665499271e-22
0.0011295026638707612
0.3490719772228555
0.036264666388344004
2850030645806523e-25
0.014668501186273475
0.08425209865885373
0.21859642597775722
0.019829724812069405
0.029982087447830565
0.17447100780006614
0.3204699249891542
0.2577833636600255
0.15962856758506105
0.2673805530052398
17632084506671567e-27
0.21320080289840998
0.2132540124074872
0.4676658774566102
0.5645466834969595
0.0004996032844737597
0.5974243750012572
0.5239369921315749
11.642556049601305
2.088540565398021
2.791071206992821
0.10446215767025968
0.4855444972815102
2.597450980559356
4.170715222188342
0.6376362274641095
5.174348885293897
7.303979603696055
5.185338639770304
2.4690692399392025
2.967972422844088
0.6067958375661815
31.41425987897658
619.2187429208514
4.0021159845572205
5122.20742113803
1.0999861742792156
23.21854277297723
1.172382236708614
45.12916242960733
1.3041124078531083
1.3969454667491426
1.0999851639898583
0.9250042084712816
1.0885221527991464
57.17607785703216
0
0.000866185654284623
0.0008567796791051587
0
0.00917080678949131
0.008273529332449278
0.008257406069725408
0.007658067654589057
0.007323050001640074
0.010014537384147086
0.007382023558922226
0.010503386111017319
0.006346134757659875
0.007992903136604427
0.009820766908158939
0.018120736783911233
0.008424443131228697
0.009324504666303246
0.008820958334452221
0.00974057892678779
0.005565708547012251
0.012575334037675932
0.0196330619724884
0.013290154497056212
0.008197138390050434
0.0019010220051336327
0.007445546483474806
0.02294322304120536
0.07223671153828704
0.04164215180920018
0.11476758300254825
9119916004271143e-20
0.010112200142075676
0.2267664925999481
48061034994008004e-22
0.07409789435163312
0.010933312168388196
0.0012695958291392135
5486350961960205e-21
12044233265793644e-22
0.10271273936866802
0.08931461022383627
0.004144120913498824
0.04060243215832392
0.020273771502627626
0.005784509284397632
0.012112753042745616
0.00048288055855578234
0.33695203594096707
15699130004319665e-25
0.07896950789631145
0.0003419128113344179
0.00963271900845736
0.01092138387595092
0.00015706134330464177
0.000170874630807394
0.3487732101234474
0.00039350460675513044
0.05686267992309113
0.24395714662793927
13179228121463337e-22
2586165853005737e-21
0.00014472603255100637
12571470753203133e-21
0.0005944799454281939
170030690891681e-19
14432276779253762e-23
10044040652808193e-22
19076981856018346e-21
0.07675817871557673
0.07757020993587714
4349984724164372e-20
0.00021268254603343863
0.019644533357535156
0.008163770867400336
0.09177906438271688
0.020223542044826456
27828854861800412e-21
0.13830788750010697
0.03873371440654027
557347843785957e-21
0.2797050085013208
4458963537343827e-22
0.0037649700710147374
0.0009825770405918505
22994565953049746e-28
0.28602746466911827
0.3473168433105087
0.018124545893997868
0.2735633602648447
0.3539608316240901
0.007407060583579278
0.19395031148774305
22332184593216344e-26
4630617347998877e-21
0.0006294269364723338
9120662350732302e-20
0.1322633514271669
8645600454927315e-22
0.00011181463293389662
0.16411039288575294
0.0009291849276207927
0.01186048352510231
12200745413665514e-21
0.13932922826932775
0.09747138920726485
0.021277711352779435
31469083368869486e-21
0.0001534496941975821
12006679594918865e-23
0.013691354428791087
0.16537037926236361
8333314518329833e-24
11103300875996996e-21
9106336558148164e-21
9650239915518187e-20
1058640573906802e-20
0.30953459141825695
0.16406830249351306
0.0051562590053016106
0.0015484279130482275
0.0419560044357393
0.0058848132272843945
676041167529333e-19
0.02845801521164711
8323697000856251e-20
0.0007209825605553014
0.08149342733626792
9970379031935207e-22
0.3529556950249777
0.3533223513626282
0.0018282419544519031
0.000537093411235688
58299100949408494e-25
0.0010308280103591588
10390421298888401e-24
0.010283934840443652
0.029367286490121096
0.0009039345006596318
0.0003376372309743773
0.00015455027364987494
26181811500605957e-22
0.006125197754373871
0.030689081467872054
0.021495743952370354
11257175948138768e-24
0.35400899888986515
0.06773581199365207
0
0
8177938419510206e-20
6661746657167104e-20
1033638217616534e-21
7596604425965478e-22
0.0001934845190789535
0.009758221362408398
0.005392023005525896
1520423367475403e-23
0.0001314993161262885
732873186344482e-20
0.05670602512357089
0.013416002410156017
0.10123590561757471
38456358581715124e-23
0.06099269413831418
0.00769176920495439
0.00012014408900157432
0.12491631808523215
0.00029642920339850845
18549559457235816e-29
851485058575725e-19
37361571046606376e-22
0.00012471639311535272
0.016359787990209755
0.0039045335994857266
0.00016355209471790227
0.0001521160154292153
3799874511189049e-24
0.0005144902163589007
0.022971982223560374
13135133568226032e-24
0.0018060233388420182
0.0018009676868224675
44187441523169875e-21
0.10905338527082618
4337246612085108e-20
0.31589641967875687
0.0019108370223597194
0.18458430462542
0.003303130666044618
0.0007008982019589999
0.0005693018742756822
44751294065797726e-21
0.3393875620279502
12101996001560985e-21
21567643345594333e-21
0.0083047659805561
0.006446101095124267
2171598477897277e-23
8723040269955307e-20
0.0030560393052309572
0.13353463209202748
0.030307991324032266
0.00010011317102931261
0.023048863642742737
0.00035412585640289115
0
0.11359525997787578
0.012346496839607354
0.32708617118058986
0.30614997081852663
0.3176400871497816
0.0524827668572685
0.029766190570422787
0.3541683109385814
0.3234699271081617
0.35419712949810606
0.3016956503523077
0.21422686183196793
0.0007652298065880736
0.015749829937637613
0.14204015343607365
0.27233349989714317
0.13792990342803058
0.00029923641461549594
0.027059120697741156
0.2566304517958459
0.11525013113884076
0.16793733124235302
