1.0405068416900163
0.13251548759215456
4.090055208469975
0
4.099165978792771
29443449645366712e-21
4.284048004168639
0
4.636220656388813
0
9.153671504204578
0
9.613318162113835
0
13.004003042416795
0
30.455507584247094
16.87046194286602
5.753819961211849
4.19629551545097
1003840209377737e-39
16.79926369341801
2.385209260122123
0.02503826045368555
0
0.12127580091044385
0.0024696226986719626
0.030643057247601278
0.006942572397833894
0.28778633691801575
0.26882865013252794
0.005320726365328262
0.0005254320297857253
0.05116184606111497
0.005904413249460979
0.0017402233741108954
33202728665432692e-25
0.13190061477937015
0.14108009299741342
0.06298447979435083
0.054352385815484405
0
0.1045911735886918
0
4.492946624343196
3.831747820246835
4.477924145056063
0
5.349856789989871
0
4.42087080892714
0.1383536659632137
32.29072280275499
32.63464153288286
15.587394793385883
48.517197605840316
48.09854569082916
1.5708128254078713
0.00442538530878251
0.015175941618549623
1.4505264142733387
34.70629924638117
0.07624138454691634
0.40630249928300244
2.3848239575733277
1.3283258637824336
31.855950385751242
0
31.605869827484433
0
14.818630845432168
0.0012584292475858296
0.0012813656643908108
0.7044051825974392
6.362421187949511
1.277778662064315
2.42886921779924
0
0.00035526774540435785
0.01742890305166338
0.07078509775431595
0.03063051984780468
0.009061565937335357
0.00019988331381927095
0.00014320450534983012
0.0013608948171255296
1.9967878959529104
0.4420019396898286
0.1491682073971168
0.16924715876328864
0.005314010813600683
0.07404588364909559
0.007497708278369936
0.0011329195194025787
0.06967502872307632
1.5127537427780173
0.021766149417987688
4867172557160874e-21
0.015889404638801705
0.00109854701572648
0
0.9145255461852433
0.5211102604483155
0.044692173982635634
0
0.4191988373886155
0.0014754275061352475
0.07181431634393225
0
0.0003916244583043743
0
0.12682470983421668
0.7405687950197198
0
0
0
0
0.0051145004874753475
0.39383043904965304
0.001958696987685547
0.0042265900196313795
0.3968577856077905
0.3633964617127793
0.18144700798480018
0.5607142778689881
0.003892055447372992
0.4313983222703291
0.0008188324025667961
0.3769367980730896
961251962773993e-21
0.0005751733827670925
0.351548746588109
0.03553155665675455
27106455904901536e-26
0.027034167054682434
0.08376431640669242
0.21850974180609078
0.019852680074975485
0.03002596493675268
0.173622329906984
0.31928855975736337
0.25767641369073857
0.15979110653209858
0.2672700585758254
1676725103621239e-26
0.21285700349515738
0.21291267079336088
0.4675083627196158
0.5644337511975923
0.0004917815711956609
0.5902360547244195
0.524497843487747
11.644797424128406
2.0888626443295033
2.791699459613771
0.10442375198933684
0.48562617447318557
2.598142510895427
4.1722630657421655
0.6374845328660363
5.171218155650704
7.297865066402201
5.181292732866706
2.469312654336651
2.9651304861511623
0.6071213599111631
31.412902823526178
619.2180593904119
4.002115637476975
5115.184529471524
1.099986148482516
23.218541802552554
1.1723632046346306
45.12859489381294
1.3041243725749214
1.3969452353240586
1.0999851381871082
0.9247395383016997
1.0884561116194176
57.697491749549265
0
0.0008661113539150444
0.0008568267828452611
0
0.009169175444450402
0.008265641978341494
0.008245899313668285
0.0076387489833641365
0.007312325862121881
0.010008068656153371
0.007366061454486787
0.010500065846499903
0.006330234599435128
0.007982659581607501
0.009812569871020152
0.01811207048153903
0.00841160841324666
0.009317780647173063
0.00880897645639143
0.009734207331272069
0.005572286963510703
0.012565952082363769
0.019611585836402965
0.01327979800638828
0.00819014820841246
0.0019010149882045003
0.007445438218243049
0.02294217779733144
0.07222574317195268
0.0416386360885385
0.1147383251442806
9119914392374328e-20
0.010111999874242949
0.22662842164479752
48061034546394816e-22
0.07408632709095607
0.010933077852528032
0.0012695927014881139
5486350903631264e-21
1204423323768283e-21
0.1026896843546715
0.08929747994360873
0.00414408748977558
0.04059909375110387
0.020272957701893735
0.005784444051007994
0.012112465085193444
0.00048288010647962014
0.3365020183188824
15699130004271905e-25
0.07895629010284874
0.00034191258471384325
0.00963253737449083
0.010921150074052293
0.00015706129549407835
0.0001708745742164873
0.34823079113383976
0.0003935043065683956
0.0568560079237264
0.24379107480290088
13179228087804816e-22
258616584004504e-20
0.00014472599195596388
12571470446941706e-21
0.0005944792601657526
17003068528924685e-21
1443227677521746e-22
1004404063325886e-21
19076981150769485e-21
0.07674572510046268
0.07755747860817182
434998435746554e-19
0.00021268245835879236
0.0196437698092006
0.008163640608784611
0.09176091829008406
0.0202227323156414
27828853361018204e-21
0.13826394290647795
0.038730682645982145
5573478431839971e-22
0.2794648850728237
44589635334909727e-23
0.00376494249441121
0.0009825751677939704
22994565953049637e-28
0.28577133780598624
0.3467893923482581
0.018123896999167305
0.273337815626885
0.3532755817864529
0.007406953439042892
0.19385563631381209
22332184593206674e-26
4630617306446648e-21
0.0006294261682464606
9120660738571638e-20
0.1322235190680707
864560044044276e-21
0.00011181460870340993
0.16404599810533282
0.0009291832529174374
0.011860207511207196
1220074512520081e-20
0.1392845645551212
0.09745077031948436
0.02127681398240047
31469081449772924e-21
0.00015344964856073073
12006679592125292e-23
0.013690985904102526
0.16530485783608206
8333314518195262e-24
1110330063709285e-20
9106336397451836e-21
9650238110697036e-20
10586405521889789e-21
0.30920763097783543
0.1640039451326939
0.005156207206467305
0.0015484232593809793
0.041952434245759715
0.005884745704860658
6760410789584016e-20
0.02845639733913485
8323695658139222e-20
0.0007209815524889573
0.08147930662719285
997037901267157e-21
0.3523517300494091
0.35270942877005773
0.0018282354650119227
0.0005370928519209391
5829910094874987e-24
0.0010308259490084083
10390421298679187e-24
0.010283727674871216
0.029365561848515208
0.000903932915780663
0.000337637009987075
0.0001545502273559853
2618181136777019e-21
0.006125124584454198
0.0306871953249468
0.02149482788015723
11257175947893201e-24
0.35332619360618006
0.06772622060960988
0
0
8177937123408787e-20
6661745797123033e-20
10336382155461446e-22
7596604414782593e-22
0.00019348444651948204
0.009758034939905428
0.005391966347501127
15204233674306068e-24
0.00013149928261271696
7328731759362872e-21
0.0566993910611111
0.013415648663511718
0.1012135526873427
3845635855305679e-22
0.06098498008553043
0.007691653630708074
0.00012014406102635992
0.1248811613113403
0.0002964290330689373
18549559457235816e-29
851484918065834e-19
37361570776106933e-22
0.00012471636297018172
0.016359260310414545
0.0039045039361871106
0.00016355204287367637
0.00015211597058226663
3799874511161069e-24
0.0005144897031423346
0.022970934324785915
13135133567891692e-24
0.0018060170063223888
0.0018009613897399732
4418743773933579e-20
0.10902717377189779
43372462475307966e-21
0.31554617226981097
0.0019108299327139401
0.18449997823362932
0.0033031094502369157
0.0007008972492935319
0.0005693012458464482
4475129018477824e-20
0.33892223880202105
12101995717746914e-21
21567642444169402e-21
0.008304631163671632
0.006446020030178481
21715984778058924e-24
8723038795303366e-20
0.003056021149495442
0.1334939550583309
0.030306152510540637
0.00010011315160516304
0.02304780862971749
0.0003541256133004209
0
0.11356664297043573
0.0123461975867322
0.3266884732634678
0.30583455151057626
0.31728304571022037
0.05247711223205038
0.029764417976104653
0.35351904328217804
0.32308864581165014
0.3535297432862071
0.30139464011646333
0.2141067921632819
0.0007652286709411704
0.015749341192472177
0.1419935463327141
0.27211076875527873
0.13788622317347177
0.00029923624104407053
0.027057660225898894
0.25644088162575024
0.1152206070932196
0.1678694753965852
