1.0405068416900163
0.13251548719884076
4.0900552087129665
0
4.099165894228093
294434498221451e-19
4.2840480293257155
0
4.636220660741494
0
9.153671299181832
0
9.613318217975793
0
13.004003041149515
0
30.45550758416552
16.870461946874002
5.753819997320382
4.196297093518306
10038402699719253e-40
16.79926221876747
2.3852092594345873
0.02503826047189827
0
0.12127580091076119
0.002469622701318555
0.030643057239357556
0.00694257239783384
0.2877863368793544
0.2688286500602676
0.005320726766963885
0.0005254320198462229
0.05116184605405336
0.005904413695654755
0.0017402233735358398
3320273054959283e-24
0.1319006147788872
0.14108009299745145
0.06298450363585059
0.05435238672731774
0
0.1045911736871329
0
4.4929463088089046
3.831747832827321
4.477924329454945
0
5.349856806246735
0
4.420870136861796
0.13835593877293406
32.29072127079931
32.63463970933216
15.587394411980151
48.51719786752473
48.10042495768886
1.57081261491746
0.004425543822655949
0.015176496871105054
1.4505764047920007
34.706299246792504
0.07624138454526282
0.4063024997819682
2.3848235978763794
1.3283258652069594
31.85595043917019
0
31.60586992492779
0
14.818630843428021
0.0012584706438740327
0.0012813922880852387
0.7044299515847361
6.362420769351938
1.2777786620339693
2.42886921779936
0
0.0003552677458630879
0.017428909625709352
0.07078509773602214
0.03063051984870871
0.00906156595290944
0.00019988331722230952
0.00014320450783583788
0.0013608948179344034
1.9967878954976557
0.4420019396860046
0.14916819522002542
0.16924715867413598
0.005314010494293796
0.07404588361422933
0.007497708275802559
0.0011329195188882484
0.0696750286548058
1.512753581755318
0.021766149405749263
4867172553051275e-21
0.015889403794744607
0.00109854701482547
0
0.9145255462039048
0.5211102604549426
0.04469217405778482
0
0.4191988374125883
0.0014754352588666852
0.07181431049803703
0
0.0003916244613123566
0
0.12682470983421773
0.7405687950197375
0
0
0
0
0.005114500485405581
0.39383043904984666
0.0019586969867939484
0.004226590019604716
0.3968577856077905
0.36339646166555356
0.1814470079672431
0.5607142041393408
0.003892190505359478
0.4313983236522995
0.0008188324025622291
0.3769367980753264
961251962773992e-21
0.0005751934673802508
0.3515487473128497
0.035531556644462794
27106455902597316e-26
0.027034300131550348
0.08376431639269308
0.21850974180608798
0.019852680068152967
0.030025964929125862
0.17362232990671458
0.3192885597486152
0.257676413690737
0.15979110649634146
0.2672700585014623
1676725103175927e-26
0.21285700343169534
0.21291267076771844
0.4675083627199993
0.5644337511975926
0.0004917815700429526
0.5902360057027938
0.5244978433829004
11.6447974207368
2.0888626443297533
2.7916994596147204
0.10442375198940874
0.4856261743497854
2.5981425108959697
4.172263065744517
0.6374845328663604
5.171218154367687
7.29786506407612
5.181292731606436
2.469312654316244
2.9651304851650964
0.6071213597838239
31.41290281561155
619.2180593904119
4.002115637476975
5115.184529471524
1.099986148482516
23.218541802552554
1.1723632046346306
45.12859489381294
1.3041243725751104
1.3969452353240586
1.0999851381871075
0.9247395383016997
1.0884561116194176
57.69749015792108
0
0.0008661113537235621
0.0008568267828454315
0
0.009169175444454157
0.008265641975108274
0.008245899310442829
0.007638748980467372
0.007312325859561345
0.010008068653552893
0.00736606145164581
0.010500065842372706
0.006330234596816086
0.007982659578496084
0.009812569867218015
0.01811207047445478
0.008411608409956582
0.009317780643597506
0.008808976452990676
0.00973420732757357
0.005572286961730231
0.012565952077540667
0.019611585828733603
0.013279798001326322
0.008190148205208725
0.0019010149882045003
0.007445438218243049
0.02294217779733144
0.07222574317195268
0.0416386360885385
0.1147383251442806
9119914392374328e-20
0.010111999874242949
0.22662842164479752
48061034546394816e-22
0.07408632709095607
0.010933077852528032
0.0012695927014881139
5486350903631264e-21
1204423323768283e-21
0.1026896843546715
0.08929747994360873
0.00414408748977558
0.04059909375110387
0.020272957701893735
0.005784444051007994
0.012112465085193444
0.00048288010647962014
0.3365020183188824
15699130004271905e-25
0.07895629010284874
0.00034191258471384325
0.00963253737449083
0.010921150074052293
0.00015706129549407835
0.0001708745742164873
0.34823079113383976
0.0003935043065683956
0.0568560079237264
0.24379107480290088
13179228087804816e-22
258616584004504e-20
0.00014472599195596388
12571470446941706e-21
0.0005944792601657526
17003068528924685e-21
1443227677521746e-22
1004404063325886e-21
19076981150769485e-21
0.07674572510046268
0.07755747860817182
434998435746554e-19
0.00021268245835879236
0.0196437698092006
0.008163640608784611
0.09176091829008406
0.0202227323156414
27828853361018204e-21
0.13826394290647795
0.038730682645982145
5573478431839971e-22
0.2794648850728237
44589635334909727e-23
0.00376494249441121
0.0009825751677939704
22994565953049637e-28
0.28577133780598624
0.3467893923482581
0.018123896999167305
0.273337815626885
0.3532755817864529
0.007406953439042892
0.19385563631381209
22332184593206674e-26
4630617306446648e-21
0.0006294261682464606
9120660738571638e-20
0.1322235190680707
864560044044276e-21
0.00011181460870340993
0.16404599810533282
0.0009291832529174374
0.011860207511207196
1220074512520081e-20
0.1392845645551212
0.09745077031948436
0.02127681398240047
31469081449772924e-21
0.00015344964856073073
12006679592125292e-23
0.013690985904102526
0.16530485783608206
8333314518195262e-24
1110330063709285e-20
9106336397451836e-21
9650238110697036e-20
10586405521889789e-21
0.30920763097783543
0.1640039451326939
0.005156207206467305
0.0015484232593809793
0.041952434245759715
0.005884745704860658
6760410789584016e-20
0.02845639733913485
8323695658139222e-20
0.0007209815524889573
0.08147930662719285
997037901267157e-21
0.3523517300494091
0.35270942877005773
0.0018282354650119227
0.0005370928519209391
5829910094874987e-24
0.0010308259490084083
10390421298679187e-24
0.010283727674871216
0.029365561848515208
0.000903932915780663
0.000337637009987075
0.0001545502273559853
2618181136777019e-21
0.006125124584454198
0.0306871953249468
0.02149482788015723
11257175947893201e-24
0.35332619360618006
0.06772622060960988
0
0
8177937123408787e-20
6661745797123033e-20
10336382155461446e-22
7596604414782593e-22
0.00019348444651948204
0.009758034939905428
0.005391966347501127
15204233674306068e-24
0.00013149928261271696
7328731759362872e-21
0.0566993910611111
0.013415648663511718
0.1012135526873427
3845635855305679e-22
0.06098498008553043
0.007691653630708074
0.00012014406102635992
0.1248811613113403
0.0002964290330689373
18549559457235816e-29
851484918065834e-19
37361570776106933e-22
0.00012471636297018172
0.016359260310414545
0.0039045039361871106
0.00016355204287367637
0.00015211597058226663
3799874511161069e-24
0.0005144897031423346
0.022970934324785915
13135133567891692e-24
0.0018060170063223888
0.0018009613897399732
4418743773933579e-20
0.10902717377189779
43372462475307966e-21
0.31554617226981097
0.0019108299327139401
0.18449997823362932
0.0033031094502369157
0.0007008972492935319
0.0005693012458464482
4475129018477824e-20
0.33892223880202105
12101995717746914e-21
21567642444169402e-21
0.008304631163671632
0.006446020030178481
21715984778058924e-24
8723038795303366e-20
0.003056021149495442
0.1334939550583309
0.030306152510540637
0.00010011315160516304
0.02304780862971749
0.0003541256133004209
0
0.11356664297043573
0.0123461975867322
0.3266884732634678
0.30583455151057626
0.31728304571022037
0.05247711223205038
0.029764417976104653
0.35351904328217804
0.32308864581165014
0.3535297432862071
0.30139464011646333
0.2141067921632819
0.0007652286709411704
0.015749341192472177
0.1419935463327141
0.27211076875527873
0.13788622317347177
0.00029923624104407053
0.027057660225898894
0.25644088162575024
0.1152206070932196
0.1678694753965852
