1.041891975168412
0.10416478675659281
3.7142509418493983
0
3.7226329001526413
26728265928763153e-21
3.8910774508723835
0
4.211673680714053
0
8.329654561626114
0
9.576162255268903
0
12.867248774129019
0
30.43852370405447
17.04776921094147
5.400140600763739
4.221772260036764
38449930777213187e-41
16.82282450337952
2.384943006200478
0.022854029822922024
0
0.11904215402484715
0.002451432360104679
0.03020857427537831
0.006942453092177895
0.28358641687905667
0.26502021575188617
0.004918027994107929
0.0004760836732170805
0.05039451220292013
0.0054577337621681404
0.0015826767651365222
30092282195932495e-25
0.1298814745502123
0.13933213249672363
0.06379122459280627
0.055757691825693866
0
0.10452915336603887
0
4.474239220946731
3.847238345537252
4.487461350806339
0
5.355679595219993
0
4.426047824176317
0.11859325328613242
32.170511925982986
32.492737452381796
15.317231342207972
48.3027037603861
46.775120999762756
1.5704327912696596
0.0032303029977428705
0.015423875588572554
1.0700974846483162
34.714760321720306
0.07583595779958527
0.39956266784251154
2.386714274067287
1.3388448072942434
31.969611997493256
0
31.756219000078836
0
14.820561332137727
0.0009306192380498967
0.0009427624328235396
0.5089160920429321
6.365605231819266
1.2775867702937758
2.428181054505151
0
0.0003561657072625302
0.017563527378287754
0.07077196592014867
0.030619670371930436
0.009112937378053573
0.0001984959294343506
0.00014233675084485362
0.001366981979319938
1.997153813299097
0.4421146182916615
0.14716104503197003
0.1685260404301761
0.0053209792430715525
0.0741291754796801
0.007538147160468493
0.0010886184786699912
0.06927227980741814
1.4992535188021114
0.02170589063565699
46189671064177686e-22
0.015286063976180939
0.0010917194213642912
0
0.9140328670051426
0.5209208572240678
0.04490475423708429
0
0.4191296677776186
0.002077297074681438
0.0718203375488746
0
0.0003895709603840338
0
0.126815237181469
0.7399941022380171
0
0
0
0
0.004725275581211444
0.3937605836614825
0.0018845005889446844
0.004158925210538345
0.3967604219324749
0.3629457299911642
0.18132612706294576
0.5611414025044458
0.002842226794109048
0.4370471695473792
0.000819484622275748
0.37726407464486483
961189026129555e-21
0.00041906680848067965
0.353257172447572
0.035013704641793375
2615141729245696e-25
0.03691503461319225
0.08342123764553458
0.21844767574270252
0.019868155586016775
0.030056427062988503
0.1730162831401789
0.31844557099978305
0.25759995992903656
0.15990335606595588
0.26718258280523166
1617440364627213e-26
0.21260224274103487
0.21265955751709953
0.4673954478656057
0.5643529713159876
0.0004872056164436172
0.5856392065056942
0.5248865236669124
11.646006280340659
2.089089599998951
2.7921360069944705
0.10439566432585541
0.4856702462780435
2.598629805649055
4.173338715097129
0.6373732122541306
5.168896659803917
7.293355159676981
5.178280654704846
2.4694832489624186
2.9630738439026496
0.6073392500137941
31.411345616917025
619.2175708116157
4.002115389388249
5110.170553643715
1.0999861300433487
23.2185411089048
1.1723496009285894
45.12818923049242
1.3041328874245752
1.3969450698936403
1.099985119743616
0.924550363038997
1.0884089086361857
58.02043633772968
0
0.0008660310199621013
0.0008568600218304512
0
0.009167985503612138
0.008259680605334344
0.008237361721453765
0.007624679960204873
0.00730432525604315
0.010003207352025239
0.007354389266340604
0.010497300549713625
0.006318645638150863
0.007975022458897998
0.009806331050092477
0.018105170132344157
0.0084021168234431
0.009312621288733449
0.008800083488438295
0.009729279216344085
0.005576618911351482
0.01255877623329084
0.019595467394240722
0.013271885931353186
0.008184835318558079
0.0019010099726046318
0.007445360832534788
0.022941430698885778
0.07221790413755899
0.04163612327600865
0.11471741655368896
9119913240210231e-20
0.01011185672765856
0.22652978172643298
4806103422644636e-21
0.0740780600601505
0.010932910369473914
0.0012695904658858068
5486350861938444e-21
1204423321758957e-21
0.10267320808217151
0.08928523744089796
0.004144063599069256
0.040596707666382924
0.020272376027030452
0.005784397423424016
0.012112259260827023
0.0004828797833413281
0.33618071957337226
15699130004237761e-25
0.07894684354046198
0.0003419124227283003
0.009632407546835977
0.010920982958361502
0.00015706126131967703
0.0001708745337660059
0.3478435936952622
0.00039350409199870285
0.05685123933937969
0.24367243796782706
1317922806374612e-21
25861658307808905e-22
0.00014472596293912745
1257147022802976e-20
0.0005944787703489643
17003068128469503e-21
14432276772332354e-23
10044040619285242e-22
19076980646666185e-21
0.07673682464590843
0.07754837969032592
4349984095353687e-20
0.00021268239569004196
0.01964322405231057
0.008163547502781475
0.09174794988221956
0.02022215355092119
27828852288277356e-21
0.13823254040180086
0.038728515725780385
5573478427537239e-22
0.27929337410789945
4458963530737e-19
0.0037649227831136416
0.0009825738291429735
2299456595304956e-27
0.28558840200563523
0.3464128677790898
0.01812343319125925
0.27317671303045266
0.3527865866909416
0.007406876854379113
0.19378799197338356
2233218459319976e-25
4630617276745622e-21
0.0006294256191285092
9120659586218946e-20
0.132195054733397
864560043008937e-21
0.00011181459138375551
0.16399998498418403
0.0009291820558616637
0.011860010223762997
1220074491900974e-20
0.13925264824934933
0.0974360348619877
0.02127617257614388
3146908007802608e-20
0.00015344961594007182
12006679590128484e-23
0.013690722493209084
0.1652580398266257
8333314518099073e-24
11103300466327075e-21
9106336282588055e-21
9650236820633e-17
10586405366653428e-21
0.3089741353063559
0.16395795874459693
0.005156170181608409
0.0015484199330047083
0.0419498825034999
0.005884697441126864
6760410156489823e-20
0.028455240959877323
8323694698381527e-20
0.0007209808319362387
0.08146921481533453
9970378998902158e-22
0.35192065669647316
0.3522719708757056
0.0018282308264531383
0.0005370924521299051
582991009482791e-23
0.0010308244755824478
10390421298529646e-24
0.010283579597993127
0.02936432915770826
0.0009039317829301234
0.0003376368520281232
0.00015455019426568363
26181811272820806e-22
0.0061250722840197475
0.030685847203929705
0.021494173106788344
11257175947717675e-24
0.35283893994632004
0.06771936563711159
0
0
8177936196971355e-20
6661745182374041e-20
10336382140662556e-22
7596604406789208e-22
0.0001934843946548695
0.009757901689546565
0.005391925849397845
15204233673985876e-24
0.0001314992586576282
732873168496636e-20
0.05669464958947319
0.013415395815422056
0.10119757810906034
38456358532572163e-23
0.060979466772197094
0.007691571020704427
0.00012014404103002033
0.12485603774037182
0.0002964289113194881
18549559457235816e-29
8514848176310844e-20
37361570582757196e-22
0.00012471634142278396
0.016358883141735104
0.003904482733359552
0.00016355200581606323
0.00015211593852622037
3799874511141067e-24
0.0005144893363016785
0.022970185328761293
13135133567652711e-24
0.0018060124799278569
0.0018009568886753612
4418743503469732e-20
0.10900844197184185
4337245986951821e-20
0.3152960576920204
0.0019108248651373426
0.1844397263633889
0.003303094285518691
0.0007008965683406167
0.0005693007966532873
4475128741067284e-20
0.3385900224561455
12101995514880063e-21
2156764179984183e-20
0.008304534799540887
0.006445962086564332
21715984777405723e-24
8723037741240218e-20
0.0030560081720622527
0.13346488720263253
0.030304838217356342
0.00010011313772101911
0.023047054548812874
0.00035412543953382937
0
0.1135461922993053
0.012345983688855876
0.3264045000035781
0.30560929279767973
0.31702808280802136
0.05247307074798652
0.029763151011902234
0.3530556842220183
0.3228163860336004
0.3530534745311218
0.30117966572877025
0.21402100906723262
0.0007652278591955863
0.01574899185265741
0.14196024151384143
0.2719516748878661
0.1378550095356816
0.00029923611697738495
0.0270566163466691
0.25630546499619317
0.11519950829920729
0.16782098966552902
