1.04275912757989
0.08957670399913793
3.495642719155151
0
3.5036828650144196
2515141045118135e-20
3.6624917057340083
0
3.9645830987700257
0
7.85015131925439
0
9.55558293385663
0
12.7829703131817
0
30.428525150518357
17.15782116552032
5.1885792236521215
4.233198847594861
21035552007330875e-41
16.835098526721954
2.3847465573756272
0.021575873924738944
0
0.11764473741564069
0.002439241414709191
0.029939012836323935
0.006942378428215396
0.2809821791950327
0.26265734467346386
0.004680796556661606
0.00044769822550177893
0.04991902463937494
0.005194609088812778
0.0014916609557150307
28296760702336795e-25
0.1286030025949143
0.13821267853317704
0.06421720633139193
0.05658404778659814
0
0.10448140582031702
0
4.462695362492203
3.856735312050267
4.491072780696736
0
5.359336084819497
0
4.427948624289135
0.10911261897826348
32.08989385456069
32.397622242838935
15.143764451785064
48.18425112655215
46.193520327563306
1.5697789376452993
0.002783029843197855
0.015570292413499396
0.9256169076542182
34.71949352763943
0.07558428536299129
0.39515008527718143
2.3871735498340856
1.3452926763030013
32.02930279631995
0
31.837453506063174
0
14.821890662592235
0.0008037462605995719
0.0008125007475363398
0.4352475108581433
6.36676207757467
1.2774762113686144
2.4277503419102566
0
0.00035659617801782833
0.017631712731888283
0.07076255778508063
0.030612687160331012
0.009141825239270387
0.00019767320939841497
0.0001418244393354854
0.001370702692764883
1.997360071139491
0.4421816084608278
0.1458896693362497
0.16807959287453472
0.0053228391942701896
0.07417186933463586
0.007561940558239394
0.0010614648791401403
0.06902279670516615
1.4906060515758475
0.021668097636987734
44685716549837125e-22
0.014914200803741088
0.0010875084623737773
0
0.9137217636016215
0.5207923786661456
0.04502167490591461
0
0.4190807249473993
0.00247053338876892
0.07181350067448822
0
0.00038843205631746715
0
0.1268093073657338
0.739634503110583
0
0
0
0
0.004497055916445529
0.3937160911113056
0.0018389592316545567
0.004116478027810402
0.39669944706637206
0.3626617911203223
0.18125091306785562
0.5612611935460701
0.0024446664344392635
0.4405251817939174
0.0008199275221268589
0.37748450023597635
961149644598165e-21
0.0003600869083516089
0.35429403087025435
0.034692261525031
2557044073089057e-25
0.043059905142747906
0.08320887734846011
0.2184087758818409
0.019877452441127503
0.030075128448587604
0.17263712037540357
0.3179185196113232
0.2575520974583644
0.1599720274814298
0.2671243605564542
1581365330181431e-26
0.21243904403276379
0.21249737246678826
0.4673246178776451
0.5643023752750171
0.00048471744515301977
0.5831135430296993
0.5251249301428911
11.646602613936736
2.0892302798510425
2.792403939068813
0.1043778004946172
0.4856919985061004
2.598931857098651
4.173998939165751
0.6373022483809434
5.167410888993677
7.290478671827987
5.176346770366422
2.4695885643357953
2.961777676881661
0.6074696201163255
31.410173215423097
619.2172649407258
4.002115234074172
5107.034093586759
1.0999861184996464
23.21854067465185
1.172341084510934
45.127935269873255
1.3041381989025327
1.39694496632267
1.099985108197206
0.9244319346510862
1.0883793586026458
58.20789538452924
0
0.0008659694719126717
0.0008568806077265496
0
0.009167229694229926
0.00825581874610768
0.008231891749411495
0.00761576897578702
0.0072991797303074025
0.010000069557563338
0.00734697741713036
0.010495412427439598
0.006311303559888858
0.007970114745077339
0.00980227301210737
0.018100566899007398
0.008396047698314342
0.009309249729797112
0.008794384791762856
0.009726043811780287
0.0055791734807431135
0.012554095805130241
0.019585068490475307
0.013266728296839576
0.008181382393252197
0.0019010068326327377
0.007445312386202707
0.022940962995897825
0.07221299700200641
0.041634550225781095
0.11470432882692912
9119912518906626e-20
0.01011176711284588
0.22646805079981425
4806103402614502e-21
0.07407288501714218
0.010932805519271609
0.001269589066305776
5486350835836968e-21
12044233205010333e-22
0.10266289458108104
0.08927757396832763
0.004144048642542089
0.0405952139473414
0.020272011882345554
0.005784368232766557
0.01211213040780841
0.0004828795810431372
0.3359797290732436
15699130004216387e-25
0.07894093016629736
0.00034191232131850673
0.009632326270098326
0.010920878338139945
0.00015706123992505354
0.00017087450844229063
0.3476014108079971
0.0003935039576690177
0.056848254206532146
0.24359819565509055
13179228048684352e-22
2586165824981139e-21
0.00014472594477335784
12571470090981585e-21
0.000594478463703048
17003067877767554e-21
14432276770526157e-23
10044040610537162e-22
19076980331076105e-21
0.07673125310856964
0.0775426839244787
4349983931260537e-20
0.00021268235645675084
0.019642882393025897
0.008163489215007936
0.09173983204075847
0.020221791228045616
27828851616696025e-21
0.13821288472984705
0.03872715920336985
5573478424843545e-22
0.27918605453550205
44589635290128963e-23
0.0037649104430563618
0.0009825729910914987
22994565953049516e-28
0.28547393603171345
0.3461773555066999
0.018123142833843035
0.27307590429278755
0.35248079955274403
0.007406828909528565
0.19374565575667677
2233218459319543e-25
4630617258151517e-21
0.0006294252753575835
9120658864797271e-20
0.1321772379694148
864560042360771e-21
0.00011181458054091728
0.16397118538455097
0.0009291813064546718
0.011859886715110603
12200744789925371e-21
0.13923267100836803
0.09742681097360037
0.021275771038415683
314690792192543e-19
0.00015344959551815682
12006679588878395e-23
0.013690557589377044
0.16522873651275966
8333314518038854e-24
11103300359420446e-21
9106336210678447e-21
9650236012998187e-20
10586405269468873e-21
0.3088280468488831
0.16392917587504155
0.005156147002608883
0.0015484178505554627
0.041948285083422014
0.005884667226180268
6760409760145987e-20
0.02845451704124603
8323694097532485e-20
0.0007209803808399873
0.08146289754852669
9970378990281923e-22
0.35165105493265175
0.35199837984930926
0.0018282279225242382
0.0005370922018438822
5829910094798439e-24
0.001030823553156263
10390421298436027e-24
0.010283486896660941
0.02936355746722407
0.0009039310737182736
0.00033763675313914533
0.00015455017354975238
26181811213378457e-22
0.00612503954195285
0.030685003253036188
0.02149376320099034
11257175947607787e-24
0.3525342405217837
0.0677150744862168
0
0
8177935616982211e-20
666174479751508e-19
10336382131397824e-22
7596604401785008e-22
0.00019348436218542546
0.009757818270086288
0.005391900496019257
1520423367378542e-23
0.000131499243660727
7328731638390983e-21
0.05669168142858102
0.013415237524200043
0.10118757862761775
38456358519747915e-23
0.06097601545748669
0.007691519303783661
0.00012014402851146381
0.12484031189011087
0.00029642883509918517
18549559457235816e-29
8514847547546697e-20
37361570461712046e-22
0.00012471632793319937
0.016358647022541993
0.0039044694595472013
0.00016355198261642712
0.0001521159184577768
3799874511128545e-24
0.000514489106643974
0.02296971643785569
131351335675031e-22
0.0018060096462183288
0.0018009540708233908
44187433341478805e-21
0.10899671670719271
43372458238183175e-21
0.31513957625587014
0.001910821692625913
0.18440201614792642
0.003303084791796174
0.0007008961420354949
0.0005693005154394628
4475128567396508e-20
0.3383822066758365
12101995387876797e-21
21567641396465405e-21
0.008304474472069688
0.006445925811664973
21715984776996788e-24
8723037081351965e-20
0.0030560000476657183
0.13344669271155501
0.0303040154429899
0.00010011312902895605
0.023046582474683663
0.00035412533074860315
0
0.11353339118470898
0.012345849781583021
0.32622684633021626
0.3054683557266065
0.3168685694912128
0.052470540765665076
0.02976235786592831
0.35276591093365267
0.32264605663185286
0.3527556366845026
0.30104516067953974
0.2139673226986555
0.0007652273510087979
0.01574877315503403
0.14193939525827395
0.2718521227146628
0.13783547206871263
0.00029923603930639444
0.02705596285441537
0.2562207248314017
0.11518630152420334
0.16779064266590138
