1.0430225943357547
0.08556110475868205
3.4316513956719774
0
3.439603356055617
24690184363692016e-21
3.5955819147576786
0
3.892239579351242
0
7.709761401655921
0
9.549735189151594
0
12.757573341371806
0
30.425583661824113
17.19109932232893
5.1257738658538825
4.2361759867687825
17507555083749016e-41
16.83864172220183
2.3846824292071167
0.02120063402849188
0
0.11722048983498802
0.002435418592347542
0.029857491576091164
0.006942355747747635
0.28019479451467816
0.26194275389853916
0.004610848830124786
0.0004394248839058432
0.04977530918796221
0.0051170286082906176
0.001465091157023247
2777244728935861e-24
0.12821259422826864
0.13786890616899472
0.06433802216131794
0.056826733110465565
0
0.10446551496088091
0
4.459209897640796
3.859592707248522
4.491946557241236
0
5.360444634165366
0
4.428408851634434
0.1065744032892247
32.06472659029723
32.36794003982647
15.090524861686019
48.15066065741965
46.03356530746505
1.5695442923112157
0.002673850340855855
0.01561137781630441
0.8901702189826395
34.720850043863344
0.0755081228856909
0.39379362047244415
2.387249431342746
1.3472301970316432
32.04594473515643
0
31.860293419172965
0
14.822310025322645
0.0007724054960728477
0.0007803791921363644
0.4172188939105416
6.36704033531364
1.277443929531183
2.427619494848665
0
0.0003567098520438588
0.01765081346755534
0.07075952058548128
0.030610535986382196
0.009150174282149193
0.00019742784478145995
0.00014167176893805955
0.0013718192495940891
1.9974192923927914
0.4422014247281743
0.14550278705876676
0.16794476186588203
0.005323110979917884
0.07418344898356397
0.007568941197881784
0.0010533053916976177
0.06894743006833282
1.4879708945412702
0.021656609489300784
4423637764905652e-21
0.014802259796692478
0.0010862391550434901
0
0.9136268383316835
0.5207519309643199
0.04505509289547153
0
0.4190649883885988
0.002591626147697115
0.07181054892820284
0
0.00038810807361002077
0
0.12680750577670674
0.7395252735627975
0
0
0
0
0.004429930464416274
0.3937024546317628
0.001825264827387664
0.004103570911817143
0.39668091784535364
0.36257525873401986
0.18122814270214888
0.5612846643829005
0.00234722582509058
0.4415724132192459
0.0008200672764487964
0.37755380009567335
9611376825551275e-22
0.00034564209924666954
0.3546038815576963
0.034595023840011625
25396449928407653e-26
0.04490522082417854
0.08314471960453364
0.2183969503269671
0.019880217648438853
0.030080754715578736
0.1725219572559593
0.31775849518755933
0.25753755589028987
0.15999265072593272
0.26710615097226825
15705600839517284e-27
0.2123889027729276
0.21244753529941937
0.46730307638275337
0.5642869989571484
0.0004840131531320747
0.5823994689428342
0.5251966292711965
11.64675964703417
2.089272806783111
2.7924845223101684
0.10437232938860509
0.48569772875907774
2.5990231656291107
4.174197513798411
0.6372804893784914
5.166954703625972
7.289596972964534
5.175752001792723
2.4696203344803584
2.9613826593674197
0.6075083212762622
31.40979012302864
619.2171720080602
4.002115186885127
5106.081524864236
1.0999861149923256
23.21854054271286
1.1723384969815962
45.12785810934866
1.3041398096168286
1.3969449348540344
1.0999851046890627
0.924395953095687
1.0883703805800096
58.26286213250174
0
0.0008659490676055513
0.0008568868246478002
0
0.009166998336304473
0.008254626036193436
0.008230211173613203
0.007613046249283502
0.007297595930198709
0.009999102179838173
0.007344709933581925
0.010494815334319577
0.00630906000311274
0.007968604756441509
0.00980101734388172
0.018099126009030492
0.008394184796750866
0.009308204228953672
0.008792633796958185
0.009725038376728806
0.005579925775237408
0.012552645713896974
0.01958186301408402
0.013265130771656648
0.008180314373997586
0.0019010058786166884
0.007445297666825081
0.022940820895674615
0.07221150613396925
0.04163407229799481
0.1147003526810972
9119912299753096e-20
0.01011173988535132
0.22644929843604794
4806103396528751e-21
0.07407131275639652
0.010932773662853317
0.0012695886410719413
5486350827906561e-21
12044233201188387e-22
0.10265976123716765
0.08927524570716934
0.004144044098313914
0.04059476012184898
0.020271901245629272
0.00578435936380371
0.012112091258691246
0.00048287951957893226
0.33591868597152097
15699130004209892e-25
0.07893913359465835
0.00034191229050719397
0.009632301575938083
0.010920846551596006
0.00015706123342472964
0.00017087450074819167
0.34752786183009704
0.00039350391685566356
0.05684734726522099
0.24357564310775104
13179228044108138e-22
25861658232190018e-22
0.00014472593925405591
12571470049342262e-21
0.0005944783705349077
17003067801596826e-21
1443227676997738e-22
10044040607879234e-22
1907698023519043e-20
0.07672956038954272
0.07754095346386383
4349983881404147e-20
0.00021268234453650873
0.019642778587926048
0.008163471505526978
0.09173736574076805
0.020221681144839573
27828851412649596e-21
0.13820691330430027
0.03872674706082947
557347842402512e-21
0.27915345581856627
4458963528489062e-22
0.0037649066937870653
0.0009825727364666166
22994565953049503e-28
0.28543916694426846
0.34610583157604086
0.01812305461552468
0.2730452829618204
0.35238794481258695
0.007406814342515014
0.19373279458389409
22332184593194116e-26
46306172525020725e-22
0.0006294251709097643
912065864560787e-19
0.13217182518096737
8645600421638389e-22
0.00011181457724653998
0.16396243620932216
0.0009291810787626045
0.011859849189754482
12200744750705691e-21
0.13922660189463665
0.09742400865426502
0.02127564904078343
3146907895833383e-20
0.00015344958931337073
1200667958849858e-22
0.013690507487069854
0.1652198343215833
8333314518020558e-24
11103300326939025e-21
9106336188830164e-21
9650235767614665e-20
10586405239941306e-21
0.30878367450294103
0.16392043178200205
0.005156139960158407
0.0015484172178458506
0.04194779975162541
0.0058846580460093926
6760409639724919e-20
0.028454297096830835
8323693914976642e-20
0.0007209802437835531
0.08146097827155498
9970379136233063e-22
0.3515691827954737
0.3519152968331396
0.0018282270402249744
0.0005370921257995495
58299100947894845e-25
0.0010308232728958502
10390421298407584e-24
0.010283458731397948
0.029363323008664708
0.0009039308582386794
0.00033763672309373137
0.0001545501672556354
261818111953181e-20
0.006125029593971423
0.03068474684019069
0.021493638660936343
112571759475744e-22
0.35244171588079565
0.06771377076049823
0
0
8177935440764226e-20
6661744680583459e-20
1033638212858292e-21
7596604400264583e-22
0.0001934843523202414
0.009757792924908444
0.00539189279293057
15204233673724517e-24
0.00013149923910422162
7328731624239995e-21
0.05669077964358865
0.013415189430977447
0.10118454068274262
3845635851585152e-22
0.060974966883871495
0.007691503590710122
0.00012014402470795337
0.12483553430028262
0.0002964288119411886
18549559457235816e-29
8514847356509413e-20
3736157042493492e-21
0.00012471632383466164
0.01635857528316652
0.003904465426576202
0.00016355197556768665
0.00015211591236038584
3799874511124741e-24
0.0005144890368671366
0.02296957397671491
13135133567457644e-24
0.0018060087852537707
0.0018009532146768242
44187432827028554e-21
0.1089931544720299
4337245774253497e-20
0.31509204791455897
0.0019108207287233988
0.1843905601874112
0.0033030819073256324
0.0007008960125113405
0.0005693004299983463
44751285146301494e-21
0.3383190913136848
12101995349289418e-21
2156764127390762e-20
0.00830445614287214
0.006445914790309482
21715984776872542e-24
8723036880858251e-20
0.0030559975792361087
0.13344116517401683
0.030303765464031795
0.0001001131263880483
0.023046439046404067
0.00035412529769641467
0
0.11352950211030405
0.012345809096848896
0.32617288900208097
0.30542554771765323
0.31682012048878083
0.052469772105768545
0.029762116888721105
0.3526779162863434
0.32259432328460935
0.35266519444361505
0.3010043059346558
0.2139510138468627
0.0007652271966065673
0.015748706708777333
0.14193306215067583
0.2718218830152468
0.13782953655222377
0.0002992360157076358
0.02705576430711179
0.25619498379267197
0.11518228921211025
0.16778142342963795
