1.0430721826333658
0.08482559180900948
3.419731122654406
0
3.427667262750413
2460428490798693e-20
3.583118123330085
0
3.878762787854565
0
7.683608918107421
0
9.548655467601979
0
12.752804298413924
0
30.425035042453775
17.197354179790416
5.11402898685449
4.236716519748514
16912676052816238e-41
16.839300019798884
2.384670131239019
0.021130678699409402
0
0.11714066175305449
0.002434692989016821
0.02984216797497028
0.006942351479210006
0.280046798925827
0.2618084314702852
0.004597793109235092
0.00043788530931176424
0.04974829909429477
0.005102548323118647
0.001460145005228522
27674836803625436e-25
0.1281390164294096
0.13780401769332368
0.06436041571192616
0.05687197368174339
0
0.10446245182589871
0
4.458554504217008
3.8601290833387156
4.492101583593629
0
5.360653088315058
0
4.428489864611801
0.1061168011222773
32.05995458794455
32.36231254779553
15.080478652015211
48.14446234412797
46.00732046217937
1.5694984144963684
0.002654599155999101
0.01561997326250527
0.8839127110704715
34.72110121187679
0.07549380321185008
0.39353781156526124
2.3872606688307214
1.347593737193761
32.049004962287576
0
31.864500151297605
0
14.8223896967601
0.0007668613434075617
0.0007746940397609449
0.4140360191382511
6.367089206601138
1.2774379183912992
2.4275948683646607
0
0.00035673042282457427
0.017654349862537687
0.07075893972073816
0.030610129570425654
0.009151725024856583
0.00019738186814404672
0.00014164316410484655
0.0013720286768743816
1.9974302607880825
0.4422051265690149
0.1454299497030597
0.1679194278889543
0.005323148134818355
0.07418555698462571
0.007570246998160033
0.0010517744172808016
0.06893326806675511
1.4874746595888262
0.021654447067355604
44152201326958675e-22
0.014781246611291753
0.001086000786154082
0
0.9136089511821377
0.5207442467527953
0.04506128111618291
0
0.41906198139485407
0.0026144983218342804
0.07180995183544574
0
0.0003880482321097135
0
0.12680716669462977
0.739504716379003
0
0
0
0
0.0044174086111646235
0.39369988182420673
0.001822694839206239
0.004101141129248339
0.3966774302054899
0.36255895855637577
0.18122386145361358
0.5612884642536007
0.0023300223923313256
0.441769013733691
0.0008200938484155309
0.37756696361758957
9611354312990046e-22
0.000343092196225067
0.35466192794034457
0.03457674463151415
25363832740910734e-26
0.04525135058267195
0.08313266293783839
0.21839472424145437
0.019880735023529123
0.030081810779446626
0.17250028384163651
0.3177283820143666
0.2575348189878053
0.15999651988292002
0.26710269686742144
15685344030256416e-27
0.2123794367854569
0.21243812630041806
0.4672990208589024
0.5642841047144432
0.00048388315192718383
0.5822677247700245
0.5252100862700388
11.646787957527014
2.089280799689071
2.7924996462955995
0.10437129735657474
0.4856987619624139
2.5990403269776627
4.174234782866847
0.6372763835992766
5.166868600934045
7.28943063349745
5.175639688277765
2.469626302124755
2.9613082527741255
0.6075155585070247
31.409716693417742
619.2171545167746
4.002115178003458
5105.902257364336
1.0999861143321965
23.21854051788001
1.1723380099713616
45.12784358662393
1.3041401126143468
1.3969449289311409
1.0999851040287787
0.9243891808678413
1.088368690793076
58.27310640430625
0
0.0008659451390138307
0.0008568879927107528
0
0.009166954700137094
0.008254400557242074
0.008229893909223296
0.007612533009753569
0.00729729678639749
0.009998919387622996
0.007344282364239111
0.010494701750457714
0.006308637078852026
0.00796831958581046
0.0098007798432294
0.01809885264192625
0.00839383320137213
0.009308006366754756
0.00879230323136121
0.00972484798819355
0.005580066133523122
0.012552371347371478
0.01958125733674894
0.01326482852998409
0.008180112386606481
0.0019010056990569658
0.007445294896426142
0.0229407941504323
0.07221122553423709
0.041633982345607466
0.11469960432769837
9119912258505198e-20
0.010111734760746742
0.22644576914049908
4806103395383323e-21
0.07407101683765589
0.010932767667019758
0.0012695885610367289
5486350826413942e-21
1204423320046904e-21
0.10265917150670026
0.08927480750114963
0.004144043243024253
0.040594674705819775
0.02027188042224832
0.005784357694536681
0.012112083890268846
0.00048287950801047063
0.3359071980070228
15699130004208672e-25
0.07893879545816651
0.0003419122847080545
0.009632296928142962
0.01092084056891379
0.00015706123220127362
0.00017087449930004974
0.34751402057679864
0.00039350390917399376
0.056847176567216856
0.24357139862190708
13179228043246826e-22
25861658228873414e-22
0.00014472593821524256
12571470041505132e-21
0.0005944783529993025
1700306778726038e-20
14432276769874092e-23
10044040607378972e-22
19076980217143346e-21
0.07672924179923529
0.07754062777018006
4349983872020445e-20
0.00021268234229294486
0.01964275905034907
0.008163468172347891
0.09173690155444529
0.020221660425636837
27828851374245075e-21
0.1382057894235076
0.03872666949006475
557347842387108e-21
0.2791473206888013
4458963528390469e-22
0.0037649059881201545
0.0009825726885424964
229945659530495e-26
0.28543262336692293
0.34609237137851356
0.01812303801159467
0.27303951996335335
0.35237047092755874
0.0074068116007931705
0.19373037401850246
22332184593193868e-26
4630617251438765e-21
0.0006294251512511587
9120658604353218e-20
0.13217080643978601
8645600421267734e-22
0.00011181457662648999
0.16396078953875814
0.0009291810359076329
0.011859842126946792
12200744743323975e-21
0.13922545962823193
0.09742348122578522
0.021275626079122607
3146907890922478e-20
0.00015344958814553924
12006679588427093e-23
0.013690498057103215
0.16521815885261015
8333314518017114e-24
11103300320825546e-21
9106336184717999e-21
9650235721429897e-20
10586405234383787e-21
0.3087753236912521
0.16391878606793314
0.0051561386346672825
0.0015484170987606746
0.04194770840570943
0.005884656318168542
6760409617059912e-20
0.028454255700264518
8323693880616962e-20
0.0007209802179875301
0.08146061704060883
9970378987169888e-22
0.351553775393181
0.35189966158706165
0.0018282268741633937
0.0005370921114868949
58299100947877995e-25
0.0010308232201467493
10390421298402229e-24
0.01028345343029206
0.02936327888034336
0.0009039308176822734
0.00033763671743874523
0.00015455016607099053
26181811191918877e-22
0.0061250277216176
0.030684698579781795
0.02149361522075702
11257175947568116e-24
0.3524243041054333
0.06771352538305303
0
0
8177935407597425e-20
6661744658575216e-20
10336382128053116e-22
7596604399978416e-22
0.00019348435046346948
0.00975778815458257
0.005391891343097824
15204233673713052e-24
0.00013149923824662068
7328731621576571e-21
0.05669060991606522
0.013415180379148696
0.10118396890727507
3845635851511817e-22
0.06097476952899424
0.0076915006332834105
0.00012014402399207708
0.12483463510843229
0.0002964288075825151
18549559457235816e-29
8514847320553402e-20
3736157041801293e-21
0.00012471632306325692
0.016358561780801785
0.003904464667512529
0.0001635519742410106
0.00015211591121276768
3799874511124026e-24
0.0005144890237341162
0.022969547163543005
13135133567449087e-24
0.001806008623207692
0.0018009530535375614
44187432730201494e-21
0.10899248402027992
4337245764924672e-20
0.31508310318701405
0.0019108205473028995
0.18438840408764073
0.003303081364426362
0.0007008959881330025
0.0005693004139170798
4475128504698749e-20
0.33830721339568204
1210199534202671e-20
21567641250840454e-21
0.008304452693053556
0.006445912715931259
21715984776849156e-24
8723036843122401e-20
0.003055997114641769
0.13344012483619414
0.030303718414565615
0.00010011312589099082
0.0230464120512035
0.0003541252914755097
0
0.11352877014450595
0.012345801439401765
0.32616273444157734
0.3054174912949852
0.3168110025061553
0.05246962743399071
0.029762071533503718
0.35266135686103783
0.3225845872394514
0.352648174483921
0.300996617094014
0.2139479444213829
0.0007652271675458123
0.015748694202651153
0.1419318701987788
0.27181619183759487
0.13782841942977322
0.00029923601126600444
0.027055726937767706
0.2561901392418068
0.11518153405190798
0.16777968829115145
