1.0473800280740766
0.0400261868909579
2.5215023635870315
0
2.528867502667016
18146903574049847e-21
2.6441562454322067
0
2.8628334495601058
0
5.711521372061854
0
9.477905668422183
0
12.352374363613563
0
30.38337011932547
17.729255700434376
4.181647838405332
4.266196560818404
8255992237768838e-42
16.893850324902814
2.383356925845583
0.015805675040187133
0
0.11025071318598781
0.002364828256180547
0.028535303006464147
0.0069419810408064804
0.2674351759093587
0.25035239319968383
0.003585637851671768
0.00032268862170085953
0.0474494347869605
0.003980003600605654
0.001089250238914537
20341320424498748e-25
0.12165446652871197
0.13196535155993472
0.06603992357469812
0.06031077689007888
0
0.104110426761325
0
4.402835977765612
3.904813225471091
4.499107433776474
0
5.378346717053565
0
4.432377403987793
0.07917078019778928
31.610132239591874
31.83282898312951
14.182731728201485
47.74261273015116
43.996358808045706
1.564583024942697
0.0017088727615775774
0.016143470785872832
0.5736327876699683
34.73834783564786
0.07426565672382969
0.3719938217162799
2.3865079073630566
1.377806865764829
32.25001223773344
0
32.139415332061695
0
14.829993088905143
0.0004883127140519873
0.0004908965557582071
0.2568033780500965
6.3693622092615065
1.2769806533711987
2.425456533405269
0
0.00035777989452071094
0.017921323745179758
0.07069828832488098
0.030573049615451403
0.009267716402290717
0.0001935655251809923
0.00013926492669129748
0.0013893606200955293
1.9981875717109354
0.4424937926786124
0.1391472358987409
0.16577277049392417
0.005315142014647684
0.07428714246178614
0.007669817886361373
0.0009246507057808327
0.06773252426385935
1.4449951755931039
0.021466864061167632
37312167008351897e-22
0.013029832566073079
0.0010659495250811178
0
0.9120310315370508
0.5199994135645861
0.04550754704214146
0
0.4187469223267052
0.0046511839782635315
0.0717379775200337
0
0.00038409640263575417
0
0.12677771377197494
0.7377205231732156
0
0
0
0
0.003452119710213838
0.39346861580626313
0.0016087489582080172
0.0038898042468144332
0.3963742433954043
0.36112864572408365
0.1808579145202152
0.5612710315369212
0.0014786133101333937
0.4582207151063432
0.0008227154985749252
0.378850859101596
960940101680561e-21
0.00021704202936907068
0.3593763738171101
0.03301639640502577
22682203351821963e-26
0.07327826949800471
0.08210679659845246
0.21820093240524588
0.01992225454532593
0.03017036409784248
0.17061983460670382
0.315119516074214
0.25729713750711786
0.1603190478336859
0.26677340045139564
14019239466882752e-27
0.2115257148721845
0.21158869208164435
0.46694542433884595
0.5640324387993796
0.00047510973871396953
0.5736183879351523
0.5263382400309554
11.647883621576437
2.089961374714759
2.7937612652890946
0.10427878751396068
0.4857389022274825
2.600501522966863
4.177343960758505
0.6369067146223623
5.1591550858572885
7.274618189352595
5.165492118585733
2.4701302692698004
2.954815284142701
0.6080928760119396
31.402134235886557
619.2156350118718
4.002114406433269
5090.352890246028
1.0999860569853201
23.218538360595467
1.172295703083864
45.12658198314163
1.3041662323908971
1.3969444143528313
1.0999850466684518
0.9238008960953795
1.088221905244208
59.056551941018235
0
0.0008655046867782455
0.0008569865869288544
0
0.009163046796394325
0.008233759328694556
0.008201325586804696
0.0075671371842285055
0.007270181741186032
0.009982293976153142
0.007306308472668953
0.01048356294350082
0.00627122322618735
0.007942518779882871
0.009778912327803469
0.01807280174200079
0.008362267435914207
0.009289670367444063
0.008762530527715591
0.00970708586773523
0.005590867620177132
0.012527017075552777
0.019526136398547066
0.013236913486400714
0.00816153807592314
0.0019009901003701661
0.0074450542296578825
0.022938470850896425
0.07218685337414088
0.04162616872387223
0.11463461183994078
911990867520936e-19
0.01011128958488911
0.2261393812576805
4806103295877501e-21
0.07404531423184772
0.010932246808205485
0.0012695816082195046
54863506967468615e-22
12044233137977829e-22
0.10260795324069152
0.0892367477804841
0.004143968942787421
0.04058725511177879
0.020270071530581003
0.005784212683444789
0.01211144379617491
0.0004828785030335986
0.3349107111023591
1569913000410251e-24
0.07890942631851522
0.00034191178092431607
0.009631893172427993
0.010920320852544347
0.000157061125916971
0.00017087437349679326
0.3463137018819951
0.0003935032418508644
0.05683234960904453
0.24320295288332447
1317922796842287e-21
25861657940752992e-22
0.00014472584797125109
12571469360676322e-21
0.0005944768296443357
17003066541821633e-21
1443227676090125e-22
100440405639202e-20
1907697864935296e-20
0.07670157020073076
0.0775123392580258
4349983056837524e-20
0.000212682147389664
0.019641061851856895
0.008163178616879447
0.09169658562215381
0.02021986058354823
278288480379592e-19
0.1381081902802004
0.038719931338628936
5573478410489327e-22
0.2786148626739123
4458963519825452e-22
0.003764844685774703
0.0009825685252767577
2299456595304927e-27
0.2848647404663242
0.344925049935776
0.018121595649414315
0.27253933948295483
0.35085577827426495
0.007406573425206938
0.19352020952468033
22332184593172371e-26
4630617159066846e-21
0.000629423443466818
9120655020470837e-20
0.13208233609667017
864560038906811e-21
0.0001118145227613846
0.16381780271573382
0.0009291773130087032
0.011859228581225257
12200744102057835e-21
0.1391262641724629
0.09737767324021236
0.02127363144328202
3146907464301307e-20
0.0001534494866934611
12006679582216897e-23
0.013689678879769011
0.16507267197700515
833331451771796e-23
11103299789734102e-21
9106335827484987e-21
9650231709257495e-20
10586404751589717e-21
0.30805073148064677
0.16377588228063084
0.0051560234876127636
0.0015484067536021846
0.04193977374248896
0.00588450621873645
6760407648100797e-20
0.028450659718557997
8323690895715873e-20
0.0007209779770333018
0.08142924222000116
9970378944346225e-22
0.3502178741543246
0.3505440410910346
0.0018282124480829929
0.0005370908681162857
5829910094641385e-24
0.0010308186377256101
10390421297937145e-24
0.010282992921891483
0.029359445608268052
0.0009039272944642378
0.0003376362261779134
0.00015455006315829748
26181810896620775e-22
0.00612486506827114
0.030680506380675862
0.021491579017936472
11257175947022216e-24
0.35091498313823255
0.06769221229345788
0
0
8177932526324236e-20
6661742746670718e-20
10336382082027696e-22
7596604375118509e-22
0.0001934841891616427
0.009757373754690466
0.0053917653943982395
15204233672717203e-24
0.0001314991637449449
7328731390199102e-21
0.05667586724886622
0.013414394050012223
0.1011343098339179
3845635845140977e-22
0.060957627310760126
0.007691243719403266
0.0001201439618023315
0.12475654503332707
0.0002964284289351198
18549559457235816e-29
8514844196975519e-20
3736156981668408e-21
0.0001247162560496341
0.01635738884295509
0.0039043987265302725
0.00016355185898976087
0.000152115811516666
37998745110618225e-25
0.0005144878828407677
0.02296721796326855
13135133566705839e-24
0.0018059945459607822
0.001800939055067312
44187424318620525e-21
0.10893425612759915
43372449545090874e-21
0.31430702323997645
0.001910804786967324
0.18420119511241015
0.003303034201902755
0.0007008938703359293
0.0005692990169035057
4475127641936037e-20
0.3372769423887754
1210199471109908e-20
21567639246944514e-21
0.008304153005128379
0.006445732512640281
21715984774817634e-24
8723033564926038e-20
0.0030559567545702464
0.1333497793314977
0.030299631401846425
0.0001001130827105154
0.02304406703891897
0.0003541247510521042
0
0.11346520066076163
0.012345136238106671
0.32528179080274094
0.30471842248353465
0.3160199038835317
0.05245706099804337
0.02975813168893408
0.35122576652214343
0.3217399159559813
0.3511727436348232
0.30032941953740067
0.21368146462517068
0.0007652246429777581
0.01574760780562588
0.14182836089000497
0.27132224113687314
0.13773140707483889
0.0002992356254118829
0.027052480776927006
0.25576963182414825
0.11511595050312308
0.167629021430572
