1.0471450142202752
0.04170204936240147
2.5640484034287
0
2.571409304805773
1845209839540878e-20
2.688616780179459
0
2.910964332381486
0
5.804994009952385
0
9.480720867875984
0
12.373492703196506
0
30.385340884778834
17.70086387620159
4.228218773746467
4.265187979392518
974145913299458e-41
16.890873348560156
2.383439325651705
0.0160604351868068
0
0.1106235080526854
0.002368962726597699
0.02860535052681982
0.0069420012277541816
0.2681106800025934
0.25096645419643804
0.003635001032421478
0.00032813257702611
0.04757242462084656
0.004034749483569798
0.001106782097186765
20688572528698963e-25
0.12201186185446661
0.13229312167756063
0.0659551887076488
0.060145861433988236
0
0.10413390902741135
0
4.4058116057417696
3.9024892571804917
4.498921288744134
0
5.377407734934364
0
4.432259583405405
0.08017139678219316
31.636340830030445
31.863622642551377
14.232784682489624
47.758358187803765
44.09035753393169
1.5648776178852961
0.0017385320477674641
0.01612131034410064
0.5834559927014924
34.73762121400629
0.07433195740161042
0.373085935942578
2.386601292418985
1.3762279108040214
32.24152866642969
0
32.128119987666615
0
14.829550389112603
0.0004972541968683673
0.000499976995030885
0.2617716474256187
6.3692974700493235
1.2770027922736509
2.425573137886983
0
0.0003577506073604518
0.01790740997567935
0.07070206258694854
0.030575157928527913
0.009262110565146317
0.00019376615959872193
0.00013939030839181513
0.001388458025291401
1.998155087719147
0.4424796852597658
0.13948633531992402
0.1658870680268273
0.005315974634586525
0.07428553920500802
0.007665071993953158
0.0009312827809745077
0.06779646476984202
1.4472617766060758
0.02147706091036988
37661591611012857e-22
0.01312145486443391
0.0010670097935633557
0
0.9121182814279188
0.5200436227280436
0.045486691580254854
0
0.4187668077040308
0.004538668395349165
0.07174240690626198
0
0.0003842557072561199
0
0.12677932037108663
0.7378177776502658
0
0
0
0
0.0034990532857451214
0.39348163739028325
0.0016199377570509754
0.0039013324440054257
0.39639079443536684
0.3612072873990737
0.18087755506140718
0.561282389036051
0.0015055256560160648
0.4573555462098668
0.0008225570056344547
0.3787738922910726
9609507441862486e-22
0.0002210230016840398
0.3591356673769271
0.03310008736632423
22821010675040042e-26
0.07186208785157085
0.08216172098170679
0.2182115250849711
0.019920146525921407
0.030165678353214008
0.170722301944588
0.31526147342951627
0.2573100984073809
0.16030206175673548
0.2667926743513986
14105507016102114e-27
0.21157370650456464
0.21163649257859016
0.4669647779715419
0.5640461805119009
0.0004754827158879089
0.5739699378081323
0.5262785081177849
11.647885206557959
2.089924953465966
2.7936951068672085
0.10428398328408155
0.48573894473760254
2.600423329797549
4.17718090810754
0.6369275596368006
5.159584533394566
7.275438668821129
5.166062482648617
2.4701035168260055
2.9551686626083105
0.6080636955923175
31.402590989445176
619.2157179081348
4.00211444852616
5091.199961081964
1.0999860601138702
23.218538478285794
1.172298011090312
45.12665080881842
1.304164817890639
1.3969444424277904
1.0999850497977348
0.9238329881301971
1.0882299125980681
59.018754069175735
0
0.0008655333309022061
0.0008569813716952715
0
0.00916326624701132
0.008234930840142384
0.008202927178060163
0.007569647454531044
0.0072717107023606295
0.009983232233644708
0.007308415099469039
0.010484225190567536
0.00627329225516524
0.007943970683823688
0.009780158555235185
0.018074322320934155
0.008364033170017693
0.009290720050431526
0.008764199854378709
0.009708107740580887
0.005590343499937916
0.01252846545904187
0.019529251651699244
0.013238507950201834
0.008162595578773614
0.0019009909513508546
0.007445067358996246
0.022938597592081614
0.07218818278146823
0.04162659495699906
0.11463815654531238
9119908870695485e-20
0.01011131387088496
0.2261560855060013
4806103301306027e-21
0.07404671620356672
0.010932275222939032
0.0012695819875284105
5486350703820829e-21
12044233141387026e-22
0.10261074678629019
0.08923882370425384
0.0041439729961912026
0.04058765985162982
0.020270170210228415
0.00578422059440913
0.012111478715538594
0.0004828785578599053
0.33496499797787954
15699130004108301e-25
0.07891102826563791
0.00034191180840814227
0.009631915198823237
0.010920349204954096
0.00015706113171529314
0.00017087438035996843
0.3463790780356714
0.00039350327825654716
0.056833158391754665
0.2432230390035575
13179227972504879e-22
25861657956471357e-22
0.0001447258528944969
12571469397818834e-21
0.0005944769127506339
17003066609766354e-21
1443227676139076e-22
10044040566291085e-22
19076978734883522e-21
0.07670307956318848
0.07751388226732364
43499831013097004e-21
0.0002126821580225783
0.01964115443848094
0.008163194413269183
0.09169878459471739
0.020219958769528566
2782884821996976e-20
0.13811351300871705
0.0387202989072203
5573478411219367e-22
0.2786438846299718
4458963520292715e-22
0.0037648480300891073
0.0009825687524026329
22994565953049285e-28
0.2848956920737327
0.3449886313212155
0.01812167433430349
0.2725666031076572
0.35093824393275225
0.007406586418642355
0.19353166913470596
22332184593173545e-26
4630617164106182e-21
0.0006294235366346139
912065521598896e-19
0.13208716105523083
8645600390824755e-22
0.00011181452569998658
0.16382560012334282
0.0009291775161105043
0.011859262052300335
12200744137042011e-21
0.1391316739423758
0.09738017173234954
0.02127374025551459
31469074875755586e-21
0.00015344949222816207
1200667958255569e-22
0.013689723568599961
0.16508060568646585
8333314517734281e-24
11103299818707715e-21
910633584697378e-20
965023192814091e-19
10586404777928472e-21
0.30809021761094085
0.16378367516115067
0.005156029769376519
0.0015484073179789523
0.041940206578126464
0.005884514407289435
6760407755517047e-20
0.028450855885073373
8323691058556671e-20
0.0007209780992880399
0.08143095355689149
9970378946682465e-22
0.35029062295113766
0.3506178619004495
0.0018282132350926827
0.0005370909359481063
58299100946493725e-25
0.0010308188877183743
10390421297962518e-24
0.010283018044325498
0.029359654718937894
0.0009039274866725086
0.00033763625297855503
0.00015455006877268206
2618181091273072e-21
0.00612487394168836
0.030680735070690007
0.021491690097697188
11257175947051998e-24
0.35099715696231365
0.06769337485280048
0
0
8177932683511631e-20
6661742850974363e-20
10336382084538606e-22
7596604376474736e-22
0.0001934841979614359
0.009757396361759773
0.0053917722654345445
15204233672771532e-24
0.00013149916780937142
7328731402821864e-21
0.05667667143395363
0.013414436946890177
0.10113701834848605
3845635845488537e-22
0.06095856237757389
0.007691257735079666
0.00012014396519508279
0.12476080396545353
0.0002964284495921585
18549559457235816e-29
8514844367381807e-20
37361569849489485e-22
0.0001247162597055512
0.016357452830232207
0.0039044023239018246
0.00016355186527727318
0.00015211581695556998
3799874511065216e-24
0.0005144879450819658
0.022967345026344402
13135133566746388e-24
0.0018059953139400197
0.0018009398187489244
44187424777513005e-21
0.10893743193904899
43372449987211824e-21
0.3143493128230933
0.0019108056467666856
0.18421140336602948
0.0033030367748297013
0.000700893985871862
0.0005692990931172807
4475127689003921e-20
0.33733306766489896
12101994745519239e-21
21567639356266747e-21
0.008304169354278709
0.006445742343473531
21715984774928463e-24
8723033743767511e-20
0.003055958956394072
0.13335470653892137
0.030299854353988676
0.0001001130850662192
0.023044194964554243
0.0003541247805347997
0
0.11346866776613691
0.012345172527137956
0.3253297891285358
0.3047565187777772
0.31606301115907476
0.05245774648042468
0.029758346613105238
0.35130393400867577
0.3217859397780502
0.35125307610876305
0.3003657802284724
0.21369599382650195
0.0007652247807049702
0.015747667071917822
0.1418340058773386
0.27134916537857023
0.13773669780771117
0.00029923564646208305
0.027052657860693944
0.25579255473199
0.11511952744042912
0.167637237547888
