1.0478500557816794
0.03687339695213509
2.4384366601645344
0
2.445820496433897
1755123592265981e-20
2.5573589517248903
0
2.7688643833798503
0
5.529011620677332
0
9.472578292180113
0
12.310395661038545
0
30.379531690062233
17.78580941548051
4.089915936452593
4.268077955326842
5928904873505025e-42
16.89983089193058
2.383189156672373
0.015307509074411836
0
0.10950648419755912
0.0023564577596733804
0.028395641863169233
0.006941940675757194
0.26608850334288603
0.24912806772818516
0.003488801394309759
0.00031205619116062233
0.047204292480505686
0.0038726076499182352
0.001055017804704136
19663148870754914e-25
0.1209388398233884
0.13130703093567855
0.0662089086202418
0.060633878571507385
0
0.10406203412709258
0
4.39690859618945
3.909413518006171
4.499441937616714
0
5.380214355027973
0
4.432594283361818
0.07728782952215799
31.557173482409887
31.77062755338348
14.082312541276266
47.71290587486074
43.819825749398085
1.5639890866274182
0.0016539876096155247
0.01618883018711272
0.5554364475145457
34.73973407282238
0.07413326041427597
0.3698532849690904
2.3863105517017353
1.3809411187163647
32.26637840490156
0
32.16105300611366
0
14.83088634748302
0.00047171836677114567
0.00047405795458222073
0.24759439162924082
6.369479806657731
1.2769371849802915
2.425223342438038
0
0.00035783183027663696
0.017949307835665663
0.07069060260221056
0.030568805742013528
0.009278751333989296
0.00019316662781334023
0.00013901549855497864
0.001391151404972101
1.9982499912704017
0.44252145545152316
0.13847061062594757
0.16554515958374513
0.005313391624284157
0.07428907354510769
0.007679081229557007
0.0009114922469827945
0.06760520475929653
1.4404838075126092
0.021446492083388564
36621356682942964e-22
0.012847980642334892
0.0010638405906171838
0
0.9118561525331267
0.519909890218286
0.045548415646710146
0
0.41870624062279804
0.004876354210936849
0.07172904752568145
0
0.0003837940607879096
0
0.12677450064698387
0.737526041612807
0
0
0
0
0.003360055106225429
0.3934424295437371
0.0015865406226039578
0.0038667539541971494
0.39634113754742856
0.360971202302117
0.18081875110450954
0.5612462445050608
0.001428753565138911
0.45993983937382044
0.0008230376363860826
0.37900709665110527
960918821923816e-21
0.00020966662540753553
0.3598522293628574
0.032849520393667314
22407081191053921e-26
0.07607043603051043
0.08199728545539245
0.21817974011860866
0.0199264241788989
0.03017969310227596
0.17041494146444688
0.3148357305837628
0.2572712183837129
0.1603528463778314
0.26673447971541214
13848248089950792e-27
0.21142932169301865
0.21149266530865396
0.4669066961402651
0.5640049511596765
0.00047439252509683615
0.57294865422076
0.5264571938759688
11.647862842296076
2.090033971496219
2.7938926596563314
0.1042683433695852
0.4857381765515885
2.600657380296829
4.177667794533739
0.6368647850667013
5.158294620129589
7.272975565921079
5.1643469698021605
2.470183515872729
2.9541098261921537
0.6081505713231543
31.40121272186148
619.2154692193789
4.002114322247489
5088.659171356139
1.0999860507282202
23.218538125214817
1.1722910870846002
45.12644433210294
1.3041690577458125
1.3969443582021441
1.0999850404098834
0.923736712645699
1.088205890712869
59.130600042763625
0
0.0008654459996208918
0.0008569969546441059
0
0.009162605629995274
0.008231404196439165
0.008198111118768414
0.0075621082630660755
0.007267110005501821
0.009980409585865251
0.007302086315767154
0.010482224061314637
0.006267078272975198
0.007939603132698654
0.009776405697030713
0.018069734083287017
0.008358724532913591
0.009287557906784979
0.008759180086346066
0.009705027970350265
0.005591895893586592
0.01252410311648696
0.019519877013757826
0.013233705471840839
0.008159411356752175
0.0019009883984099317
0.007445027971050615
0.022938217370626873
0.07218419463293227
0.04162531627071171
0.11462752275800973
9119908284237126e-20
0.010111241013072408
0.22610597646235478
4806103285020451e-21
0.07404251036804242
0.010932189978959958
0.001269580849602033
5486350682598925e-21
12044233131159432e-22
0.10260236637765235
0.0892325960778174
0.004143960835991754
0.040586445644184885
0.02026987417272736
0.005784196861548564
0.012111373957749576
0.00048287839338100394
0.3348021637442756
15699130004090924e-25
0.07890622252183098
0.0003419117259566703
0.009631849119788616
0.010920264147945679
0.00015706111432032738
0.00017087435977044377
0.34618298658991997
0.0003935031690395089
0.056830732078153014
0.24316278561904556
1317922796025885e-21
2586165790931626e-21
0.00014472583812476
12571469286391301e-21
0.0005944766634317741
17003066405932195e-21
14432276759922225e-23
10044040559178424e-22
19076978478291838e-21
0.07669855156491845
0.077509253331576
4349982967893172e-20
0.00021268212612383705
0.01964087667991814
0.008163147024191674
0.09169218783522202
0.020219664213017904
27828847673938087e-21
0.13809754543855385
0.03871919621191409
5573478409029248e-22
0.278556827829762
44589635188909257e-23
0.0037648379971548063
0.000982568071025165
22994565953049245e-28
0.2848028473390656
0.3447979223168747
0.018121438280660925
0.27248482041445476
0.3506909050876218
0.007406547438404486
0.19349729234026597
22332184593170027e-26
4630617148988174e-21
0.0006294232571312677
9120654629434604e-20
0.13207268670828926
8645600385554819e-22
0.00011181451688418088
0.16380220901386933
0.0009291769068052342
0.0118591616393585
12200744032089481e-21
0.13911544526366304
0.09737267644824849
0.02127341382048656
31469074177528045e-21
0.00015344947562405972
12006679581539305e-23
0.013689589502544758
0.16505680570193834
833331451768532e-23
1110329973178688e-20
9106335788507403e-21
9650231271490684e-20
10586404698912204e-21
0.30797177440153245
0.16376029763193692
0.005156010924108213
0.001548405624849266
0.04193890808461489
0.005884489841664662
6760407433268299e-20
0.028450267389584897
8323690570034286e-20
0.0007209777325238882
0.08142581965411509
9970378939673748e-22
0.35007242188324533
0.3503964460967213
0.0018282108740646295
0.0005370907324526704
582991009462541e-23
0.001030818137740264
103904212978864e-22
0.010282942677207581
0.02935902739139645
0.0009039269100478189
0.0003376361725766365
0.00015455005192952894
2618181086440089e-21
0.006124847321475265
0.030680049005761437
0.021491356860137378
11257175946962654e-24
0.35075069320002855
0.06768988723466939
0
0
8177932211949455e-20
6661742538063431e-20
10336382077005877e-22
7596604372406052e-22
0.0001934841715620575
0.009757328540708985
0.0053917516523518975
15204233672608544e-24
0.00013149915561609223
7328731364953578e-21
0.05667425891292298
0.013414308256667841
0.10112889302238692
3845635844445856e-22
0.06095575722016242
0.007691215688127087
0.00012014395501682919
0.12474802760522789
0.0002964283876210468
18549559457235816e-29
8514843856162955e-20
37361569751073273e-22
0.00012471624873780027
0.016357260869151773
0.0039043915317971112
0.0001635518464147369
0.00015211580063885855
37998745110550354e-25
0.0005144877583583941
0.0229669638392257
13135133566624744e-24
0.0018059930100032871
0.0018009375277050585
4418742340083558e-20
0.10892790478244643
4337244866084898e-20
0.31422246114069885
0.0019108030673697619
0.18418078030224094
0.0033030290560548754
0.0007008936392641211
0.0005692988644759863
4475127547800269e-20
0.3371647198492453
1210199464225876e-20
21567639028300045e-21
0.008304120306924285
0.006445712851018762
21715984774595976e-24
8723033207243104e-20
0.0030559523509273534
0.133339925462797
0.030299185502483488
0.00010011307799910798
0.02304381118977889
0.00035412469208672044
0
0.11345826676782646
0.01234506366036412
0.3251858153947575
0.3046422441812132
0.315933706969619
0.05245569006015288
0.029757701845248508
0.3510694837235821
0.32164788805873973
0.3510121337994664
0.30025671135962256
0.21365240918596437
0.0007652243675234085
0.015747489273711134
0.14181707158933948
0.27126840066777463
0.13772082621876836
0.00029923558331148697
0.02705212661287064
0.25572379217100544
0.11510879696193008
0.1676125904039678
