1.0481343681139847
0.03508791791610293
2.3894763913071864
0
2.396877903533296
17200254433294418e-21
2.506203328310622
0
2.71347809221105
0
5.421426433245287
0
9.469544018465486
0
12.285170955940167
0
30.37727638270004
17.819867667990813
4.035330920658461
4.269133168013334
4852245128784791e-42
16.90346965294875
2.3830858545706666
0.015013392284402923
0
0.1090572280571275
0.0023513302289341455
0.02831144395845679
0.006941916265448005
0.2652767274559232
0.24838995058429547
0.0034314308402852637
0.0003057861469305493
0.04705655126148987
0.003808980978188733
0.001034836853890903
19263266672134702e-25
0.12050548128161223
0.1309070799229156
0.06631098583147
0.06082512482956054
0
0.10403184613175034
0
4.39333951992164
3.912164179325424
4.499621996792155
0
5.38133728511854
0
4.432715405864377
0.07621205723884766
31.524796541034544
31.7326147571878
14.021374095803639
47.69604338833683
43.71347369828387
1.5636274002371544
0.0016231437335901989
0.016214534392301156
0.5452000023417479
34.74053013721791
0.07405330447182777
0.36858813019804837
2.3861854453745655
1.3828217280614397
32.27591526378276
0
32.17356168342125
0
14.83143160694479
0.0004623707227214833
0.0004645882319590111
0.24241443025022438
6.369544542536688
1.2769113983344331
2.425082300550438
0
0.00035785925964603804
0.017966369496520293
0.0706858680655116
0.03056622138218035
0.009285319247415179
0.00019292686356525774
0.00013886547947937263
0.0013922253673499703
1.9982861672915782
0.442537833147676
0.13806239161639086
0.1654081186896626
0.005312283284968967
0.07428942805879053
0.007684537957912318
0.0009036013242731719
0.0675285566211573
1.4377696559384834
0.02143418458520047
36208671507634956e-22
0.012738885865718093
0.0010625724240826346
0
0.9117501289568972
0.5198550401217021
0.045572628400445146
0
0.4186810467605528
0.005012593203163409
0.07172361595469252
0
0.0003836212749816689
0
0.12677255712664523
0.7374084203934441
0
0
0
0
0.003305512258113372
0.3934264970015122
0.001573216831173681
0.0038528158906490483
0.3963211098975008
0.3608758705630754
0.18079513849203008
0.5612301386061083
0.001400712222359662
0.4609724633010685
0.0008232357994482855
0.379103080899153
960905953603896e-21
0.00020551879534873286
0.3601364948736138
0.032748908257084125
22242264179720784e-26
0.07773320829487303
0.08193125931308372
0.21816691677324732
0.01992891737723778
0.030185309634778126
0.1702910317194711
0.31466415699166367
0.25725554213633406
0.16037318326689365
0.2667107066133583
13745809564998777e-27
0.2113707605113939
0.2114343155840854
0.4668832566502564
0.5639883215906433
0.000473976415009389
0.5725642385094143
0.5265288328804045
11.64783936606153
2.0900777251540084
2.7939715417769047
0.10426199172851758
0.4857373407804234
2.6007513136068585
4.177862208054756
0.6368392670594458
5.15777330894458
7.271981237196386
5.163651610899149
2.470215556623969
2.9536840778852014
0.6081850579072031
31.40065094802
619.2153689341416
4.002114271324842
5087.634941118028
1.0999860469433993
23.218537982836786
1.172288294948416
45.126361069368805
1.3041707643988318
1.3969443242369832
1.099985036624175
0.9236978894943267
1.0881962038900956
59.17441062018698
0
0.0008654096224221261
0.0008570031845703061
0
0.009162337298184347
0.008229972259122092
0.008196159915369447
0.007559061360295039
0.007265243473836778
0.00997926504245081
0.007299527062784753
0.010481405482085118
0.006264566959865356
0.007937832309136542
0.0097748808684786
0.018067862407714633
0.008356574576248424
0.00928627217032115
0.008757146336178955
0.009703774575105503
0.005592505308882519
0.012522330098077112
0.019516073261575204
0.013231753399394084
0.008158117834378895
0.0019009873689218224
0.007445012087679006
0.02293806404577726
0.07218258644992384
0.04162480064374002
0.11462323489717227
9119908047744209e-20
0.010111211632861335
0.2260857728247379
4806103278453194e-21
0.07404081440667235
0.010932155603990822
0.0012695803907265331
54863506740410626e-22
1204423312703509e-21
0.10259898712014486
0.08923008487224086
0.004143955932326866
0.040585956017865674
0.020269754795013306
0.0057841872911545845
0.012111331713785242
0.0004828783270538944
0.3347365222398792
15699130004083916e-25
0.07890428465898527
0.0003419116927076143
0.009631822473141033
0.010920229848372988
0.00015706110730570133
0.00017087435146759242
0.3461039429246669
0.00039350312499707716
0.05682975368162505
0.2431384922957741
13179227955320565e-22
25861657890300678e-22
0.0001447258321687735
12571469241457463e-21
0.0005944765628924449
17003066323734824e-21
14432276759330027e-23
100440405563102e-20
1907697837481967e-20
0.07669672569748429
0.07750738676306784
43499829140921406e-21
0.00021268211326047541
0.01964076467318609
0.00816312791433346
0.09168952778578421
0.02021954543251311
27828847453747468e-21
0.13809110694031038
0.038718751552156254
5573478408146069e-22
0.2785217293374268
4458963518325645e-22
0.0037648339513201017
0.000982567796255657
2299456595304923e-27
0.2847654156919719
0.34472104757299904
0.018121343091452285
0.272451847985274
0.3505912135109221
0.007406531719442619
0.19348343141489538
2233218459316861e-25
4630617142891744e-21
0.0006294231444198647
9120654392902975e-20
0.13206685028792292
8645600383429685e-22
0.00011181451332915338
0.1637927773505359
0.0009291766610992615
0.011859121147464619
12200743989766731e-21
0.13910890148507
0.09736965409221061
0.02127328218497733
31469073895963506e-21
0.00015344946892835413
1200667958112944e-22
0.013689535439957505
0.16504720918312032
8333314517665575e-24
1110329969673552e-20
9106335764930476e-21
9650231006692468e-20
10586404667048409e-21
0.30792402433553473
0.16375087144407116
0.005156003324657715
0.001548404942084863
0.04193838447051987
0.005884479935454875
6760407303319521e-20
0.028450030078615192
8323690373034647e-20
0.000720977584624048
0.0814237494679238
997037893684744e-21
0.34998446942637684
0.350307198382672
0.0018282099219664543
0.0005370906503919102
5829910094615747e-24
0.0010308178353071475
10390421297855706e-24
0.010282912285111488
0.029358774421511684
0.0009039266775204817
0.0003376361401540753
0.0001545500451374247
2618181084491159e-21
0.006124836586743859
0.030679772350213318
0.021491222481510208
11257175946926625e-24
0.35065135414917065
0.06768848088211496
0
0
8177932021789124e-20
6661742411880184e-20
10336382073968258e-22
759660437076533e-21
0.0001934841609163473
0.009757301191587818
0.005391743340022237
1520423367254282e-23
0.00013149915069907795
7328731349682958e-21
0.05667328607808157
0.013414256361895981
0.10112561661952015
3845635844025389e-22
0.06095462605976103
0.007691198732500703
0.00012014395091238627
0.124742875829831
0.0002964283626308197
18549559457235816e-29
8514843650010827e-20
3736156971138633e-21
0.00012471624431498773
0.016357183460306544
0.003904387179823158
0.00016355183880830413
0.0001521157940590451
379987451105093e-23
0.0005144876830609881
0.022966810124972998
1313513356657569e-23
0.0018059920809275058
0.0018009366038283976
4418742284568198e-20
0.108924063133881
4337244812598504e-20
0.3141713219065097
0.0019108020272131229
0.1841684328044155
0.0033030259434167052
0.000700893499492473
0.0005692987722750086
4475127490859032e-20
0.33709685633359904
1210199460061834e-20
21567638896045466e-21
0.008304100528359861
0.006445700958043736
217159847744619e-22
8723032990886356e-20
0.0030559496872364406
0.13333396536678083
0.03029891578819066
0.00010011307514925219
0.02304365643205612
0.0003541246564194964
0
0.11345407277124367
0.01234501975944173
0.32512777513278157
0.3045961743741021
0.3158815792308261
0.05245486081887916
0.0297574418426098
0.35097498448424896
0.32159223461526926
0.3509150191044794
0.30021273987606073
0.21363483592766727
0.0007652242009054736
0.01574741757606216
0.14181024330595168
0.2712358386048429
0.13771442642069168
0.00029923555784562567
0.027051912386880476
0.2556960684770084
0.11510447011368505
0.16760265231739752
