1.0485030205802346
0.032900663816588266
2.3274010385518147
0
2.334832299625607
1675537621769914e-20
2.4413492375410137
0
2.6432564809252415
0
5.285010550332519
0
9.465810937231105
0
12.25265216913532
0
30.374426388036095
17.86385893437304
3.965552925810118
4.270415627081511
3741430605623747e-42
16.908213180393822
2.382949989514574
0.014639959143694417
0
0.10847577431824909
0.0023446111564657634
0.028202584473359594
0.006941884620690309
0.2642272885000631
0.2474356336573088
0.0033583709793092165
0.00029783232681012995
0.04686559035681316
0.003727953863346596
0.001009244183578279
18756074214623023e-25
0.11994308936872304
0.13038659975474998
0.06644341888901077
0.06106860576338804
0
0.103991685497087
0
4.3887302384962155
3.9156934966497494
4.499832954542946
0
5.382785623374802
0
4.432862171601049
0.07488402439882169
31.482434985915393
31.68289635433087
13.942145679443552
47.67536099937805
43.57706436732104
1.5631560240916187
0.0015855637687288916
0.016246372316313606
0.5327172914678352
34.74151586142105
0.07394976906081722
0.3669824239501176
2.386017350112389
1.3852431739281112
32.28790499685685
0
32.189175341691595
0
14.83214399830124
0.00045095882887403614
0.00045304518292830923
0.23609755317686953
6.369621930852869
1.2768785103408593
2.4248994322060375
0
0.00035789072076232713
0.01798868926623843
0.07067963704164729
0.030562851367617327
0.009293724295588312
0.00019261767137866768
0.0001386719113460984
0.001393607615064792
1.998331386431484
0.44255867350909317
0.1375342928964402
0.16523114084340124
0.005310796407915755
0.07428898967788387
0.00769145065620758
0.0008934463882171902
0.06742958363920212
1.4342672104408543
0.021418244563518776
3567933725022325e-21
0.012598445967807397
0.001060936452712593
0
0.9116123865692596
0.5197831549861038
0.04560349753601197
0
0.41864772575830267
0.00518924182478932
0.07171654601991799
0
0.00038340802655566897
0
0.12677003712381904
0.7372559269013707
0
0
0
0
0.0032360493682613797
0.39340573356195224
0.0015560638286577213
0.0038347493677987833
0.39629513837011043
0.3607521590868705
0.18076460808166495
0.5612081177489937
0.0013665234675359476
0.4623032920458893
0.0008234964239191665
0.37922918229289787
9608892719266415e-22
0.00020046170311996696
0.3605011095199703
0.03261881999769963
22030334209756537e-26
0.079859961279513
0.08184588465169616
0.21815028444168927
0.019932119038607154
0.03019256394346886
0.17013039480912834
0.31444178094687003
0.2572352177469675
0.1603994388480417
0.26667963598162875
13614086208049214e-27
0.21129455526476065
0.21135837331486665
0.4668528490411849
0.5639667558579172
0.0004734556895638526
0.5720878202822107
0.5266213901598356
11.647797293455369
2.0901342798054046
2.794073155870631
0.10425371746395695
0.4857358338798291
2.6008727277890076
4.178112648020385
0.6368060041944007
5.157096654865166
7.270691551874674
5.162747201903026
2.4702569142139534
2.9531332862407433
0.6082293347679265
31.39991861570018
619.2152388997077
4.002114205296194
5086.307183963271
1.099986042035826
23.21853779822287
1.1722846745459283
45.12625310730116
1.304172974675951
1.3969442801956324
1.0999850317154507
0.9236475500626034
1.0881836436376067
59.23014101325234
0
0.0008653615021540032
0.0008570112152808693
0
0.009161987695114504
0.008228107887491898
0.008193622836242849
0.007555105549275061
0.007262814280556367
0.009977776179729506
0.00729620315568926
0.010480335045855197
0.0062613065325791695
0.007935528684059601
0.009772894750465666
0.018065418750361398
0.008353779695992443
0.00928459677284999
0.008754501920940246
0.009702140394359194
0.0055932818346649095
0.0125200203263322
0.019511122862901412
0.013229210180591866
0.00815643321432825
0.001900986034040949
0.007444991492618204
0.02293786523924069
0.07218050125910531
0.041624132067567786
0.11461767529812326
9119907741096606e-20
0.010111173537253439
0.22605957854556752
4806103269937785e-21
0.07403861540288034
0.010932111031983377
0.00126957979572767
5486350662944543e-21
1204423312168728e-21
0.10259460558492091
0.08922682883264406
0.004143949574017739
0.040585321154621656
0.020269600005417252
0.005784174881764491
0.012111276938534614
0.0004828782410511225
0.3346514276038796
1569913000407483e-24
0.07890177200761934
0.00034191164959536163
0.009631787921980125
0.010920185374127516
0.00015706109821021454
0.0001708743407017335
0.3460014781395944
0.0003935030678896388
0.05682848507269957
0.24310699606755423
13179227948917358e-22
258616578656442e-20
0.00014472582444596737
12571469183194184e-21
0.0005944764325285449
17003066217153925e-21
14432276758562158e-23
10044040552591127e-22
1907697824065289e-20
0.07669435825838442
0.07750496655129072
4349982844331246e-20
0.00021268209658124935
0.019640619441049067
0.008163103135677656
0.09168607875805718
0.02021939141727821
27828847168238174e-21
0.1380827589338715
0.03871817499343555
5573478407000898e-22
0.2784762256003446
4458963517592676e-22
0.003764828705310935
0.0009825674399769708
22994565953049205e-28
0.2847168874192465
0.3446213937589168
0.018121219665484196
0.27240910035553145
0.35046199101597497
0.007406511337562277
0.19346546017898889
22332184593166772e-26
4630617134986833e-21
0.000629422998273098
912065408620518e-19
0.13205928290046362
864560038067414e-21
0.00011181450871954114
0.1637805486300217
0.000929176342505676
0.011859068644015707
12200743934889103e-21
0.1391004169786387
0.09736573530583548
0.021273111501525395
3146907353087396e-20
0.00015344946024639433
12006679580597986e-23
0.013689465340234505
0.16503476672554243
8333314517639974e-24
11103299651286313e-21
9106335734359547e-21
9650230663342914e-20
10586404625732344e-21
0.30786212042387523
0.1637386498225687
0.005155993470876826
0.0015484040567815363
0.04193770553809918
0.005884467090631789
6760407134821953e-20
0.028449722373228067
8323690117595848e-20
0.0007209773928503479
0.08142106524751833
9970378933182723e-22
0.3498704591207559
0.350191509531784
0.0018282086874328424
0.0005370905439881671
5829910094603217e-24
0.0010308174431585698
10390421297815903e-24
0.010282872877453502
0.029358446412352125
0.0009039263760149142
0.0003376360981134936
0.00015455003633046993
2618181081964086e-21
0.006124822667624661
0.0306794136296007
0.02149104824124345
11257175946879908e-24
0.35052258845043843
0.06768665738411857
0
0
8177931775218487e-20
6661742248265176e-20
10336382070029544e-22
7596604368637894e-22
0.00019348414711263003
0.009757265729571677
0.005391732561891791
15204233672457597e-24
0.00013149914432345104
73287313298823714e-22
0.056672024680479195
0.013414189073043304
0.10112136844269651
3845635843480192e-22
0.060953159376335254
0.007691176747110169
0.00012014394559037672
0.12473619611733136
0.0002964283302273433
18549559457235816e-29
8514843382704489e-20
3736156965992641e-21
0.0001247162385801655
0.016357083088977608
0.0039043815368604907
0.00016355182894545352
0.00015211578552735638
3799874511045607e-24
0.0005144875854269195
0.022966610813524288
13135133566512084e-24
0.0018059908762457634
0.0018009354058880686
4418742212584426e-20
0.10891908207712897
4337244743245583e-20
0.3141050248120885
0.0019108006784989556
0.18415242370250284
0.003303021907431046
0.0007008933182581572
0.0005692986527229961
4475127417026403e-20
0.3370088817112012
1210199454662545e-20
21567638724558086e-21
0.008304074882632321
0.006445685537097168
2171598477428805e-23
8723032710348238e-20
0.0030559462333755623
0.13332623762841886
0.03029856606778971
0.00010011307145399803
0.02304345576761174
0.0003541246101717362
0
0.11344863487292396
0.012344962835716023
0.3250525328798977
0.30453644851351724
0.31581400080976374
0.052453785605965426
0.02975710471459457
0.350852490291323
0.32152008613468497
0.3507891357232551
0.30015573401304674
0.2136120517836691
0.0007652239848610384
0.015747324610073974
0.14180138992871072
0.27119362295390903
0.1377061285905228
0.0002992355248254201
0.027051634614119784
0.2556601251335392
0.11509885996511347
0.16758976701394396
