1.0487487888910678
0.03151864761063311
2.286884751061388
0
2.2943399729770397
16465079081978232e-21
2.3990222624888884
0
2.5974240745042234
0
5.19596555895504
0
9.463443630104793
0
12.23109166697062
0
30.37257287510262
17.893078879533466
3.9196546673782193
4.271221059386536
3145823705385298e-42
16.91139100404584
2.3828582704926715
0.014395896874323133
0
0.10808883281726182
0.002340088434474144
0.028130209372548808
0.0069418635285253775
0.26352963593698014
0.2468011539560928
0.0033104875289625907
0.00029263796449878753
0.04673866365079147
0.003674848481215097
0.0009925356476850387
18424905453362925e-25
0.11956789424804673
0.1300384660600701
0.06653188016677578
0.061228209619173544
0
0.10396427894441726
0
4.385668859713604
3.918022276677206
4.499960583150315
0
5.383746305291967
0
4.43295351506425
0.07404323228869181
31.453956375663438
31.64948281696175
13.889196953309833
47.662284963889824
43.49119111511848
1.5628402592007948
0.0015620543432515821
0.016268209634274517
0.5249020423145064
34.74214442039732
0.07388083034274565
0.3659344054863059
2.3859015822173264
1.3868468230376507
32.29567660696339
0
32.19922579574081
0
14.832622230071271
0.0004438025548735019
0.0004457825252643906
0.2321393960437196
6.369669385222711
1.2768569191618406
2.4247775281692965
0
0.00035790929187906644
0.018003718667795317
0.0706754272910986
0.030560592967658864
0.0092992620143498
0.00019241260327012403
0.00013854346127857792
0.0013945226950103004
1.9983605154397355
0.44257232026846505
0.13718299408135204
0.1651136046475508
0.005309776429905523
0.07428814161492239
0.007695957897696867
0.000886724597675961
0.06736386153574843
1.43194285881027
0.021407630135466288
3533005020069209e-21
0.012505457958043028
0.001059851058459408
0
0.9115203927708548
0.5197347623747669
0.04562376735269894
0
0.4186251040578605
0.005306987781347227
0.07171181427153063
0
0.0003832723681464158
0
0.12676835715711493
0.737154276789051
0
0
0
0
0.0031905185094742877
0.39339182552892393
0.0015447058525931967
0.0038227093870522584
0.3962778222864309
0.3606696262744427
0.1807443092431036
0.5611927192171263
0.0013451134389312086
0.46318542677823366
0.0008236724629339669
0.3793142731568542
9608781533474337e-22
0.0001972946855736851
0.3607417074594045
0.03253232727536999
21890155552299886e-26
0.08125957118677002
0.08178911548548605
0.2181391931001376
0.01993423461460515
0.03019738301805624
0.17002332246795515
0.31429358940181956
0.2572216695614878
0.1604168740344481
0.2666587749229459
13526957838214207e-27
0.21124358768710294
0.21130757415349793
0.4668325680488358
0.5639523767768861
0.0004731198358145352
0.5717834211511413
0.5266828956277924
11.647762247176095
2.090171871088714
2.794140480149642
0.10424817712780084
0.48573457468386627
2.6009534297664034
4.178278577221792
0.6367837189096602
5.15664522781681
7.2698317242526915
5.162142634348052
2.4702843679660993
2.9527669567292083
0.6082585878420073
31.399428412026758
619.2151522101003
4.002114161277095
5085.4222050403805
1.0999860387641105
23.218537675146926
1.1722822609504815
45.126181132732896
1.3041744465335794
1.396944250834381
1.0999850284429677
0.9236139907278087
1.088175270216318
59.266629727979975
0
0.0008653288414656477
0.0008570165389812964
0
0.009161753571216845
0.008226860463972611
0.008191927314942534
0.007552465434853426
0.007261189472590646
0.009976780834576895
0.0072939840498618316
0.01047961612409959
0.0062591305377195355
0.007933988517784282
0.009771565399568034
0.018063779775658744
0.008351912256837386
0.009283474988535906
0.008752734668832009
0.009701045650005354
0.005593791159429584
0.012518474142877531
0.019507811825414518
0.013227507590066676
0.008155305795712485
0.0019009851441208873
0.0074449777626093205
0.02293773270250691
0.07217911116535775
0.04162368635608554
0.1146139690485684
9119907536664877e-20
0.01011114814026125
0.2260421173788462
4806103264260846e-21
0.07403714943663589
0.010932081317412705
0.0012695793990619162
5486350655546863e-21
12044233118122074e-22
0.10259168466539177
0.08922465820558763
0.004143945335150407
0.0405848979179761
0.02026949681300991
0.005784166608852551
0.012111240421838487
0.0004828781837159497
0.33459470986479095
1569913000406877e-24
0.0789000969511609
0.00034191162085386287
0.009631764887941709
0.010920155724731161
0.00015706109214655697
0.0001708743335244946
0.345933185136162
0.00039350302981801786
0.056827639349148786
0.24308600084879034
1317922794464855e-21
2586165784920655e-21
0.00014472581929743017
12571469144351995e-21
0.0005944763456192941
1700306614609999e-20
14432276758050243e-23
10044040550111745e-22
19076978151208368e-21
0.07669278000624967
0.0775033531187575
4349982797823983e-20
0.00021268208546176604
0.019640522620221
0.008163086616615575
0.09168377947831718
0.0202192887411067
27828846977898646e-21
0.13807719387661474
0.03871779062572481
5573478406237452e-22
0.2784458939058168
4458963517104031e-22
0.003764825207975552
0.0009825672024579186
2299456595304919e-27
0.2846845398319283
0.34455497388807643
0.018121137381972505
0.2723806056619308
0.35037586914787827
0.0074064977496732095
0.19345348028240208
2233218459316555e-25
4630617129716892e-21
0.0006294229008419392
9120653881739987e-20
0.1320542382163861
8645600378837109e-22
0.00011181450564646643
0.16377239665690124
0.0009291761301100131
0.01185903364184557
12200743898304017e-21
0.13909476092851178
0.09736312286920654
0.02127299771331825
3146907328748094e-20
0.00015344945445842136
12006679580243686e-23
0.013689418607285259
0.16502647227494088
8333314517622906e-24
11103299620986842e-21
9106335713978928e-21
9650230434443219e-20
10586404598188301e-21
0.30782085806344245
0.1637305025816636
0.005155986901700029
0.0015484034665795999
0.041937252922591574
0.005884458527431975
6760407022490242e-20
0.028449517238152228
8323689947303319e-20
0.0007209772650012429
0.08141927581640826
9970378930739575e-22
0.34979447288430565
0.3501144048576429
0.0018282078644108976
0.00053709047305235
5829910094594863e-24
0.0010308171817262673
10390421297789369e-24
0.010282846605765415
0.029358227741615013
0.0009039261750112586
0.00033763607008644207
0.00015455003045916702
26181810802793715e-22
0.006124813388229435
0.030679174484855798
0.021490932081850423
11257175946848763e-24
0.3504367709218886
0.06768544174607895
0
0
8177931610838066e-20
6661742139188507e-20
10336382067403733e-22
7596604367219604e-22
0.00019348413791015235
0.009757242088299187
0.005391725376483463
15204233672400783e-24
0.0001314991400730333
732873131668198e-20
0.056671183764341757
0.013414144213995706
0.10111853642395971
38456358431167274e-23
0.060952181606990986
0.007691162090218059
0.00012014394204237047
0.12473174317437956
0.00029642830862502766
18549559457235816e-29
8514843204500268e-20
37361569625619795e-22
0.00012471623475695083
0.016357016175100488
0.0039043777748899097
0.0001635518223702201
0.00015211577983956413
3799874511042059e-24
0.0005144875203375507
0.022966477940186077
13135133566469679e-24
0.001805990073125048
0.0018009346072616252
4418742164595245e-20
0.10891576149917374
4337244697010303e-20
0.31406083452163036
0.0019107997793567063
0.18414175174102065
0.003303019216776679
0.0007008931974353061
0.0005692985730216683
44751273678046506e-21
0.33695024471851587
12101994510630191e-21
21567638610233165e-21
0.00830405778552463
0.00644567525648662
2171598477417215e-23
872303252332283e-19
0.0030559439308038123
0.1333210860516694
0.030298332923098296
0.00010011306899049532
0.02304332199228625
0.00035412457933989944
0
0.1134450097521786
0.012344924886711373
0.3250023810520217
0.30449663777947616
0.3157689565611645
0.05245306880960051
0.029756879964706297
0.35077085124798374
0.32147199614026756
0.3507052385578917
0.30011773611813763
0.21359686370431286
0.0007652238408314488
0.01574726263305342
0.14179548798428918
0.2711654828369732
0.13770059698151016
0.0002992355028119518
0.027051449433863884
0.2556361657115905
0.11509512001797575
0.1675811773619924
