1.0487487888910678
0.03151864760674799
2.2868847510630648
0
2.294339972754514
1646507908208505e-20
2.3990222625022453
0
2.597424074503694
0
5.195965698989071
0
9.463443632130938
0
12.231091666993963
0
30.372572875102435
17.89307887968237
3.919654667665688
4.27122176917449
31458237056128047e-43
16.911390122211692
2.3828582704683723
0.014395896874272627
0
0.10808883281726084
0.002340088434457846
0.028130209372539353
0.00694186352852537
0.26352963593834206
0.2468011539560099
0.0033104878134061445
0.0002926379643449456
0.04673866365103849
0.0036748487971637925
0.0009925356471759451
18424907034664574e-25
0.1195678942480444
0.1300384660600672
0.06653189123529929
0.061228209650968195
0
0.10396427894362503
0
4.385668629797671
3.9180222770841437
4.499960592892416
0
5.383746305377642
0
4.432953108542634
0.07404690819149139
31.453955096478367
31.64948130788379
13.88919695044873
47.662284932191056
43.494195709301465
1.5628401329959234
0.0015621626410207256
0.016269303807032887
0.524937964598353
34.74214442038056
0.07388083034268578
0.3659344054606216
2.3859013652412577
1.3868468230006223
32.29567660529617
0
32.19922579609469
0
14.83262223004457
0.0004438324561406095
0.0004457939325136983
0.23215539257671222
6.369669132770067
1.276856919163184
2.424777528169297
0
0.0003579092918579981
0.01800372166683192
0.07067542729024226
0.03056059296754421
0.009299262013857784
0.0001924126033469896
0.0001385434613340477
0.001394522695005054
1.9983605154227309
0.4425723202680967
0.13718298736440623
0.16511360464818295
0.005309776233817482
0.07428814161365076
0.007695957897485454
0.000886724597709703
0.06736386153552718
1.4319427670222438
0.021407630135262756
35330050201808147e-22
0.012505457561938807
0.0010598510584656274
0
0.9115203927694062
0.5197347623742918
0.04562376735030665
0
0.4186251040571299
0.005306992892605456
0.07171181075685663
0
0.00038327236825435316
0
0.12676835715711493
0.737154276789051
0
0
0
0
0.0031905185078578515
0.39339182552892604
0.0015447058526520372
0.003822709387052201
0.3962778222864309
0.3606696262727871
0.18074430924323276
0.5611926747582625
0.0013452057220237883
0.4631854267724729
0.0008236724629340529
0.37931427315686095
9608781533474337e-22
0.0001973082494480237
0.3607417074574975
0.03253232727529617
21890155552236377e-26
0.08125963424915408
0.08178911548660667
0.2181391931001376
0.019934234614331095
0.030197383017790142
0.17002332246796636
0.31429358940181484
0.2572216695614878
0.16041687403319546
0.2666587749203238
13526957838087464e-27
0.21124358768437987
0.21130757415444293
0.4668325680488213
0.5639523767768861
0.00047311983585315924
0.5717833934001645
0.5266828956240575
11.647762247056193
2.0901718710887165
2.794140480149652
0.10424817712780163
0.4857345746795041
2.600953429766409
4.178278577221818
0.6367837189096638
5.156645227771737
7.2698317241710555
5.162142634303729
2.4702843679505686
2.952766956694669
0.6082585878374986
31.399428411723978
619.2151522101003
4.002114161277095
5085.4222050403805
1.0999860387641105
23.218537675146926
1.1722822609504815
45.126181132732896
1.3041744465335805
1.396944250834381
1.0999850284429677
0.9236139907278087
1.088175270216318
59.26662882784652
0
0.0008653288414588736
0.0008570165389812982
0
0.009161753571216884
0.008226860463859032
0.008191927314829435
0.007552465434752354
0.007261189472477724
0.009976780834485471
0.007293984049762545
0.010479616123956068
0.006259130537635349
0.00793398851767432
0.009771565399434409
0.018063779775409336
0.008351912256722079
0.009283474988410175
0.00875273466871275
0.009701045649874446
0.005593791159345458
0.012518474142708466
0.01950781182514521
0.013227507589888518
0.008155305795599893
0.0019009851441208873
0.0074449777626093205
0.02293773270250691
0.07217911116535775
0.04162368635608554
0.1146139690485684
9119907536664877e-20
0.01011114814026125
0.2260421173788462
4806103264260846e-21
0.07403714943663589
0.010932081317412705
0.0012695793990619162
5486350655546863e-21
12044233118122074e-22
0.10259168466539177
0.08922465820558763
0.004143945335150407
0.0405848979179761
0.02026949681300991
0.005784166608852551
0.012111240421838487
0.0004828781837159497
0.33459470986479095
1569913000406877e-24
0.0789000969511609
0.00034191162085386287
0.009631764887941709
0.010920155724731161
0.00015706109214655697
0.0001708743335244946
0.345933185136162
0.00039350302981801786
0.056827639349148786
0.24308600084879034
1317922794464855e-21
2586165784920655e-21
0.00014472581929743017
12571469144351995e-21
0.0005944763456192941
1700306614609999e-20
14432276758050243e-23
10044040550111745e-22
19076978151208368e-21
0.07669278000624967
0.0775033531187575
4349982797823983e-20
0.00021268208546176604
0.019640522620221
0.008163086616615575
0.09168377947831718
0.0202192887411067
27828846977898646e-21
0.13807719387661474
0.03871779062572481
5573478406237452e-22
0.2784458939058168
4458963517104031e-22
0.003764825207975552
0.0009825672024579186
2299456595304919e-27
0.2846845398319283
0.34455497388807643
0.018121137381972505
0.2723806056619308
0.35037586914787827
0.0074064977496732095
0.19345348028240208
2233218459316555e-25
4630617129716892e-21
0.0006294229008419392
9120653881739987e-20
0.1320542382163861
8645600378837109e-22
0.00011181450564646643
0.16377239665690124
0.0009291761301100131
0.01185903364184557
12200743898304017e-21
0.13909476092851178
0.09736312286920654
0.02127299771331825
3146907328748094e-20
0.00015344945445842136
12006679580243686e-23
0.013689418607285259
0.16502647227494088
8333314517622906e-24
11103299620986842e-21
9106335713978928e-21
9650230434443219e-20
10586404598188301e-21
0.30782085806344245
0.1637305025816636
0.005155986901700029
0.0015484034665795999
0.041937252922591574
0.005884458527431975
6760407022490242e-20
0.028449517238152228
8323689947303319e-20
0.0007209772650012429
0.08141927581640826
9970378930739575e-22
0.34979447288430565
0.3501144048576429
0.0018282078644108976
0.00053709047305235
5829910094594863e-24
0.0010308171817262673
10390421297789369e-24
0.010282846605765415
0.029358227741615013
0.0009039261750112586
0.00033763607008644207
0.00015455003045916702
26181810802793715e-22
0.006124813388229435
0.030679174484855798
0.021490932081850423
11257175946848763e-24
0.3504367709218886
0.06768544174607895
0
0
8177931610838066e-20
6661742139188507e-20
10336382067403733e-22
7596604367219604e-22
0.00019348413791015235
0.009757242088299187
0.005391725376483463
15204233672400783e-24
0.0001314991400730333
732873131668198e-20
0.056671183764341757
0.013414144213995706
0.10111853642395971
38456358431167274e-23
0.060952181606990986
0.007691162090218059
0.00012014394204237047
0.12473174317437956
0.00029642830862502766
18549559457235816e-29
8514843204500268e-20
37361569625619795e-22
0.00012471623475695083
0.016357016175100488
0.0039043777748899097
0.0001635518223702201
0.00015211577983956413
3799874511042059e-24
0.0005144875203375507
0.022966477940186077
13135133566469679e-24
0.001805990073125048
0.0018009346072616252
4418742164595245e-20
0.10891576149917374
4337244697010303e-20
0.31406083452163036
0.0019107997793567063
0.18414175174102065
0.003303019216776679
0.0007008931974353061
0.0005692985730216683
44751273678046506e-21
0.33695024471851587
12101994510630191e-21
21567638610233165e-21
0.00830405778552463
0.00644567525648662
2171598477417215e-23
872303252332283e-19
0.0030559439308038123
0.1333210860516694
0.030298332923098296
0.00010011306899049532
0.02304332199228625
0.00035412457933989944
0
0.1134450097521786
0.012344924886711373
0.3250023810520217
0.30449663777947616
0.3157689565611645
0.05245306880960051
0.029756879964706297
0.35077085124798374
0.32147199614026756
0.3507052385578917
0.30011773611813763
0.21359686370431286
0.0007652238408314488
0.01574726263305342
0.14179548798428918
0.2711654828369732
0.13770059698151016
0.0002992355028119518
0.027051449433863884
0.2556361657115905
0.11509512001797575
0.1675811773619924
