1.0494860938235675
0.027710756198830355
2.1693822098263396
0
2.1769280258029453
15623501324029818e-21
2.2762828426430435
0
2.4645097003605856
0
4.937691635900956
0
9.456890472866712
0
12.166981680788387
0
30.367234339088387
17.980217235520886
3.7848907070566007
4.2734128435832535
18692875442719006e-43
16.921009405674507
2.3825780585118723
0.013686607392024333
0
0.1069314916024591
0.0023263184970562837
0.02791403408845342
0.0069418002735097475
0.26144614404171196
0.2449060279518837
0.0031707068118667337
0.00027755796113133153
0.04635970777110029
0.0035198228494785354
0.0009440541606982395
17463826112872088e-25
0.11844126388718079
0.12898881676219662
0.06679871703337206
0.06169473629716306
0
0.1038790624458757
0
4.37654249875823
3.924888214573478
4.500287849562601
0
5.3866046765223095
0
4.433202314575721
0.07169444807404739
31.36740747836525
31.547990490517627
13.729753987489412
47.62627042301709
43.23808576276377
1.561887577517677
0.0014974568830252812
0.016329797143016092
0.503402329513365
34.743896944976036
0.07367440559283973
0.3629019816568033
2.3855397338400883
1.3916069608644677
32.31802356481438
0
32.22779904284361
0
14.834072332132992
0.00042408488724761595
0.0004258207404784324
0.22124787916823682
6.36979560169001
1.276793684153457
2.4244118553682745
0
0.0003579546125281319
0.018049640927103396
0.07066254440537896
0.03055376294748526
0.009315587324814143
0.00019180246283957846
0.00013816095556961017
0.0013972374421786142
1.9984433143962712
0.4426120861383971
0.13613290758482344
0.1647631512674272
0.005306598039935516
0.07428298390572677
0.00770900011568962
0.0008667902699397642
0.06716794985692148
1.4250224316022364
0.02137585038909554
34299342450726983e-22
0.012229566451775331
0.0010566200065410874
0
0.9112436323555356
0.5195874036839857
0.04568322635135238
0
0.4185552983641786
0.005659932317527456
0.07169757500097114
0
0.0003828947852830149
0
0.12676331743021307
0.7368493845239587
0
0
0
0
0.0030575712571488437
0.3933497850134848
0.0015110034497810816
0.003786613781187954
0.39622586568918194
0.360421776422934
0.18068367781102293
0.5611437341208089
0.0012862266455710121
0.46580749661249615
0.0008242114441800531
0.3795744005541764
9608448101031308e-22
0.00018858383310321834
0.36145172474591314
0.03227397070503853
21474879041553862e-26
0.08537099004695174
0.08161950095308985
0.21810590417211817
0.01994049545559805
0.030211762568298207
0.16970219637627623
0.31384929915905524
0.25718103215776983
0.1604688721827466
0.2665955307756288
13268836672940312e-27
0.21108994374596607
0.21115440337945313
0.46677168127784585
0.5639092302782722
0.0004721630183391953
0.5709299280825592
0.5268665220325143
11.647625609701324
2.09028410889408
2.7943404498852327
0.10423143985192268
0.4857296511119715
2.6011943811186966
4.178771429778619
0.6367163334125008
5.155290178692251
7.2672535137203935
5.160321899324877
2.4703661627748064
2.9516726631391763
0.6083451541959847
31.397951469818956
619.2148921413509
4.002114029219803
5082.768192042326
1.099986028948964
23.2185373059191
1.1722750201939571
45.125965209716874
1.3041788541424497
1.3969441627489452
1.0999850186255191
0.9235133141062118
1.0881501503382278
59.37299159899656
0
0.0008652281895949875
0.000857032362555847
0
0.009161046090468111
0.008223098595798601
0.00818682294393054
0.007544532983101914
0.007256291321160543
0.009973783161193883
0.007287313328035075
0.010477436484270276
0.006252592692926682
0.007929348805780983
0.00976755444878517
0.01805881995276246
0.008346291925220229
0.009280088602994032
0.008747414385619314
0.009697738372378776
0.005595280530019795
0.012513808220343656
0.01949783185223541
0.013222368902132145
0.008151904740821721
0.001900982474363202
0.007444936572734593
0.022937335096900394
0.07217494104474037
0.04162234925027473
0.11460285101895469
9119906923369716e-20
0.010111071949667429
0.22598974197061922
4806103247230028e-21
0.07403275171205721
0.010931992174185298
0.0012695782090653982
5486350633353824e-21
12044233107426458e-22
0.10258292240575508
0.08921814664124314
0.004143932618574426
0.040583628234521135
0.020269187238939983
0.005784141790187729
0.012111130872410713
0.0004828780117104723
0.3344246143171753
15699130004050595e-25
0.07889507199514766
0.00034191153462938105
0.009631695786156974
0.010920066777025103
0.00015706107395558572
0.00017087431199277965
0.3457283869923513
0.00039350291560317704
0.05682510225401224
0.24302302607101325
13179227931842137e-22
25861657799893594e-22
0.00014472580385181972
12571469027825434e-21
0.0005944760848916179
17003065932938196e-21
144322767565145e-21
100440405426736e-20
1907697788287481e-20
0.07668804544471076
0.07749851302267742
4349982658302197e-20
0.00021268205210331958
0.01964023216060053
0.008163037059629894
0.09167688198505591
0.020218980715720557
2782884640688007e-20
0.13806050005051704
0.03871663754548687
5573478403947112e-22
0.2783549186432053
44589635156380936e-23
0.0037648147159888954
0.000982566489901106
22994565953049144e-28
0.28458751911897484
0.34435579107344133
0.018120890533679188
0.27229513946359174
0.35011763050333844
0.007406456986155575
0.19341754504342062
22332184593161874e-26
4630617113907069e-21
0.0006294226085485526
9120653268344437e-20
0.1320391053203701
8645600373326017e-22
0.00011181449642724276
0.16374794317198504
0.0009291754929233157
0.011858928635955005
1220074378854876e-20
0.13907779415799898
0.09735528597988058
0.02127265635234866
31469072557301875e-21
0.00015344943709450385
12006679579180784e-23
0.013689278409394736
0.16500159142426768
8333314517571702e-24
11103299530088426e-21
9106335652837078e-21
9650229747744164e-20
10586404515556173e-21
0.30769710416122303
0.16370606329119025
0.0051559671942198555
0.0015484016959751402
0.04193589510537783
0.0058844328379073
6760406685495123e-20
0.028448901841799355
8323689436425757e-20
0.0007209768814540637
0.08141390775903795
9970378923410137e-22
0.3495666131785493
0.34988319268106105
0.001828205395347286
0.0005370902602449551
5829910094569803e-24
0.0010308163974297583
10390421297709766e-24
0.01028276779110388
0.02935757173917598
0.0009039255720005596
0.00033763598600530147
0.00015455001284525968
26181810752252263e-22
0.006124785550128112
0.030678457061805775
0.02149058360743838
11257175946755328e-24
0.3501794443785508
0.06768179496295416
0
0
8177931117696822e-20
666174181195851e-19
10336382059526301e-22
7596604362964732e-22
0.000193484110302722
0.009757171164825402
0.005391703820315936
15204233672230338e-24
0.00013149912732178079
7328731277080805e-21
0.05666866109079524
0.013414009637752997
0.10111004084362378
38456358420263334e-23
0.06094924839306548
0.007691118119709321
0.0001201439313983524
0.12471838529929205
0.0002964282438180901
18549559457235816e-29
8514842669887627e-20
37361569522699956e-22
0.0001247162232873075
0.01635681543511151
0.0039043664889999137
0.0001635518026445215
0.00015211576277618873
3799874511031412e-24
0.0005144873250694939
0.02296607932478386
13135133566342467e-24
0.0018059876637650457
0.0018009322113844205
4418742020627706e-20
0.1089058003726955
4337244558304466e-20
0.3139283009485822
0.0019107970819324971
0.18410973956718604
0.0033030111448267294
0.0007008928349668779
0.0005692983339177519
44751272201393965e-21
0.3367743949477152
12101994402644412e-21
21567638267258408e-21
0.00830400649441276
0.006445644414753356
2171598477382445e-23
8723031962246638e-20
0.0030559370230989723
0.13330563251569721
0.030297633499788156
0.00010011306159998758
0.02304292067096946
0.00035412448684440516
0
0.11343413508494711
0.012344811040397365
0.32485197199068333
0.30437723680034323
0.3156338623594101
0.052450918479276604
0.029756205725226404
0.3505260480786717
0.32132776930984586
0.35045366743517836
0.3000037712927924
0.2135513059452836
0.0007652234087428427
0.015747076703455307
0.14177778362485982
0.271081080004529
0.13768400348765378
0.00029923543677155655
0.027050893900701985
0.25556430091717725
0.11508390090568724
0.16755541104757346
