1.0501124837767744
0.0248389241241829
2.0741647389872315
0
2.0818080566899595
14941880923891653e-21
2.176838717622178
0
2.3568115086200527
0
4.728365325001847
0
9.451924143774695
0
12.113191483032798
0
30.362958916127198
18.053626008850113
3.673788028883186
4.275036559792522
12007849528985683e-43
16.929284951811837
2.3823346160285643
0.013110189716259204
0
0.10595256052938239
0.002314390943589699
0.027731498320710563
0.006941746560334977
0.25968722272626577
0.2433057888872092
0.0030564033140850124
0.00026531784773805564
0.04603990548413228
0.003393051481866816
0.0009047342044964947
1668423217979222e-24
0.11748321040293618
0.12809124290289292
0.0670281094359567
0.06207765959800801
0
0.10380319216885876
0
4.368858186391202
3.930573224224663
4.500508559585132
0
5.389004856156011
0
4.433387238426904
0.06988877146666211
31.29259113179533
31.460322722926573
13.59362829025718
47.59918508843515
43.03228389145752
1.5610729155900287
0.0014488173969484917
0.016379301115145142
0.487187579438423
34.745234547987245
0.07349947477678302
0.36046135622766123
2.385216997420848
1.395591575237849
32.33598890546611
0
32.250398661681515
0
14.835321908210288
0.00040917974549372434
0.0004107386997177326
0.21302707756924646
6.369885852639907
1.2767416903769484
2.424101238119367
0
0.00035798231412581424
0.018089836432068553
0.0706513193434284
0.03054789777525091
0.009329152039899844
0.00019129004712313473
0.00013783932940882826
0.0013995083121037947
1.9985086452326681
0.4426445003775115
0.13524537040092208
0.16446795611536325
0.0053037806464061674
0.07427559794890828
0.007719524339286396
0.0008501266459597843
0.06700299704883367
1.4192062323835437
0.021348932523226265
33443701997777386e-22
0.011998802049266847
0.0010539044980009962
0
0.9110076095001844
0.5194597402291223
0.04573232075685247
0
0.4184937300546466
0.005959223247708661
0.07168544517477729
0
0.000382606171943836
0
0.12675903605498745
0.7365904257688743
0
0
0
0
0.0029488012720368644
0.3933136949173825
0.0014828088799996913
0.0037559815067824023
0.39618171519690754
0.36021095441524
0.18063248258151574
0.5610991944906492
0.0012418194336175313
0.46800655595958657
0.0008246819739966329
0.3798010381587871
9608164979309153e-22
0.00018201435542714934
0.36204122537146144
0.03205580664207066
2112819030607645e-25
0.08876187880115309
0.08147619933917462
0.21807760553631306
0.0199457195160951
0.03022389354939639
0.16942948551927542
0.31347218052908116
0.25714651694006013
0.1605127147364477
0.26654108350850314
13053343726759575e-27
0.21095860178536946
0.21102342724866824
0.46671990314791534
0.5638725635128816
0.00047140538623790287
0.5702700102747794
0.5270215659470693
11.647475212256388
2.090378831964074
2.7945079857470483
0.10421708306420394
0.485724219758038
2.6013977272779445
4.179184345793185
0.636658459122285
5.154139119347921
7.2650665835221035
5.158767822970431
2.4704349852105745
2.950749237261245
0.6084173974565203
31.396693352035886
619.2146711956048
4.002113917028286
5080.514518381304
1.0999860206103396
23.218536992235325
1.1722688687211626
45.12578176945567
1.3041825893280377
1.3969440879124801
1.0999850102849384
0.9234277842101897
1.0881288097729247
59.45980294437693
0
0.0008651396897983519
0.0008570456278632886
0
0.009160438959827702
0.008219882278780039
0.008182468184459285
0.007537782030344286
0.007252104645074659
0.009971224938455711
0.007281632713440083
0.010475561194475926
0.006247028802839038
0.00792538707254683
0.009764123115249362
0.01805456168620998
0.008341498624942802
0.00927718987930022
0.008742875496447443
0.009694904606038458
0.005596502409687384
0.0125098160144954
0.01948930445309098
0.01321797111463523
0.008148995873433153
0.0019009802062280715
0.007444901579354574
0.02293699730970566
0.0721713984370895
0.04162121332302421
0.11459340635502492
9119906402334409e-20
0.010111007221102865
0.22594525508593727
4806103232761208e-21
0.074029015755531
0.01093191644161047
0.0012695771980844807
5486350614499349e-21
12044233098339815e-22
0.10257547886693655
0.08921261500429511
0.004143921815021545
0.04058254958454181
0.020268924238735102
0.00578412070515232
0.012111037803608506
0.0004828778655803398
0.3342801746883794
1569913000403516e-24
0.07889080320968475
0.0003419114613759222
0.009631637079949245
0.010919991210556883
0.00015706105850113813
0.00017087429370014697
0.3455544925038918
0.00039350281857004134
0.05682294691065383
0.24296953759471315
1317922792096223e-21
25861657757998925e-22
0.00014472579072973983
12571468928828314e-21
0.0005944758633860734
17003065751842965e-21
14432276755209784e-23
10044040536354404e-22
1907697765490747e-20
0.0766840233470186
0.0774944012741613
43499825397690935e-21
0.00021268202376308783
0.019639985399061644
0.0081629949578857
0.0916710225099604
0.0202187190311984
2782884592176153e-20
0.13804631911218576
0.03871565795352739
5573478402001314e-22
0.27827765241402264
4458963514392681e-22
0.0037648058023660464
0.0009825658845367454
22994565953049108e-28
0.28450511949940865
0.3441866623915915
0.018120680822152502
0.27222255126993034
0.34989838900965364
0.007406422354991701
0.19338702089410778
22332184593158751e-26
4630617100475566e-21
0.0006294223602258386
9120652747223842e-20
0.13202625027350678
8645600368643972e-22
0.00011181448859489501
0.16372717116639152
0.0009291749515908563
0.011858839427144132
12200743695304316e-21
0.1390633813753892
0.09734862851278311
0.021272366347631164
31469071936965844e-21
0.00015344942234269375
1200667957827778e-22
0.013689159303018955
0.1649804564214001
83333145175282e-22
11103299452864129e-21
910633560089298e-20
9650229164347335e-20
10586404445354643e-21
0.30759200601754144
0.163685303342131
0.005155950451453865
0.0015484001917295792
0.04193474158319583
0.0058844110130225275
67604063991952e-18
0.028448379031813253
8323689002401053e-20
0.0007209765556051907
0.08140934751260781
9970378917183287e-22
0.3493731477079674
0.3496868824090467
0.001828203297714895
0.0005370900794508774
5829910094548513e-24
0.00103081573111778
1039042129764214e-23
0.01028270083324148
0.02935701443265622
0.0009039250597028738
0.00033763591457275393
0.0001545499978810665
2618181070931392e-21
0.00612476189989478
0.030677847576025086
0.02149028755951053
11257175946675953e-24
0.34996097669564
0.06767869693065807
0
0
817793069874031e-19
6661741533954709e-20
10336382052833896e-22
7596604359349936e-22
0.00019348408684836282
0.00975711091098627
0.005391685506974671
1520423367208553e-23
0.0001314991164887382
7328731243436955e-21
0.05666651799877815
0.01341389530727647
0.10110282383955069
3845635841099971e-22
0.06094675654215765
0.007691080764012812
0.00012014392235554646
0.12470703801310713
0.00029642818876026464
18549559457235816e-29
8514842215698388e-20
37361569435262655e-22
0.00012471621354307767
0.016356644894973127
0.0039043569009056317
0.0001635517858862204
0.00015211574827970928
3799874511022367e-24
0.0005144871591762513
0.022965740679720736
13135133566234394e-24
0.0018059856168547773
0.001800930175928671
4418741898317637e-20
0.10889733844393025
43372444404645656e-21
0.313815748738599
0.0019107947902928459
0.18408254745250344
0.0033030042871797765
0.0007008925270258033
0.0005692981307830297
4475127094687871e-20
0.3366250708874938
1210199431090326e-20
21567637975878376e-21
0.008303962919424677
0.00644561821274993
21715984773529058e-24
8723031485574837e-20
0.003055931154553034
0.1332925051085504
0.03029703930549718
0.00010011305532125639
0.023042579727106233
0.0003541244082633028
0
0.11342489714533505
0.01234471432114868
0.32472424410305945
0.30427583445224227
0.3155191361911633
0.05244909169881388
0.029755632925604444
0.35031820561430593
0.3212052897904785
0.3502400826922989
0.29990698453724984
0.21351260921012935
0.0007652230416548057
0.015746918745525754
0.14176274432176014
0.2710093947825055
0.13766990777356675
0.0002992353806658263
0.027050421947013268
0.25550326283086855
0.11507437037712158
0.167533523949235
