1.0502914523348335
0.02407440670954635
2.0477121418913535
0
2.0553865424445044
14752572759671626e-21
2.1492148207097097
0
2.3268932278840198
0
4.670205982321976
0
9.450599529298046
0
12.09793708699387
0
30.361780975473987
18.074494184159224
3.642605603419154
4.275463426661885
10580919901447905e-43
16.931668048981045
2.382264241224394
0.012949785601416207
0
0.10567362441250258
0.0023109458178785275
0.02767953414336674
0.006941731218275076
0.25918655233198495
0.242850230765597
0.003024478074335074
0.00026191376324444053
0.04594889488933587
0.0033576436290080136
0.0008938043791911905
16467513594869693e-25
0.11720937972526596
0.127833867762364
0.06709424618894702
0.06218497097144892
0
0.10378093859998005
0
4.366674653377125
3.9321716033699334
4.500563090940332
0
5.389685824957849
0
4.433436345393248
0.06940011746625437
31.27100267902856
31.435037469354878
13.554628020854423
47.59199629023591
42.973417854207824
1.560839494324792
0.0014357945055442438
0.016392423185760428
0.48284220299573544
34.74559209126771
0.07344956593057723
0.35978739062869103
2.3851226034607693
1.396720078902424
32.34096750366124
0
32.25660054362455
0
14.83568182728694
0.00040518174423585557
0.0004067032251562237
0.21082394932899487
6.369909231230236
1.2767271139833396
2.424012498142934
0
0.00035798861934542244
0.01810154827299639
0.07064806781372161
0.030546211761544362
0.009332981328304055
0.00019114464136368587
0.0001377479980239373
0.001400151215859857
1.9985265264799876
0.44265353285206044
0.13499257900732847
0.16438404259912046
0.005302959326838354
0.07427299297535427
0.007722438927863473
0.0008454114155218596
0.06695611985635941
1.4175553403541759
0.0213412563639661
33202577252430346e-22
0.011933481203974859
0.0010531335915753089
0
0.9109400266490831
0.5194228632864736
0.045746133329723666
0
0.418475760948318
0.006044603958886771
0.07168197897837988
0
0.00038252875704233126
0
0.12675781284151963
0.7365164488447589
0
0
0
0
0.002918410544068049
0.3933033202568346
0.001474827146379769
0.0037472358074688785
0.3961690990960946
0.3601506822783577
0.18061790899310953
0.5610860565298932
0.0012299225137629717
0.4686300586846415
0.0008248185139843774
0.3798667309639348
9608084113629753e-22
0.0001802542922690012
0.36220736943082377
0.03199369877327883
21030155343518915e-26
0.08971362730342594
0.08143538745800159
0.21806951728195972
0.019947197057070196
0.030227346082115563
0.16935158625747251
0.3133644890707482
0.2571366570526938
0.1605251894060398
0.2665254157050885
12992407453933782e-27
0.210920948317933
0.2109858724845103
0.46670510097691176
0.5638620854485927
0.0004711975517504093
0.5700916906431823
0.5270657162692213
11.647426885645386
2.090405789562953
2.794555457888897
0.10421295790880923
0.48572247308041394
2.6014555975100073
4.17930134768322
0.6366418178152321
5.153810431261933
7.264442622308127
5.158322741153098
2.47045453612067
2.950486564938261
0.6084378351895512
31.396333935907226
619.2146080682631
4.002113884973568
5079.870795179318
1.0999860182278756
23.21853690261139
1.1722671111634362
45.12572935808944
1.3041836549446368
1.3969440665302983
1.0999850079019156
0.923403347375844
1.088122712545263
59.48402463979241
0
0.0008651139241257343
0.0008570493873162938
0
0.009160264459690667
0.00821896031845229
0.00818122130870536
0.0075358515752368535
0.0072509045732158375
0.009970492419359142
0.007280007792664442
0.010475021952886352
0.006245437826624157
0.0079242521860851
0.009763139222196666
0.018053338443817367
0.008340126425513694
0.00927635846724771
0.008741575917654482
0.009694091392354508
0.0055968445081576315
0.012508671254688115
0.019486860829090263
0.013216709847662534
0.008148161906089512
0.0019009795581899597
0.007444891581276207
0.022936900799992267
0.07217038629541321
0.04162088877807528
0.11459070802258235
9119906253467184e-20
0.010110988727303385
0.22593254615603442
4806103228627259e-21
0.07402794837400897
0.010931894803828312
0.0012695769092329378
5486350609112357e-21
12044233095743631e-22
0.1025733522407658
0.0892110345995908
0.004143918728297323
0.040582241404099176
0.020268849096446214
0.005784114680870606
0.012111011212653523
0.0004828778238288815
0.334238917682507
15699130004030751e-25
0.07888958359911927
0.0003419114404463654
0.00963162030681276
0.010919969620233439
0.00015706105408558197
0.00017087428847368085
0.3455048244313411
0.0003935027908462927
0.05682233111328133
0.2429542573353439
13179227917853686e-22
2586165774602902e-21
0.00014472578698057436
12571468900543423e-21
0.0005944758000987901
17003065700101473e-21
14432276754837007e-23
1004404053454892e-21
19076977589773948e-21
0.07668287421499563
0.07749322652894026
4349982505902493e-20
0.00021268201566587946
0.01963991489633427
0.008162982928855813
0.0916693484430065
0.020218644264814147
27828845783156234e-21
0.13804226768306513
0.03871537807466281
5573478401445371e-22
0.27825558028817404
44589635140368493e-23
0.0037648032556205375
0.0009825657115755681
22994565953049095e-28
0.2844815811333502
0.34413835517000285
0.01812062090501922
0.27220181534042537
0.34983577380274916
0.007406412460403194
0.19337830059340796
22332184593157857e-26
4630617096637993e-21
0.0006294222892765096
912065259833225e-19
0.13202257763285444
8645600367306244e-22
0.00011181448635708146
0.16372123679164516
0.0009291747969244973
0.011858813939035711
12200743668663046e-21
0.13905926371184443
0.09734672646294706
0.021272283489866615
3146907175972698e-20
0.00015344941812789112
1200667957801978e-22
0.01368912527281622
0.1649744183464038
8333314517515773e-24
11103299430800044e-21
9106335586051808e-21
9650228997662532e-20
10586404425297062e-21
0.3075619845704818
0.1636793724116707
0.005155945667816425
0.0015483997619454015
0.041934412011257485
0.005884404777356032
6760406317395222e-20
0.02844822965929621
8323688878394e-17
0.0007209764625055397
0.08140804463197333
9970378915404185e-22
0.3493178915281558
0.3496308139932326
0.001828202698391797
0.0005370900277954377
58299100945424305e-25
0.0010308155407430083
10390421297622816e-24
0.010282681702503734
0.0293568552041652
0.0009039249133321598
0.00033763589416345744
0.00015454999360558296
2618181069704582e-21
0.006124755142702029
0.03067767343945464
0.02149020297513736
11257175946653274e-24
0.34989858239538146
0.06767781180462008
0
0
8177930579038453e-20
6661741454525053e-20
1033638205092178e-21
7596604358317137e-22
0.00019348408014711784
0.009757093695672004
0.005391680274602877
1520423367204416e-23
0.00013149911339358335
7328731233824426e-21
0.05666590570165964
0.013413862641605018
0.10110076193300487
3845635840835296e-22
0.06094604460346768
0.007691070090989992
0.00012014391977188774
0.12470379612097103
0.0002964281730294592
18549559457235816e-29
8514842085930038e-20
37361569410280566e-22
0.00012471621075901213
0.016356596169545896
0.003904354161454447
0.0001635517810981347
0.00015211574413785824
3799874511019783e-24
0.0005144871117781917
0.022965643924905584
13135133566203516e-24
0.0018059850320236983
0.001800929594370308
44187418633719035e-21
0.10889492087076263
4337244406796023e-20
0.31378359837675646
0.0019107941355391647
0.18407477901456473
0.0033030023278546906
0.0007008924390426639
0.0005692980727445508
4475127058844579e-20
0.33658241903250613
12101994284691503e-21
21567637892626936e-21
0.00830395046947008
0.0064456107264828
21715984773444663e-24
8723031349382899e-20
0.0030559294778276925
0.1332887546582408
0.03029686953784017
0.00010011305352733325
0.023042482315500448
0.00035412438581156253
0
0.11342225787220246
0.012344686687216812
0.32468775964602287
0.30424686855811267
0.3154863649458906
0.05244856977322492
0.029755469270594838
0.35025884469199514
0.3211703042176883
0.3501790823922349
0.29987933691420376
0.21350155428807258
0.0007652229367725417
0.015746873614979767
0.14175844767104237
0.27098891677253945
0.13766588069174687
0.00029923536463561957
0.027050287104614597
0.2554858260554043
0.11507164751392872
0.16752727101771023
