1.0508283580090108
0.02191900475809548
1.9703036326648165
0
1.9780793370224863
14198732765377712e-21
2.068386476047135
0
2.23934777861103
0
4.4999992137117895
0
9.446861729862396
0
12.05247889235238
0
30.358362812372476
18.136814711150222
3.5505306484184693
4.276652429794836
7238330142971959e-43
16.93886651364856
2.3820511244875147
0.012479710188281545
0
0.1048389087755575
0.002300514309245693
0.027524145233336725
0.006941685204577441
0.25768954562568624
0.24148796364638966
0.002930616856842947
0.0002519424575211339
0.04567682550153312
0.003253542524343603
0.000861802717475925
15832967044425533e-25
0.11638773510228743
0.1270594071708226
0.06729456845433049
0.06250170720608739
0
0.10371266397614219
0
4.360156020989433
3.9368957075026088
4.500706216488051
0
5.391715872209961
0
4.433573976321816
0.06800854929467583
31.20567813003404
31.358558320382944
13.437353906640801
47.57180265916621
42.80290263556909
1.5601375573657972
0.0013990258624921744
0.016431503146207446
0.4705637065074071
34.74660108954017
0.07330002360807537
0.3578284087526494
2.3848337554194092
1.4000792072283876
32.35552844081083
0
32.27458376232985
0
14.836769162480158
0.00039387054756020545
0.00039530144958049737
0.2045938745645687
6.369973107435021
1.27668410163678
2.4237462990284677
0
0.0003580036858760259
0.018137356112227127
0.07063820131448022
0.03054112709312021
0.009344356142032767
0.00019071108269154763
0.00013747550117238625
0.0014020643174315977
1.9985782115453516
0.4426800257708834
0.13423632894870074
0.1641334420722506
0.005300458223409721
0.07426388692398152
0.007730939959387251
0.0008313876410545236
0.06681616312619841
1.4126318368846102
0.02131826908221412
32488041062467864e-22
0.011739148944703662
0.0010508340263979275
0
0.9107368921165292
0.5193111965193405
0.04578705157317143
0
0.4184208540927787
0.006300331252300165
0.07167157821492616
0
0.000382309132044403
0
0.12675414330127535
0.7362945478989472
0
0
0
0
0.0028290274642597405
0.39327202753723717
0.0014510787493009
0.00372101743962582
0.3961312463118794
0.35996977976393973
0.18057433214121874
0.5610455720120505
0.0011963028973012275
0.4704878166955511
0.000825233676886221
0.38006628442067836
960784158812873e-21
0.00017528010434190937
0.36269977469607106
0.031807976018369495
207387376209564e-24
0.09252390359548132
0.0813132952482166
0.21804524474305845
0.019951591688784263
0.030237669868476542
0.16911793687833576
0.31304156609956124
0.2571070818683379
0.1605624851563417
0.26647813607088655
12811269125721722e-27
0.21080767000701478
0.21087287546268726
0.4666606723403284
0.5638306463284511
0.0004705955811785467
0.5695822586434535
0.5271978031150241
11.647268575050711
2.0904863800113405
2.7946968244145043
0.10420052047264357
0.4857167480346183
2.601628599810515
4.17964976542987
0.636591611451604
5.15282521382796
7.2625737192458235
5.156985022075428
2.4705128886278263
2.9497018850450267
0.608498642187745
31.39525709588276
619.214418686277
4.002113788809413
5077.940114907134
1.0999860110804836
23.218536633739586
1.1722618385060668
45.12557212435595
1.3041868475894216
1.3969440023828603
1.0999850007528467
0.9233300376206213
1.0881044210668382
59.555175186649166
0
0.0008650354007099771
0.0008570605826195394
0
0.009159738182999158
0.008216187327052468
0.008177474511851046
0.007530056742408456
0.007247294896493388
0.009968291346275044
0.007275128805981738
0.010473396195389197
0.006240662144066016
0.007920840521787055
0.009760179264757864
0.018049653151980854
0.008336003602666377
0.009273856703720646
0.008737670810169035
0.009691643303034117
0.00559785281741741
0.01250522733398508
0.01947951287894923
0.01321291481661048
0.008145653285357636
0.0019009776140769502
0.007444861587121668
0.02293661127328853
0.07216734995555008
0.04161991515841243
0.11458261340647469
9119905806865522e-20
0.010110933246107904
0.22589442365526324
4806103216225413e-21
0.07402474632178174
0.010931829890738806
0.0012695760426787036
5486350592951378e-21
12044233087955083e-22
0.10256697262678906
0.08920629355345745
0.0041439094681384545
0.04058131687681298
0.02026862367125098
0.005784096608063111
0.012110931440138872
0.00048287769857452824
0.33411517721412276
15699130004017523e-25
0.07888592488054891
0.00034191137765770266
0.009631569987578562
0.010919904849519227
0.0001570610408389142
0.00017087427279428342
0.3453558630436528
0.0003935027076750584
0.05682048376120438
0.24290842232281176
1317922790852805e-21
2586165771011931e-21
0.00014472577573307853
1257146881568875e-20
0.0005944756102369805
17003065544876997e-21
1443227675371868e-22
10044040529132463e-22
19076977394373374e-21
0.07667942692224614
0.07748970240012455
43499824043026935e-21
0.00021268199137425614
0.01963970338967067
0.00816294684187251
0.09166432642557022
0.020218419967320246
2782884536734035e-20
0.13803011410910532
0.03871453845020863
5573478399777544e-22
0.27818937441423075
4458963512969353e-22
0.003764795615394346
0.0009825651926922186
22994565953049067e-28
0.284410977719129
0.3439934741814671
0.01812044115480809
0.27213961702850087
0.34964799540491875
0.007406382776716983
0.19335214205055762
2233218459315518e-25
46306170851252755e-22
0.0006294220764285709
9120652151657483e-20
0.13201156032386815
8645600363293062e-22
0.00011181447964364111
0.16370343495794148
0.0009291743329255746
0.01185873747503914
12200743588739236e-21
0.13904691145273915
0.0973410205364156
0.021272034918509392
3146907122801039e-20
0.00015344940548348395
12006679577245774e-23
0.013689023182715589
0.16495630544729772
8333314517478485e-24
11103299364607788e-21
9106335541528296e-21
9650228497608143e-20
10586404365124323e-21
0.307471937808992
0.16366158090965735
0.005155931316930734
0.0015483984725935846
0.04193342331098333
0.005884386070396193
6760406071995299e-20
0.02844778154645088
832368850637285e-19
0.0007209761832066588
0.08140413611517694
9970378910066887e-22
0.3491521754184542
0.3494626626797189
0.0018282009004236808
0.0005370898728291486
5829910094524181e-24
0.001030814969618904
10390421297564849e-24
0.01028262431050405
0.029356377523873912
0.0009039244742201598
0.00033763583293557525
0.00015454998077913317
2618181066024152e-21
0.006124734871168509
0.03067715103567399
0.02148994922401536
11257175946585238e-24
0.3497114662320924
0.06767515649596145
0
0
8177930219932892e-20
6661741216236094e-20
10336382045185432e-22
759660435521874e-21
0.00019348406004338436
0.009757042049911454
0.005391664577517962
1520423367192004e-23
0.0001314991041081192
7328731204986841e-21
0.05666406885000006
0.013413764645067945
0.10109457646566904
38456358400412714e-23
0.06094390883729568
0.007691038072010397
0.0001201439120209119
0.12469407095021255
0.000296428125837048
18549559457235816e-29
8514841696625001e-20
37361569335334307e-22
0.00012471620240681592
0.01635644999413509
0.0039043459431124267
0.0001635517667338784
0.00015211573171230585
37998745110120295e-25
0.0005144869695840394
0.022965353662905908
13135133566110883e-24
0.0018059832775315973
0.0018009278496963455
4418741758534705e-20
0.10888766847328271
4337244305790397e-20
0.31368716705266847
0.0019107921712794669
0.1840514756677009
0.0033029964498864067
0.0007008921750933122
0.0005692978986291499
4475126951314703e-20
0.33645449588985327
12101994206056232e-21
21567637642872624e-21
0.008303913119718287
0.006445588267733577
21715984773191466e-24
8723030940807096e-20
0.00305592444765719
0.13327750394045848
0.030296360240576803
0.00010011304814556406
0.02304219008315391
0.0003541243184563501
0
0.11341434042127693
0.012344603785792363
0.3245783308683814
0.30415998741932726
0.3153880716312774
0.0524470040276202
0.02975497831096658
0.3500808222699892
0.3210653703613586
0.34999614523011446
0.2997964093366884
0.21346839295609057
0.0007652226221258361
0.01574673822411786
0.14174555850022974
0.270927492026329
0.1376538001530679
0.0002992353165450046
0.027049882581451596
0.2554335228685049
0.11506347931091059
0.16750851362338737
