1.0512243377322723
0.020453855245395693
1.915042159128943
0
1.9228998961990664
13803471032303932e-21
2.0106910208253344
0
2.176854432992079
0
4.378475551981172
0
9.444320100553446
0
12.019245777616659
0
30.3559524895298
18.18250310416681
3.4840192795141682
4.27744798940608
5469895506657936e-43
16.944222647640178
2.3818921782107934
0.012143492807940528
0
0.10422535270854161
0.002292730984041205
0.02741002640308028
0.006941651280709392
0.25659027575708926
0.24048749648940995
0.0028631999313310248
0.0002448144095443849
0.04547709199825294
0.0031787697644287457
0.0008389394343830734
15379625210560884e-25
0.1157816987604788
0.12648608606928377
0.06744441880267668
0.06273061805499576
0
0.1036608736268433
0
4.355379171882759
3.940310157932814
4.5007936839449965
0
5.393200675886021
0
4.433666505774053
0.06705357463167393
31.15696886727535
31.30156262691762
13.350608729428863
47.55815783947166
42.68638532267555
1.5596183674832862
0.0013740555639806928
0.016461429708791563
0.4622162552674811
34.7472856957844
0.07318990554408507
0.3564443084193153
2.384615474199885
1.4025314206314077
32.36593390169395
0
32.28729108242324
0
14.83757827482999
0.00038616427972132107
0.0003874774246899974
0.20035090051944665
6.370014413206371
1.2766530478309703
2.423549991334495
0
0.0003580114211595985
0.018164468728616764
0.07063082188279307
0.030537351995659694
0.009352644333182265
0.0001903938736790345
0.00013727596617524586
0.0014034604023217742
1.9986145495198149
0.4426989882446475
0.13368063337018493
0.16394971314596873
0.005298582661560485
0.07425595230307522
0.007736979166706405
0.0008211617589699065
0.06671359211104824
1.4090288268085194
0.02130135663521811
31969484862887965e-22
0.011597390115503092
0.0010491506435404327
0
0.9105867113178402
0.5192278717043445
0.04581676841725002
0
0.418379405568741
0.006488483638399811
0.07166390605000178
0
0.0003821586483681003
0
0.12675143703312206
0.7361309195220067
0
0
0
0
0.002764793021526054
0.3932487861985906
0.0014337527577745013
0.0037017001736714063
0.39610332473189275
0.3598362875117248
0.18054233225422528
0.5610147225872939
0.0011734359135373395
0.4718457422529691
0.0008255451445947934
0.3802158148573688
960766279023088e-21
0.00017189627826713822
0.3630571946590991
0.031671580010580215
20526369558840026e-26
0.09455376485518564
0.0812235740759107
0.2180273357682845
0.019954797936581503
0.030245252976973978
0.16894566191928587
0.3128035489253339
0.25708527398319087
0.16058987575978675
0.26644301671500503
12679266980037487e-27
0.2107238354122876
0.21078923461855853
0.46662788424450835
0.5638074545470348
0.00047017119850223
0.5692297760060494
0.5272948931315651
11.647139727294862
2.0905455464811147
2.7948000797889145
0.10419128800386039
0.4857120858054641
2.6017556093349805
4.17990425229406
0.6365543115396468
5.152099672303283
7.261198711846966
5.155996314501292
2.4705556365181716
2.9491265478240654
0.6085430292321211
31.394465199004635
619.2142790129411
4.00211371788624
5076.516665988541
1.0999860058091249
23.218536435440726
1.1722579498206833
45.125456161376235
1.3041891981993174
1.3969439550718585
1.099984995480252
0.9232759707886893
1.0880909308964832
59.60622313786263
0
0.0008649763501138451
0.0008570687585404037
0
0.009159347360598494
0.008214136049694709
0.008174705933508558
0.007525780220427065
0.007244624257771579
0.00996666519179874
0.007271526998788324
0.010472190315324086
0.0062371378515334195
0.007918318289674488
0.00975798909755845
0.01804692173901615
0.008332957655384682
0.009272005135459109
0.008734785318854339
0.009689830467205555
0.0055985797219654685
0.012502679137752675
0.019474078845190257
0.013210106204448535
0.00814379735692576
0.0019009761802521936
0.007444839465851556
0.022936397743329166
0.07216511067008366
0.041619197107126776
0.11457664381573701
9119905477487004e-20
0.010110892327703128
0.22586631159550694
4806103207078779e-21
0.07402238482670218
0.010931782016157004
0.0012695754035763084
54863505810323015e-22
12044233082210855e-22
0.10256226777564034
0.08920279708927595
0.004143902638581227
0.04058063503113525
0.020268457416826344
0.005784083279006951
0.012110872606494464
0.00048287760619671337
0.33402394525500995
15699130004007764e-25
0.07888322660399219
0.0003419113313496927
0.009631532876206947
0.010919857079941515
0.00015706103106920662
0.0001708742612303845
0.34524604190099706
0.0003935026463344583
0.05681912133696821
0.24287462353524078
1317922790165019e-21
25861657683635104e-22
0.00014472576743780393
12571468753106564e-21
0.0005944754702097662
17003065430395537e-21
14432276752893887e-23
1004404052513771e-21
19076977250261164e-21
0.0766768845674497
0.07748710338043284
43499823293706116e-21
0.00021268197345865238
0.019639547400321755
0.0081629202270322
0.09166062275372784
0.020218254544588022
27828845060667014e-21
0.1380211512670662
0.038713919220405554
5573478398547484e-22
0.2781405562218566
44589635121820504e-23
0.003764789980569712
0.000982564810004531
22994565953049047e-28
0.28435891737840974
0.34388666035372417
0.018120308586223165
0.2720937535142721
0.349509569297234
0.00740636088442288
0.1933328518181079
22332184593153207e-26
46306170766343945e-22
0.0006294219194485888
9120651822225052e-20
0.13200343540567902
8645600360333252e-22
0.00011181447469233168
0.16369030695495418
0.0009291739907163299
0.011858681081478686
12200743529793675e-21
0.13903780209346314
0.09733681250460989
0.02127185159353677
31469070835857735e-21
0.00015344939615795667
1200667957667493e-22
0.013688947889512663
0.164942948060715
8333314517450987e-24
11103299315789548e-21
9106335508691225e-21
9650228128807068e-20
10586404320745605e-21
0.30740554323762836
0.16364846052539614
0.0051559207328630355
0.0015483975216689977
0.04193269413775878
0.005884372273640678
6760405891007473e-20
0.02844745105791115
8323688231999094e-20
0.0007209759772176713
0.08140125361845811
9970378906130509e-22
0.34903000652248345
0.34933869921243604
0.0018281995743838512
0.0005370897585381367
5829910094510723e-24
0.0010308145484025399
10390421297522097e-24
0.010282581982849402
0.029356025229151046
0.0009039241503655553
0.00033763578777867495
0.0001545499713193455
26181810633097542e-22
0.006124719920510435
0.0306767657571155
0.021489762078911182
1125717594653506e-23
0.349573528070671
0.06767319821427592
0
0
8177929955084667e-20
6661741040492759e-20
1033638204095475e-21
7596604352933603e-22
0.00019348404521644081
0.009757003960204244
0.005391653000602466
152042336718285e-22
0.00013149909725988595
7328731183718488e-21
0.05666271416972106
0.01341369237092891
0.10109001479017347
3845635839455661e-22
0.06094233371080545
0.007691014457395332
0.00012014390630439735
0.12468689890919933
0.00029642809103161335
18549559457235816e-29
8514841409504001e-20
373615692800598e-20
0.00012471619624688818
0.016356342187397132
0.0039043398819158244
0.0001635517561399248
0.0001521157225481888
3799874511006311e-24
0.0005144868647127553
0.022965139590658604
13135133566042563e-24
0.0018059819835562424
0.0018009265629620745
44187416812149705e-21
0.10888231998038474
4337244231296531e-20
0.31361606582246215
0.0019107907225961059
0.18403429082799314
0.0033029921147624403
0.0007008919804249335
0.000569297770215253
44751268720090605e-21
0.3363601809161646
12101994148060992e-21
21567637458673336e-21
0.008303885573563909
0.006445571703963052
2171598477300473e-23
8723030639473482e-20
0.0030559207378013046
0.1332692068975467
0.030295984628148264
0.0001001130441763913
0.023041974557756615
0.0003541242687804103
0
0.11340850148149996
0.01234454264452832
0.32449764837337186
0.30409592656871687
0.31531559777608137
0.05244584928580767
0.029754616222651395
0.34994958480189964
0.3209880013059859
0.3498612862926738
0.29973526312137716
0.21344393904587675
0.0007652223900670651
0.015746638371130363
0.14173605320465055
0.27088219884844184
0.1376448911697887
0.0002992352810771251
0.027049584240613045
0.25539495498053777
0.11505745545334307
0.1674946809788994
