1.051956823754054
0.017996610914598626
1.81676635158215
0
1.8247908195439615
13100791682652001e-21
1.9081030243587127
0
2.0657291621153075
0
4.1623302441325185
0
9.440062485269818
0
11.958427400162964
0
30.3517396985061
18.266399680602202
3.3640462168715017
4.278747896572214
3257076797397647e-43
16.95424188187323
2.3815946667302095
0.011544234915028371
0
0.10309518618471404
0.0022781406622235266
0.02720001084072225
0.006941588556313457
0.2545675759780983
0.2386462966147073
0.00274242980332535
0.00023211676022339342
0.045109685778041704
0.0030448202522344613
0.0007982396174406643
14572670924185013e-25
0.11466082365232898
0.12542111417851165
0.06772704537309393
0.06314458183185655
0
0.10356192128428143
0
4.346613865819846
3.946466078607784
4.500919593577979
0
5.395919425847999
0
4.433821670224277
0.06541508793926891
31.065710343501486
31.194850931719756
13.189613409058248
47.535486646303184
42.47536956315692
1.558655909525417
0.001331639874711364
0.016513490590995123
0.44801994037011494
34.748424113688294
0.07298658198266812
0.3540196525615308
2.384202184070731
1.4070115846097289
32.38451682713291
0
32.30968424168781
0
14.839090730226953
0.00037304066229629516
0.0003741841045155757
0.1931295742565102
6.37008038034579
1.2765970375371336
2.423186904731379
0
0.00035801915771231034
0.018216340506777604
0.0706169571846006
0.0305303145374937
0.009367773260736564
0.00018981279316366336
0.00013691008044822652
0.0014060100602647455
1.9986781047817423
0.4427327894450309
0.13265739464299148
0.16361229448009648
0.005295059893090404
0.0742386214512609
0.007747644222566185
0.0008025067418106793
0.06652531452839365
1.4024281020443967
0.021270169020415505
31028899652032675e-22
0.011338663077153411
0.0010460647408938415
0
0.9103081109789345
0.5190716610552838
0.045870822230673645
0
0.41830062421138225
0.006835307203281887
0.07164973940813261
0
0.0003819039943113293
0
0.1267464311867913
0.7358283015289703
0
0
0
0
0.0026496437929981543
0.39320543096850413
0.0014021251027104683
0.003666014761733373
0.3960516654895532
0.3595892219022163
0.18048345183034809
0.5609558891130949
0.0011345524322578188
0.47433046479928537
0.0008261329341363715
0.38049760984446157
960733220932424e-21
0.00016614155711638153
0.3637056857638875
0.03142057171249125
20139176813484593e-26
0.09821402507751181
0.0810583150318767
0.2179941910605187
0.01996065596135241
0.030259216133180767
0.1686270910095836
0.31236358918417895
0.2570449441201986
0.16064030746644742
0.2663775445572698
12438602210923953e-27
0.21056816163107092
0.21063389039338187
0.4665671864842348
0.5637645436088999
0.00046942651087874274
0.5686258735097531
0.5274738322509309
11.646876618692364
2.09065438943816
2.7949888448783655
0.10417407636456234
0.48570256053005145
2.6019892515383356
4.18036948720874
0.6364847058985076
5.150760802566555
7.258664232221079
5.154163517684728
2.470634067631689
2.94807039134122
0.608624194377778
31.39300835711782
619.2140206443247
4.002113586692068
5073.884612021967
1.0999859960581289
23.21853606862614
1.172250756537655
45.125241653042444
1.3041935373638986
1.3969438675537222
1.0999849857269681
0.9231759592177429
1.0880659771262744
59.6975572762098
0
0.0008648647017367064
0.0008570836981677876
0
0.009158618372069624
0.008210330061851871
0.00816957508752573
0.007517865406328652
0.00723966737309478
0.0099636526037059
0.0072648585716504205
0.010469947102180533
0.006230615500157588
0.007913641240887647
0.009753924349289839
0.018041843939284666
0.008327313672710682
0.009268568070107706
0.008729437979547663
0.009686463240377217
0.005599888613497699
0.012497950330795508
0.019463999136972842
0.01320489260138307
0.00814035353303137
0.001900973527956125
0.00744479854594686
0.022936002759377978
0.07216096860753261
0.04161786888356142
0.11456560204537837
9119904868200384e-20
0.010110816636992377
0.22581431893454315
4806103190159274e-21
0.07401801671539107
0.010931693457978182
0.0012695742213611402
5486350558984313e-21
12044233071585146e-22
0.10255356527839289
0.08919632966694829
0.004143890005248855
0.04057937377849672
0.020268149881840034
0.005784058622907942
0.012110763776366796
0.0004828774353156413
0.33385524940437816
15699130003989704e-25
0.07887823555668275
0.00034191124568883324
0.009631464227712806
0.010919768715998165
0.0001570610129971357
0.0001708742398394066
0.34504298603450917
0.00039350253286621844
0.05681660120132931
0.2428121147002236
13179227888927469e-22
2586165763464444e-21
0.0001447257520931491
12571468637341607e-21
0.0005944752111865468
17003065218626946e-21
14432276751368185e-23
10044040517748184e-22
19076976983681403e-21
0.07667218192419958
0.07748229592565518
43499821907607333e-21
0.000212681940318249
0.01963925885341444
0.008162870994945845
0.09165377207045391
0.02021794854804503
27828844493380565e-21
0.13800457327406307
0.03871277379095312
5573478396272111e-22
0.27805027457251014
4458963510725694e-22
0.00376477955725449
0.0009825641021066014
22994565953049015e-28
0.28426264091764414
0.3436891628123169
0.01812006336249727
0.27200893524150593
0.34925365216254917
0.007406320388076895
0.19329717368568503
2233218459314956e-25
4630617060927904e-21
0.000629421629066039
9120651212838696e-20
0.13198840719404867
8645600354858176e-22
0.00011181446553336598
0.16366602545939293
0.000929173357695642
0.01185857676498867
12200743420755772e-21
0.13902095311084034
0.0973290289378455
0.021271512481902982
3146907011045107e-20
0.00015344937890753358
12006679575618973e-23
0.013688808612718423
0.16491824232579522
833331451740012e-23
11103299225485236e-21
9106335447948987e-21
9650227446596335e-20
1058640423865355e-20
0.3072827638890461
0.16362419312049598
0.005155901154438913
0.0015483957626436816
0.04193134534152179
0.005884346752392484
6760405556214958e-20
0.028446839728051992
832368772446065e-19
0.000720975596177977
0.0813959218251858
9970378898848969e-22
0.34880413031799135
0.34910950662848006
0.0018281971214687686
0.0005370895471218989
5829910094485829e-24
0.0010308137692340597
10390421297443014e-24
0.010282503685321303
0.029355373563087605
0.0009039235512973813
0.0003376357042471454
0.00015454995382056658
2618181058288643e-21
0.006124692264776262
0.030676053078936043
0.021489415900903072
1125717594644224e-23
0.34931851249992785
0.06766957592067283
0
0
8177929465166618e-20
6661740715401538e-20
10336382033128808e-22
7596604348706539e-22
0.00019348401778946148
0.009756933501993206
0.005391631585609896
15204233671659176e-24
0.00013149908459197777
7328731144376145e-21
0.056660208358166465
0.013413558678754725
0.1010815771139301
38456358383723947e-23
0.06093942013826799
0.0076909707751087065
0.00012014389572995008
0.1246736331055802
0.0002964280266482912
18549559457235816e-29
851484087838562e-19
3736156917781264e-21
0.0001247161848522122
0.016356142767622997
0.003904328669897367
0.00016355173654315818
0.00015211570559634332
37998745109957365e-25
0.0005144866707211871
0.0229647436035995
13135133565916184e-24
0.0018059795899541546
0.001800924182754573
4418741538188397e-20
0.10887242699380456
43372440934972695e-21
0.3134845847524751
0.0019107880428145317
0.18400250642217733
0.0033029840956352403
0.0007008916203261674
0.0005692975326744173
447512672530894e-19
0.3361857861083411
12101994040780995e-21
2156763711794023e-20
0.008303834618738501
0.0064455410642983435
21715984772659304e-24
8723030082064514e-20
0.0030559138752961844
0.1332538603317985
0.030295289829963042
0.00010011303683418861
0.023041575882704512
0.00035412417688953274
0
0.11339770136277867
0.012344429545794799
0.3243484541970905
0.30397746192626623
0.3151815790327221
0.05244371330345549
0.029753946440803848
0.34970695049084716
0.32084493263267255
0.34961196025010066
0.2996221873007646
0.21339871141766428
0.000765221960803336
0.015746453664054697
0.14171847192342552
0.2707984351731483
0.13762841279085386
0.00029923521546840816
0.027049032376346305
0.25532362718404816
0.1150463133113116
0.16746909626852371
