1.0521506969185046
0.01739712844610635
1.7915880568690756
0
1.79965967629033
12920814845603749e-21
1.8818234922536687
0
2.037261471865067
0
4.106947449857009
0
9.439025954342604
0
11.942472688825093
0
30.35067777257063
18.288470344313712
3.3329459997105766
4.279056006372842
28393242498674092e-44
16.956918660302886
2.3815152387353966
0.011390424057784997
0
0.10279712577932243
0.002274238489311642
0.027144659301127284
0.0069415719607917505
0.2540345412722566
0.23816102779715387
0.002711302192990891
0.00022885901424476914
0.04501288856177232
0.003010295245817869
0.000787803342900399
14365772926858053e-25
0.11436424076473899
0.12513833441587838
0.06780314732902325
0.06325226282431144
0
0.103535057467149
0
4.344309570629556
3.948059973591698
4.500945817763433
0
5.396632957210735
0
4.433859805217715
0.06500499791668622
31.04131030075486
31.166335056852994
13.146891084085206
47.53000775454965
42.418497281545896
1.5584008924030828
0.0013210971399697355
0.016525830354610024
0.4444879894504081
34.74869851861104
0.07293284592097644
0.3534072088331632
2.3840910262834725
1.4081853106420492
32.389303489395715
0
32.31538998572084
0
14.839494419481714
0.0003697742747562392
0.00037091548949948027
0.19133333477898978
6.3700959100001375
1.2765825140584781
2.423090813294535
0
0.00035801993154282156
0.01823046696715752
0.07061324351313876
0.030528440383258946
0.009371737188011563
0.0001896602296545268
0.00013681393727328763
0.0014066778423939043
1.9986941830169993
0.44274146122181435
0.1323875973120345
0.1635235172725937
0.005294118335862678
0.07423347042897298
0.007750358658581138
0.0007976256894049967
0.06647579909052356
1.4006951130948397
0.021261936253653375
30783959461481485e-22
0.011270942941764745
0.0010452540318936
0
0.9102342023922246
0.5190298797655566
0.045884948007291586
0
0.41827931828929665
0.006926804902497774
0.07164599889327115
0
0.0003818414181270159
0
0.12674510629842184
0.7357482186518951
0
0
0
0
0.002619946697309258
0.39319387686243834
0.0013938454941214487
0.003656580757981263
0.3960379902910036
0.3595238057750783
0.18046793585675738
0.5609399927476053
0.001124883914595816
0.47498223853138
0.0008262910077842019
0.38057330971639264
9607244747334982e-22
0.00016471050975428787
0.36387460557612106
0.031354417761685724
20037908834230887e-26
0.09916249414636802
0.08101472522190134
0.2179854147925515
0.01996219145151188
0.030262898765172897
0.1685427949518814
0.31224721226215
0.2570342720543596
0.16065360828473435
0.26636011328473136
1237565883139741e-26
0.21052683708146724
0.21059264711850192
0.46655111123508963
0.5637531837040333
0.00046923761139054703
0.5684758574508922
0.5275210622923608
11.646801971084633
2.090683067090798
2.79503832308189
0.10416949184971278
0.4856998571661951
2.6020508098016113
4.180491431715524
0.6364661507015266
5.150407270990843
7.257995615376569
5.15367771014951
2.470654686923649
2.9477926966415
0.6086454862488462
31.392624954008593
619.2139522597734
4.002113551967817
5073.188192845674
1.0999859934772518
23.218535971538273
1.1722488526390265
45.12518487750921
1.3041946838928682
1.3969438443891524
1.0999849831454864
0.9231494886794714
1.0880593725000551
59.72107521300095
0
0.0008648346470831886
0.0008570876117867391
0
0.009158424105108144
0.008209320554424335
0.008168215354222278
0.007515769962284214
0.007238352107833662
0.009962854544570894
0.007263092641499149
0.0104693510886939
0.006228888772107201
0.007912401196738087
0.009752846017362983
0.01804049526258784
0.008325818116317633
0.009267656137298174
0.008728020915442655
0.009685569415764456
0.0056002275670472635
0.012496695961216974
0.019461326066441523
0.01320350928092815
0.008139440054268934
0.0019009728259514957
0.007444787715373165
0.022935898216830588
0.07215987233319539
0.04161751733868349
0.1145626797063271
9119904706935436e-20
0.01011079660339759
0.22580055960796305
4806103185681047e-21
0.07401686061420067
0.01093167001866889
0.0012695739084546084
5486350553148689e-21
12044233068772749e-22
0.102551262039692
0.08919461795899815
0.004143886661486204
0.04057903995883705
0.020268068484779682
0.0057840520969908455
0.012110734971555893
0.0004828773900871375
0.3338106135323561
15699130003984925e-25
0.07887691458755491
0.0003419112230162651
0.009631446058027087
0.010919745328098395
0.00015706100821385083
0.00017087423417767912
0.34498926154129717
0.00039350250283364164
0.05681593419478815
0.24279557265998428
1317922788556004e-21
25861657621677676e-22
0.00014472574803175203
12571468606701132e-21
0.000594475142628737
17003065162576394e-21
14432276750964367e-23
10044040515792336e-22
19076976913123525e-21
0.07667093728478999
0.07748102354655557
4349982154073706e-20
0.0002126819315467038
0.01963918248201536
0.008162857964329986
0.09165195892885908
0.020217867558171385
27828844343232147e-21
0.13800018577211665
0.0387124706262902
557347839566987e-21
0.2780263838828619
44589635103402276e-23
0.003764776798433833
0.000982563914741457
22994565953049003e-28
0.28423716408248295
0.3436369084824418
0.018119998457650655
0.27198649010966447
0.3491859478150486
0.007406309669609422
0.19328773155980156
22332184593148593e-26
4630617056770736e-21
0.0006294215522080981
912065105154735e-19
0.1319844298387072
8645600353409043e-22
0.00011181446310918652
0.16365959927696763
0.0009291731901488665
0.01185854915482967
12200743391895803e-21
0.13901649389228604
0.0973269689006996
0.02127142272731267
3146906991845166e-20
0.000153449374341721
12006679575339484e-23
0.01368877174940867
0.1649117038729226
8333314517386655e-24
11103299201583641e-21
9106335431871834e-21
9650227266029958e-20
10586404216925563e-21
0.3072502750664447
0.16361777066701758
0.00515589597246709
0.001548395297068163
0.04193098835167062
0.005884339997490095
6760405467602644e-20
0.028446677924495022
8323687590126237e-20
0.0007209754953250672
0.08139451067358876
9970378896921704e-22
0.3487443702542288
0.349048869492585
0.0018281964722358939
0.0005370894911646196
58299100944792405e-25
0.0010308135630051596
10390421297422083e-24
0.010282482961763447
0.029355201083634534
0.0009039233927370941
0.0003376356821381645
0.00015454994918901965
2618181056959664e-21
0.0061246849449241
0.030675864451248952
0.021489324276025262
11257175946417671e-24
0.3492510465505094
0.06766861721056397
0
0
8177929335495939e-20
6661740629356946e-20
1033638203105745e-21
7596604347587728e-22
0.0001934840105301355
0.009756914853317936
0.005391625917540028
1520423367161436e-23
0.0001314990812390574
7328731133963079e-21
0.05665954514273876
0.013413523293558632
0.10107934396189054
3845635838085678e-22
0.06093864900211776
0.007690959213396304
0.00012014389293112339
0.12467012217128445
0.00029642800960742445
18549559457235816e-29
8514840737810108e-20
3736156915075003e-21
0.00012471618183628876
0.016356089985940552
0.0039043257023246266
0.00016355173135631945
0.00015211570110955778
37998745109929365e-25
0.0005144866193758385
0.022964638795555554
13135133565882733e-24
0.0018059789564201234
0.0018009235527657937
4418741500332365e-20
0.10886980868525147
4337244057024794e-20
0.31344979379128574
0.0019107873335350947
0.18399409469806022
0.0033029819731494408
0.0007008915250158644
0.0005692974698025264
4475126686480601e-20
0.33613964271996205
12101994012386307e-21
21567637027755567e-21
0.00830382113215361
0.006445532954667959
21715984772567878e-24
8723029934530456e-20
0.0030559120589424863
0.13324979872445086
0.030295105934618465
0.00010011303489086687
0.02304147036321882
0.0003541241525680143
0
0.11339484297771991
0.012344399611186246
0.3243089772160106
0.30394611462918114
0.3151461167123665
0.05244314796981003
0.029753769166597825
0.34964275861130634
0.32080707613132387
0.3495459987967235
0.29959226572353576
0.21338674224937212
0.0007652218471865768
0.015746404776460155
0.14171381890458062
0.2707762690803228
0.13762405165149794
0.00029923519810320606
0.027048886311727652
0.2553047515975028
0.11504336440855008
0.16746232520464682
