1.0556818630929372
0.00938491592642039
1.3883712823625327
0
1.3974688651826819
10041193314600402e-21
1.4611991267881934
0
1.5815597488157276
0
3.2195854181536707
0
9.425474399505312
0
11.662272006523942
0
30.335147039189227
18.68047096491891
2.811791412270562
4.282530414749851
23253162452392624e-45
17.007451909142663
2.380034442950121
0.008910573997949214
0
0.09745301001538055
0.0022005458851711546
0.02615366919749472
0.00694127018368942
0.24449579690977857
0.22947272998307253
0.002201380850055238
0.0001764091364234503
0.04328237941899129
0.0024446798432113414
0.0006200619317675733
11043823250373555e-25
0.10898049724287381
0.11993587312845437
0.06931582113667206
0.06511644183786577
0
0.10299932731244059
0
4.3034995431884555
3.974384337826349
4.501030948511653
0
5.40918498012425
0
4.43437059669413
0.05916614798822481
30.579924451487706
30.628401689613643
12.362021276235335
47.460684006246744
41.538254839693174
1.5537462456105733
0.0011728908196424258
0.016741998088811303
0.39465531369815965
34.75193584853622
0.07195963680362065
0.3442898320598073
2.38195536456162
1.4286994740681294
32.46929619417135
0
32.407149125137195
0
14.847084722186448
0.00032345456047779437
0.00032417008609244126
0.16585176311325575
6.370257024405191
1.2763378992814907
2.4213413337604637
0
0.0003579708598474814
0.018523761662951214
0.0705429308929075
0.03049353055097725
0.009441691630987301
0.0001869715133446568
0.000135113966930158
0.0014183422833804232
1.998943691673154
0.4428799076627086
0.12755033325252219
0.16194509501323004
0.0052767324506809155
0.07410136421776502
0.007792267530301107
0.0007128141561577391
0.06559723134540615
1.3701695647417023
0.02111376135583029
2660671614101281e-21
0.010092617673705248
0.0010309246470422435
0
0.9088765162033365
0.518240562771565
0.0461324807109658
0
0.4178590211646189
0.008564899168066284
0.07157856893779954
0
0.00038098587241910237
0
0.12672097906554258
0.7342905677847585
0
0
0
0
0.002132168439168168
0.39297767145876866
0.0012496897178844355
0.0034857511742590703
0.39578875614721315
0.3583317242361709
0.18019041304573943
0.560630186490795
0.0009883694584897071
0.48643011119382173
0.0008293459827585835
0.38203049781890935
9605654507545765e-22
0.00014448889555834763
0.3667594235413915
0.030170265784719284
18279083609160978e-26
0.11502291566833675
0.08023109082421667
0.21782530699484812
0.019989238918820717
0.030329188151631353
0.16700912547036134
0.3101327405436911
0.2568400886880968
0.16089320971537424
0.2660368731229182
11282588702149272e-27
0.20976709628939214
0.20983401984551225
0.466257634294987
0.5635461069366137
0.0004662811132084807
0.5663257866925289
0.5283741911457739
11.645154478064617
2.091195947328427
2.795904718168122
0.10408387704818382
0.48564014382622683
2.6031516462726465
4.182626675113614
0.6361185469097712
5.144057141401959
7.24602963243844
5.144806320765602
2.4710200836039813
2.9428870123193054
0.6090222791515556
31.385889066144408
619.2127067188578
4.002112919507456
5060.520468912993
1.099985946469686
23.218534203199816
1.1722141759597766
45.124150792055644
1.3042154244997608
1.3969434224439037
1.0999849361268945
0.9226673862399758
1.0879390841886039
60.10485325249942
0
0.0008642548928488532
0.0008571558028830024
0
0.009154787824421504
0.008190851816337101
0.008143399191854863
0.007477629882627441
0.0072142295924717825
0.009948328742709912
0.007230925130629913
0.010458422119607241
0.006197465199395172
0.00788973233952032
0.009733112547240172
0.018015752188210207
0.00829852871121721
0.00925096731616162
0.008702162472163343
0.009669186401550527
0.005605915093359887
0.012473758984721415
0.019412437747551286
0.013178184086969844
0.008122732219591892
0.0019009600398280848
0.0074445904522754585
0.022933994183625055
0.07213990793053016
0.041611114891730604
0.1145094658618865
911990176968915e-19
0.01011043172254417
0.22555009669462345
4806103104115543e-21
0.07399580678287523
0.010931243108676165
0.0012695682092525127
5486350446859828e-21
12044233017548332e-22
0.10250932037108611
0.08916344700749369
0.004143825759349099
0.04057296031630165
0.020266585992563885
0.005783933236559589
0.012110210338607773
0.0004828765663051597
0.33299866830927616
15699130003897885e-25
0.07885285859649661
0.00034191081006300735
0.009631115125084359
0.01091931935443921
0.0001570609210921036
0.00017087413105616503
0.34401219701067726
0.0003935019558268299
0.056803786844094976
0.24249447643745844
13179227824226419e-22
25861657385503693e-22
0.00014472567405831595
12571468048621825e-21
0.0005944738939321907
17003064141683104e-21
14432276743609286e-23
10044040480168917e-22
19076975627996765e-21
0.07664827121211044
0.07745785234953224
4349981485863737e-20
0.0002126817717836366
0.019637791520933708
0.008162620630996912
0.09161894101408603
0.020216392481940813
2782884160845971e-20
0.1379202971119455
0.03870694926251081
5573478384700772e-22
0.2775916027542857
44589635033194346e-23
0.0037647265501922385
0.000982560502117282
22994565953048813e-28
0.2837735335458955
0.3426865477431716
0.018118816334724917
0.2715780029888981
0.3479550886706044
0.0074061144483487645
0.19311583529154483
22332184593130963e-26
4630616981052934e-21
0.0006294201523349194
9120648113820272e-20
0.13191200807001927
8645600327014827e-22
0.00011181441895568663
0.16354259824439232
0.0009291701384914434
0.011858046280287502
12200742866246238e-21
0.13893529962044276
0.09728945543384762
0.02126978802182318
3146906642141386e-20
0.00015344929118096842
12006679570248946e-23
0.013688100345992561
0.16479265917810765
8333314517141434e-24
1110329876624491e-20
9106335139045863e-21
9650223977231465e-20
10586403821176471e-21
0.30665913098419345
0.16350083751278194
0.005155801590003223
0.0015483868171953618
0.04192448674330232
0.005884216966436024
6760403853636256e-20
0.02844373102862546
8323685143387077e-20
0.0007209736584132603
0.08136881252735759
9970378861818899e-22
0.34765770244262645
0.3479462781525579
0.0018281846472814071
0.0005370884719711984
5829910094359225e-24
0.0010308098068013592
1039042129704086e-23
0.010282105514426368
0.029352059755463997
0.0009039205047573134
0.00033763527944996125
0.00015454986483099482
2618181032753906e-21
0.0061245516241643086
0.03067242902807223
0.021487655507591956
11257175945970186e-24
0.3480245129997891
0.0676511578371311
0
0
8177926973701085e-20
6661739062158521e-20
10336381993330158e-22
7596604327209913e-22
0.00019348387831030436
0.009756575196396621
0.005391522681517085
15204233670798064e-24
0.0001314990201696666
73287309443016245e-22
0.056647466830819934
0.013412878811165875
0.1010386784189097
3845635832863463e-22
0.06092460539328201
0.007690748633771909
0.00012014384195387744
0.12460619202946775
0.0002964276992287335
18549559457235816e-29
8514838177396892e-20
3736156865783725e-21
0.00012471612690488862
0.01635512866097233
0.003904271651956211
0.00016355163688432835
0.00015211561938818652
3799874510941951e-24
0.0005144856841830527
0.022962729926969225
13135133565273503e-24
0.0018059674173997082
0.0018009120783175469
4418740810830404e-20
0.10882213036524924
4337243392722636e-20
0.3128167935247084
0.0019107744149105342
0.1838409525441684
0.0033029433148657416
0.0007008897890557633
0.0005692963246679745
44751259792692234e-21
0.3353003038200546
12101993495211285e-21
2156763538515062e-20
0.00830357549408683
0.0064453852493037145
21715984770902617e-24
8723027247375707e-20
0.003055878976436539
0.1331758430970013
0.030291756697729648
0.00010011299949560877
0.023039548537435187
0.0003541237095811429
0
0.11334279354217819
0.012343854401048522
0.32359079170398347
0.3033757266783882
0.3145009109735888
0.05243285216467443
0.02975054051526378
0.3484756404400784
0.32011834660042426
0.3483467656153232
0.2990478027865392
0.21316885569579444
0.0007652197777971078
0.015745514374367255
0.1416290964974593
0.27037285772858444
0.13754464292769797
0.00029923488181714215
0.02704622605863991
0.25496119959096175
0.11498966692079403
0.16733904632362456
