1.055522120799497
0.009650690078796214
1.4045185445836
0
1.413564536460888
10156422357410118e-21
1.4780343305069719
0
1.5998004738830114
0
3.255139506181917
0
9.425905967856965
0
11.67452464307065
0
30.335696240342553
18.66314890140974
2.8335958268046326
4.282450937032713
26041485236233945e-45
17.005093298607147
2.380102378049561
0.009010518860483126
0
0.09769111224104406
0.0022039759754865803
0.026197798093177467
0.006941283814390192
0.24492038460033197
0.22985963105752497
0.0022222502193742027
0.00017851987487547662
0.043359339482367115
0.0024678303375558672
0.0006268046423825433
11177139970790672e-25
0.10922294230157534
0.12017289383373869
0.06924125990246224
0.06503478752710734
0
0.10302536689037858
0
4.305297523498364
3.973306621614024
4.50103998275646
0
5.4086352740473425
0
4.43435351920776
0.059373542395363035
30.60145341698308
30.653447976587753
12.397758618102612
47.46279186542308
41.57209359006358
1.553956731266489
0.0011781546206493876
0.016732431456286667
0.3964321706969868
34.75185492204351
0.07200344015169527
0.3446238855430801
2.3820556699436093
1.427806144334133
32.46590700446552
0
32.4033891532848
0
14.846731902437547
0.0003251149822794762
0.00032585492096710595
0.16676668324397234
6.370253780752609
1.2763482115203053
2.4214204473750667
0
0.0003579748676613955
0.018508809444188794
0.0705462052728292
0.03049513946657839
0.009438600039673228
0.00018708947398941723
0.0001351887757479293
0.0014178344225778403
1.9989338634213027
0.4428744229398444
0.12776597707966636
0.16201493188692068
0.005277516964869806
0.0741088121193833
0.007790666744046644
0.000716485211798009
0.06563602323287739
1.371507713058474
0.02112038703516191
26784384440494373e-22
0.010143685663845013
0.0010315552465465466
0
0.9089383799418324
0.5182773171678797
0.046121589554980746
0
0.41787932057561694
0.008492163174339516
0.0715815845524954
0
0.00038101490068457417
0
0.12672207035487387
0.7343564702772091
0
0
0
0
0.0021521851061558532
0.39298768696509706
0.0012559411927020579
0.0034934324146845266
0.39580003743909625
0.35838564526460553
0.18020275747245523
0.5606448655792148
0.000993242386910323
0.4859293232604231
0.0008292008126228861
0.381961472301755
9605726327590031e-22
0.00014521146787866427
0.3666365331799119
0.030222983046995243
18355245593232556e-26
0.1143609399528908
0.0802661419687236
0.21783256039727117
0.019988047896428926
0.03032621652397102
0.16707843590950058
0.3102281820638803
0.25684886443171934
0.16088245645535496
0.2660516820478182
1132991465678667e-26
0.2098017027611724
0.20986858891230772
0.4662709374200819
0.5635554816100179
0.000466398304524972
0.5664030131511106
0.5283358177053695
11.64523855412659
2.091173128009278
2.795866925866693
0.1040878361762162
0.48564319253363303
2.603102671268445
4.182533540038743
0.6361346648259718
5.144340000688137
7.246560873777466
5.145207778260288
2.471003966551099
2.9431022614668754
0.6090056007659436
31.386181412400862
619.2127630643713
4.002112948118588
5061.092845555492
1.099985948596206
23.218534283195606
1.1722157446353285
45.12419757132536
1.3042144920180228
1.396943441533039
1.0999849382539133
0.9226891944057307
1.0879445254841387
60.08920994905607
0
0.0008642823134105325
0.0008571528481072575
0
0.009154956366015491
0.00819168853135441
0.008144521772381038
0.007479352310896793
0.007215325545632742
0.009948983753810465
0.007232378605226323
0.010458916882967175
0.006198884065319069
0.007890759168089708
0.009734006554231423
0.01801687417199149
0.008299763121104777
0.009251723177370245
0.008703332008997373
0.009669929308606561
0.005605675901132644
0.012474797151846337
0.019414652575051074
0.013179331707390763
0.008123488809908682
0.0019009606182426987
0.007444599375916967
0.022934080314541024
0.07214081095747864
0.04161140450326254
0.11451187260683027
9119901902563776e-20
0.010110448228677642
0.22556142109119068
4806103107805389e-21
0.07399675908316507
0.010931262420797594
0.001269568467071493
5486350451668105e-21
12044233019865613e-22
0.10251121735064833
0.08916485687840614
0.004143828514410266
0.040573235326462474
0.02026665305495222
0.005783938613494768
0.012110234071372836
0.00048287660357123805
0.333035356262553
15699130003901823e-25
0.0788539466788629
0.00034191082874410563
0.009631130095526847
0.010919338624204127
0.00015706092503330133
0.00017087413572115716
0.34405633747067105
0.00039350198057221434
0.05680433630778398
0.2425080893098132
1317922782700102e-21
25861657396187697e-22
0.00014472567740471282
12571468073868121e-21
0.0005944739504204556
170030641878661e-19
14432276743942017e-23
10044040481780441e-22
1907697568613311e-20
0.07664929643132079
0.07745890041453041
43499815160921035e-21
0.00021268177901096844
0.01963785444286643
0.008162631367292755
0.09162043441597716
0.020216459208863686
27828841732174875e-21
0.1379239101025824
0.038707199020017125
557347838519699e-21
0.2776112566176019
44589635036370397e-23
0.003764728823299142
0.0009825606564967367
2299456595304882e-27
0.2837944908441313
0.3427294831852879
0.018118869809734817
0.2715964688038997
0.3480106762542087
0.007406123279623747
0.19312360820322116
2233218459313176e-25
4630616984478243e-21
0.0006294202156620764
9120648246716649e-20
0.13191528341529316
8645600328208844e-22
0.00011181442095309474
0.16354788931034633
0.0009291702765415852
0.011858069028779783
12200742890025483e-21
0.1389389716487414
0.09729115214937009
0.021269861969638374
3146906657961225e-20
0.00015344929494297938
1200667957047923e-22
0.013688130718114668
0.16479804264543232
8333314517152527e-24
1110329878593869e-20
9106335152292674e-21
9650224126009546e-20
105864038390793e-19
0.3066858484810656
0.16350612550970178
0.0051558058596237214
0.0015483872008053992
0.04192478084018142
0.005884222532038323
6760403926648584e-20
0.028443864333205487
832368525407223e-19
0.0007209737415110624
0.08136997488048006
9970378863406874e-22
0.34770678773343844
0.3479960816927842
0.0018281851822150306
0.0005370885180772548
5829910094364654e-24
0.0010308099767235707
10390421297058107e-24
0.01028212258902544
0.029352201855072473
0.0009039206354030511
0.00033763529766669113
0.00015454986864716779
26181810338489217e-22
0.00612455765524344
0.030672584430851284
0.02148773099625522
11257175945990429e-24
0.3480799055789197
0.06765194756399841
0
0
8177927080543544e-20
6661739133055168e-20
10336381995036857e-22
7596604328131761e-22
0.0001934838842916406
0.009756590561483173
0.005391527351648003
15204233670834993e-24
0.0001314990229323127
7328730952881497e-21
0.05664801317182735
0.01341290796548176
0.10104051768644984
38456358330997046e-23
0.06092524062576623
0.007690758159812544
0.00012014384425997694
0.12460908338222682
0.00029642771326958477
18549559457235816e-29
851483829322441e-19
37361568680135556e-22
0.00012471612938986542
0.01635517214800715
0.003904274097061404
0.000163551641158035
0.00015211562308508304
3799874510944257e-24
0.0005144857264891079
0.02296281627661426
13135133565301063e-24
0.0018059679393983546
0.0018009125973951017
4418740842021974e-20
0.10882428677797099
43372434227742214e-21
0.31284540145720763
0.0019107749993191835
0.1838478776093613
0.0033029450636728186
0.0007008898675867376
0.0005692963764713264
4475126011261929e-20
0.3353382283899301
1210199351860716e-20
215676354594585e-19
0.0083035866060629
0.006445391931100705
2171598477097795e-23
8723027368936737e-20
0.0030558804730095694
0.13317918780247043
0.030291908201940523
0.00010011300109681316
0.02303963547320061
0.00035412372962089546
0
0.11334514762964008
0.012343879064651756
0.3236232464848126
0.30340150666023025
0.31453007013374706
0.05243331788089758
0.029750686564876137
0.348528354100826
0.3201494712740422
0.3484009273626019
0.29907241172607596
0.2131787076042169
0.000765219871411675
0.015745554653138004
0.1416329280612083
0.27039109419646273
0.13754823421632478
0.00029923489612522996
0.02704634639706521
0.25497673114964914
0.11499209553723407
0.16734462123225619
