1.056161089973258
0.00863069173834232
1.3410152446401418
0
1.3502695484073841
9703292880118934e-21
1.4118304134768829
0
1.5280688548071513
0
3.115302444532682
0
9.424262550438343
0
11.625752432119901
0
30.33358489575141
18.732202716423647
2.7473335357154807
4.28272898520665
16554969313720377e-45
17.014569547431734
2.3798303467282906
0.008617133056393854
0
0.09674088782061264
0.0021902075079850277
0.02602167998127644
0.006941229304126135
0.2432259504180338
0.22831550589643504
0.002139937974731828
0.0001702140199410617
0.043052247059031455
0.0023765199049444936
0.000600273214218609
10652726339345914e-25
0.10825400653978072
0.11922414214197051
0.06954358070068624
0.06536068572472846
0
0.10292024647015385
0
4.298133579094713
3.9775523797806263
4.500998099264074
0
5.410823866501166
0
4.434419618662894
0.058565745249842045
30.514990596717233
30.55289175212044
12.254706022671549
47.45482375030148
41.43510734281919
1.553115220814551
0.0011576083330702362
0.01676874566073634
0.3894935146288302
34.752145364702024
0.07182835394637609
0.34332842531705454
2.381653030799312
1.4313601800218938
32.47936684264334
0
32.41826215463723
0
14.848148390308767
0.0003186321887092184
0.0003193030439994421
0.16319428783772535
6.370265218488216
1.2763073559874465
2.4211040094046536
0
0.00035795823539378554
0.018569709143054895
0.07053306347022013
0.030488688138201867
0.009450934718393592
0.00018661970720399083
0.0001348907298440461
0.0014198549723975116
1.9989725216607055
0.4428959320533096
0.12690523777752852
0.1617364679825588
0.005274386233684902
0.07407824317786411
0.00779691055668128
0.0007018938272609301
0.06548139518687206
1.3661795686717606
0.02109393093823385
26079923136172158e-22
0.009940670905663782
0.0010290427085356641
0
0.908690688756859
0.5181297723694037
0.04616502774027986
0
0.4177974132132995
0.008782205888362773
0.07156954851940556
0
0.0003809032023339584
0
0.12671770530296242
0.7340928816100085
0
0
0
0
0.0020732071315759694
0.3929474923150125
0.0012310869452682768
0.003462737605932115
0.39575490855142764
0.3581699817248168
0.18015350032733393
0.5605859059997252
0.0009742206193970757
0.4879229227743133
0.0008297853108300461
0.38223927411628195
9605439118372615e-22
0.00014239061019375544
0.3671239193472276
0.030012597992786046
18052468263981597e-26
0.11697881393608489
0.08012615006654517
0.21780354090389792
0.019992796325646368
0.030338090374924475
0.16680123405986444
0.3098465367461346
0.2568137668266526
0.16092543343636617
0.2659923676978032
11141777981616341e-27
0.20966317091898237
0.2097302004672951
0.46621771041012533
0.5635179789422069
0.0004659371653055323
0.5661034434255339
0.5284892253405351
11.64489806241908
2.0912641911315033
2.7960173137974556
0.1040719510708939
0.4856308453128603
2.603298109294692
4.182904151627799
0.6360699711803096
5.143211477521303
7.244442379103617
5.14360231287366
2.4710682025429986
2.942245280763855
0.6090721522417911
31.385020188891165
619.212537682348
4.002112833674062
5058.803727348637
1.0999859400901253
23.218533963212444
1.1722094699457162
45.12401045453749
1.3042182186844653
1.3969433651757883
1.0999849297458375
0.9226019623795386
1.087922760464942
60.150870341754995
0
0.0008641720257133112
0.0008571645912578377
0
0.00915427988312288
0.008188342134906835
0.008140032632709423
0.0074724653035657135
0.007210940239790743
0.009946365835941733
0.007226566691091546
0.010456939072076692
0.0061932109792490605
0.007886652222215308
0.00973043115423043
0.018012387277378337
0.00829482671039343
0.009248700508764793
0.008698655217498555
0.009666958014860746
0.0056066234090421324
0.01247064589532093
0.019405794190765442
0.01317474194751042
0.008120463165720638
0.001900958304585299
0.007444563681415113
0.022933735792817975
0.07213719891750633
0.041610246069228744
0.11450224593055243
9119901371065282e-20
0.010110382204305438
0.22551612691608128
4806103093046003e-21
0.07399294995553878
0.010931185172516589
0.0012695674357958858
5486350432434996e-21
1204423301059649e-21
0.10250362964301951
0.08915921752851189
0.004143817494176589
0.04057213529700343
0.020266384806730337
0.005783917105784046
0.012110139140591647
0.00048287645450694193
0.332888628697449
15699130003886073e-25
0.07884959443948168
0.00034191075401971853
0.009631070213896515
0.010919261545348492
0.00015706090926851106
0.00017087411706118941
0.34387980960560094
0.00039350188159068575
0.05680213848491725
0.24245364240506667
13179227815902615e-22
25861657353451695e-22
0.0001447256640191258
12571467972882935e-21
0.0005944737244674284
17003064003134118e-21
14432276742611103e-23
1004404047533434e-21
19076975453587738e-21
0.07664519563675531
0.07745470823962267
4349981395178639e-20
0.00021268175010164268
0.019637602756345192
0.008162588422194113
0.09161446095446472
0.020216192302493635
27828841237314223e-21
0.13790945870789026
0.03870619999966114
5573478383212117e-22
0.27753264951247364
44589635023666184e-23
0.0037647197308797614
0.0009825600389790634
22994565953048793e-28
0.28371067093650015
0.3425577736865571
0.018118655910642153
0.2715226130764846
0.34778837918799216
0.007406087954587001
0.19309251843354786
22332184593128577e-26
4630616970777007e-21
0.0006294199623534867
9120647715131155e-20
0.13190218252213395
8645600323432777e-22
0.00011181441296346244
0.1635267260735607
0.0009291697243411409
0.011857978035072507
12200742794908505e-21
0.13892428411782645
0.09728436546481807
0.021269566179920138
3146906594681869e-20
0.00015344927989493603
1200667956955809e-22
0.013688009230030586
0.16477650983128284
8333314517108155e-24
11103298707163573e-21
910633509930543e-20
9650223530897233e-20
10586403767467984e-21
0.3065789924580265
0.1634849745481237
0.00515578878116294
0.0015483856663658204
0.04192360446504325
0.005884200269660715
6760403634599277e-20
0.028443331118633827
8323684811331626e-20
0.0007209734091199114
0.08136532556761303
9970378857054972e-22
0.34751048814209723
0.3477969102936705
0.0018281830424814755
0.0005370883336530527
5829910094342938e-24
0.0010308092970348923
10390421296989123e-24
0.010282054290799272
0.029351633460766146
0.0009039201128202135
0.00033763522479977735
0.00015454985338247653
2618181029468858e-21
0.0061245335309625505
0.030671962824459144
0.02148742904319336
11257175945909456e-24
0.34785838814701825
0.06764878871184146
0
0
817792665317372e-19
6661738849468583e-20
10336381988210055e-22
7596604324444369e-22
0.00019348386036629678
0.00975652910128215
0.005391508671148601
15204233670687285e-24
0.0001314990118817287
7328730918562007e-21
0.056645827839412535
0.013412791348598439
0.10103316081717095
38456358321547377e-23
0.060922699735568304
0.007690720055720798
0.00012014383503557921
0.1245975183737194
0.0002964276571061836
18549559457235816e-29
851483782991434e-19
3736156859094234e-21
0.00012471611944995853
0.016354998200561643
0.0039042643166498185
0.00016355162406320907
0.00015211560829749753
3799874510935031e-24
0.0005144855572649082
0.022962470879982374
13135133565190821e-24
0.0018059658514046747
0.0018009105210857797
4418740717255696e-20
0.1088156613834636
4337243302567881e-20
0.3127309854224501
0.0019107726616856583
0.18382017891364408
0.003302938068450067
0.0007008895534628932
0.0005692961692579471
4475125883291108e-20
0.33518655584261925
12101993425023662e-21
2156763516222698e-20
0.008303542158247844
0.006445365203954304
21715984770676622e-24
8723026882692626e-20
0.0030558744867218465
0.13316580948458567
0.030291302189643474
0.00010011299469199578
0.02303928773210713
0.00035412364946189184
0
0.11333573157314346
0.01234378041053449
0.3234934468886909
0.3032983998752453
0.3144134497116729
0.052431455040823985
0.02975010237072854
0.3483175472895226
0.320024990733888
0.34818433088754625
0.29897398811682663
0.21313930270223816
0.0007652194969534749
0.015745393538673234
0.1416176024281277
0.2703181557043452
0.137533869624404
0.0002992348388928828
0.02704586504657656
0.2549146105911708
0.1149823813792218
0.16732232271203787
