1.056546776093258
0.008067939606700537
1.3040583413060136
0
1.3134406011372328
9439632375576744e-21
1.3733079767429492
0
1.4863293935007833
0
3.033907062473947
0
9.423372674932
0
11.596620039737779
0
30.332420270641098
18.773581520302447
2.6964840644896224
4.282846913939639
12594358124834003e-45
17.02034240909528
2.379665829666176
0.008387786258731633
0
0.09617017152418286
0.0021818364758293663
0.025915886454302955
0.006941196417692748
0.24220822705821154
0.22738794806271043
0.002091735284809109
0.0001653744271896794
0.04286784761897639
0.0023230464473902516
0.0005848150721264368
10347409094457958e-25
0.10767029656627024
0.11865068164255638
0.0697314988215998
0.06555668824615492
0
0.10285557163298562
0
4.293845330434806
3.9800310911836427
4.500965745156792
0
5.412131737459425
0
4.4344564521625
0.05810917451279747
30.462358996885023
30.49172373844755
12.16823324215781
47.450583299633735
41.353868912332004
1.5526077741060431
0.0011459295751276334
0.016789581958426072
0.3855453507928708
34.75227879714382
0.07172283594632523
0.342597903170569
2.3814080609933646
1.433480655477001
32.48737364209778
0
32.42703645586748
0
14.84901007006424
0.0003149411194518059
0.00031558546133675743
0.16115907980471372
6.370270009335939
1.2762831943788082
2.4209130265752847
0
0.00035794751306576013
0.01860791713804495
0.07052507600382713
0.03048477416246658
0.009458341309661278
0.00018633882802702385
0.00013471236154584382
0.0014210606322007477
1.9989950525059896
0.4429083639388599
0.12638805701913752
0.161569523303562
0.005272507083808179
0.07405880430344668
0.007800476056255818
0.0006932057737080297
0.0653887559921391
1.3629949194908202
0.02107802263064977
2566266236417762e-21
0.009819747257873218
0.0010275388019103076
0
0.908540880287087
0.5180400509013786
0.04619109477274218
0
0.4177470633678621
0.008956089379661
0.07156231481050788
0
0.00038084122024766633
0
0.12671507066582685
0.7339338050476037
0
0
0
0
0.0020269203047565657
0.3929230596980352
0.001216279913411721
0.0034442498894356266
0.3957276636384058
0.3580398363393544
0.18012392423122472
0.5605499808816093
0.0009633985741570345
0.48911399213569345
0.0008301430052519904
0.3824091328134604
9605265849425086e-22
0.00014078526317321097
0.3674127622108274
0.029886232615947403
17872106528121938e-26
0.11852071684883056
0.08004192076853381
0.2177860169664978
0.01999564297848491
0.03034524183886167
0.16663396478257236
0.3096163288549421
0.2567925887201374
0.1609513311083923
0.2659564701124147
1102971297255337e-26
0.209579422422655
0.20964653077666576
0.46618556371119285
0.5634953369458907
0.0004656682419353029
0.5659341533273977
0.5285817213192278
11.644687429618358
2.0913188820153037
2.796107085233154
0.10406230012246112
0.4856232064888161
2.6034154827933245
4.183125377216177
0.636030635691619
5.142534146939606
7.243172160529684
5.142633816888895
2.4711066768801544
2.9417332299681003
0.6091121250567684
31.384330037933967
619.2124016402724
4.002112764594572
5057.422501216531
1.0999859349557974
23.218533770068444
1.1722056825168332
45.123897509952805
1.3042204639247283
1.3969433190851201
1.099984924610305
0.9225493093625415
1.0879096231622665
60.186926292000216
0
0.0008641046916035697
0.0008571715809772325
0
0.009153868560240664
0.008186323098448493
0.008137324754191771
0.007468311991992897
0.007208291595190391
0.009944788604737994
0.007223061377308942
0.010455747194765117
0.006189789935409563
0.007884173982513985
0.00972827415096239
0.018009680899859697
0.008291848919213241
0.00924687730885644
0.008695834309568919
0.00966516526934965
0.005607183632606485
0.012468142395134241
0.01940044905281591
0.013171972900873897
0.008118638062012554
0.0019009569080473885
0.007444542136054921
0.022933527839677857
0.07213501875324886
0.04160954684620996
0.11449643559524289
9119901050249207e-20
0.01011034235175597
0.2254887914473142
4806103084137138e-21
0.07399065083520978
0.010931138545195293
0.0012695668133113514
548635042082576e-20
12044233005001582e-22
0.10249904992313197
0.08915581375134894
0.004143810842303104
0.040571471326207406
0.020266222892005557
0.005783904123622925
0.012110081840089458
0.00048287636453074573
0.3328000942337846
15699130003876567e-25
0.07884696751457958
0.0003419107089155804
0.009631034069119157
0.010919215020292626
0.0001570608997527777
0.0001708741057979075
0.34377330002866935
0.00039350182184477684
0.05680081190530806
0.24242078380104576
13179227809203546e-22
25861657327655963e-22
0.00014472565593949544
12571467911927593e-21
0.0005944735880806927
17003063891628644e-21
14432276741807756e-23
1004404047144343e-21
19076975313221775e-21
0.07664272047556996
0.07745217792426907
4349981322194455e-20
0.0002126817326517798
0.019637450838217864
0.008162562500351125
0.0916108555211359
0.02021603119770678
27828840938612987e-21
0.13790073648103585
0.03870559699668852
5573478382014034e-22
0.2774852125042431
44589635015997836e-23
0.0037647142426444824
0.0009825596662414021
22994565953048772e-28
0.2836600886546762
0.3424541703082229
0.018118526800923532
0.27147804297965844
0.34765426790153603
0.0074060666322371665
0.1930737548603681
22332184593126652e-26
4630616962506848e-21
0.000629419809454756
9120647394262566e-20
0.13189427536401263
864560032054991e-21
0.00011181440814086657
0.1635139531259372
0.0009291693910293723
0.011857923110992572
12200742737495253e-21
0.13891541937616356
0.09728026920518971
0.021269387641234084
31469065564860215e-21
0.0001534492708118359
12006679569002084e-23
0.01368793589952224
0.16476351384054724
8333314517081371e-24
1110329865961438e-20
910633506732197e-20
9650223171683431e-20
10586403724242907e-21
0.30651451145860126
0.16347220900869963
0.005155778472515746
0.001548384740168436
0.041922894413019274
0.005884186831979606
6760403458316344e-20
0.028443009271545458
832368454409041e-19
0.0007209732084864361
0.0813625193394538
9970378853220922e-22
0.3473920540184589
0.3476767442624912
0.0018281817509250248
0.0005370882223333861
58299100943298285e-25
0.0010308088867704206
10390421296947485e-24
0.010282013065747045
0.029351290379441012
0.0009039197973858203
0.0003376351808168224
0.00015454984416860627
26181810268250217e-22
0.00612451896942924
0.030671587624728526
0.02148724678433415
11257175945860582e-24
0.34772474695828254
0.067646882078674
0
0
8177926395210412e-20
6661738678293808e-20
1033638198408935e-21
7596604322218634e-22
0.00019348384592479868
0.009756492003676015
0.005391497395503993
15204233670598125e-24
0.00013149900521152184
7328730897846531e-21
0.05664450879877054
0.013412720958348714
0.10102872042030665
384563583158435e-21
0.06092116608832546
0.00769069705592437
0.00012014382946767063
0.12459053817575381
0.00029642762320557947
18549559457235813e-29
8514837550257258e-20
3736156853710471e-21
0.00012471611345016382
0.01635489320560104
0.0039042584131390163
0.00016355161374465724
0.00015211559937161148
3799874510929462e-24
0.0005144854551200624
0.022962262398750943
13135133565124278e-24
0.0018059645910787194
0.001800909267812572
44187406419459273e-21
0.1088104553678039
4337243230010521e-20
0.3126619433820027
0.0019107712506756175
0.18380346181306775
0.0033029338460934163
0.000700889363855682
0.0005692960441825847
4475125806047057e-20
0.3350950384691427
12101993368536027e-21
21567634982816028e-21
0.008303515329360852
0.0064453490713213945
21715984770494738e-24
8723026589192401e-20
0.0030558708733637164
0.13315773489174124
0.030290936402385005
0.00010011299082600483
0.023039077835768564
0.0003541236010773832
0
0.11333004835626591
0.012343720862622877
0.32341512417072893
0.3032361808805732
0.3143430777633497
0.05243033064997233
0.029749749752737118
0.34819036458535507
0.3199498768627438
0.3480536569635557
0.2989145946368228
0.21311552116182206
0.0007652192709280585
0.0157452962896892
0.14160835257482726
0.2702741390592752
0.1375251997854905
0.00029923480434705576
0.02704557450430827
0.2548771215264046
0.11497651824483048
0.16730886461227848
