1.056932462213258
0.007541770423124472
1.2681027015987631
0
1.2776146766838283
9183146202948712e-21
1.3358336403317754
0
1.445725209643384
0
2.954705700805571
0
9.422553799014176
0
11.56771770281598
0
30.33133768818469
18.814732621081703
2.6465344694424253
4.282929154878453
9581315555907397e-45
17.026154461418983
2.3795011446106518
0.008164357899409048
0
0.09560162943500475
0.0021734222523451256
0.02581047827025576
0.006941163543734575
0.24119429672668297
0.22646376331377324
0.002044619916701172
0.00016066198246327267
0.042684171730339074
0.0022707781767177682
0.0005697627381959756
1005028967153743e-24
0.10708751828756144
0.11807672092536589
0.06992372607382094
0.065752419609836
0
0.10278999811024292
0
4.289584106772488
3.982446496431563
4.500928458347218
0
5.41342972127265
0
4.434490992145094
0.0576765009383844
30.40940291629768
30.43021115509776
12.08167603468964
47.44673636625303
41.27530638188188
1.5521007066362993
0.001134799367578274
0.01681027557941265
0.38177944787631857
34.75238198336383
0.07161744373904717
0.34190464748871735
2.381161652415607
1.4355826380237025
32.49530084791165
0
32.435672582659095
0
14.849876722376498
0.0003114170941608602
0.0003120347029178471
0.15921458620946696
6.370273220150243
1.2762593978871104
2.4207220597512733
0
0.00035793638839309985
0.018647266244259064
0.07051704977668449
0.030480845574566838
0.009465721412535384
0.00018605995757709016
0.00013453514686990008
0.0014222559078158126
1.9990170288216007
0.4429203852050206
0.1258726597366848
0.16140343241128044
0.0052706373820870026
0.07403864166998561
0.007803891353784852
0.0006846071011921215
0.06529663905532329
1.3598338851540765
0.021062160798807225
2525131788608424e-21
0.00970003512763948
0.0010260443817751784
0
0.9083908511752916
0.5179498527369965
0.046217059806429664
0
0.41769603576159614
0.009129044713454269
0.07155510363190654
0
0.00038078302050384877
0
0.12671243613448965
0.7337747488836867
0
0
0
0
0.0019816507978818675
0.3928984988471628
0.001201619104932929
0.003425793371923252
0.3957004150919215
0.3579097188704121
0.18009446575680513
0.5605138041318789
0.0009530737731467081
0.4902958749860292
0.000830504330226301
0.3825806072345497
9605092651202194e-22
0.0001392532431567605
0.3676976312666814
0.029760337103004606
17693527624512308e-26
0.12003437934812615
0.07995789076554119
0.21776848734972556
0.0199984757539515
0.0303523823127006
0.16646673454191846
0.3093862381937715
0.25677141605949
0.16097719967135818
0.265920508818816
1091876065424525e-26
0.209495584764672
0.2095627664384236
0.46615340333231253
0.5634726910824202
0.0004654059051532711
0.5657729362110752
0.5286741518002511
11.644473307665493
2.091373366724923
2.7961961066733907
0.10405260220737149
0.48561544067810797
2.6035324114562464
4.183344750962811
0.6359910855732789
5.1418598296656075
7.241908558262579
5.141665877942328
2.4711449271151658
2.9412251699853353
0.6091519621533418
31.383648282298484
619.2122655982266
4.002112695515084
5056.0416522063
1.0999859298214694
23.218533576924443
1.1722018951001876
45.12378456565083
1.3042227060113731
1.3969432729937636
1.0999849194747722
0.9224966569698274
1.0878964860178977
60.22212592446506
0
0.0008640368040471194
0.0008571784959141705
0
0.009153454979781674
0.008184305048193773
0.008134618555821855
0.00746416178166126
0.007205642055921704
0.009943213866337836
0.007219558454858085
0.010454557190871901
0.006186371595687502
0.00788169662160355
0.009726118390227249
0.018006976711234104
0.008288872859647068
0.009245055455456064
0.008693015279147261
0.009663373469325042
0.005607735357954791
0.012465641060530778
0.019395106087268393
0.01316920540411611
0.008116814185677066
0.001900955511510504
0.007444520590757084
0.022933319888423367
0.07213283865488132
0.041608847634940986
0.11449062555477471
9119900729433143e-20
0.01011030249936359
0.22546145929195918
4806103075228273e-21
0.0739883517863194
0.010931091918072889
0.0012695661908271223
5486350409216525e-21
12044232999406676e-22
0.10249447040785996
0.08915241010412994
0.004143804190440297
0.04057080736627739
0.020266060978574363
0.005783891141490941
0.012110024539858393
0.0004828762745545663
0.33271158331658673
15699130003867062e-25
0.07884434067719519
0.0003419106638114482
0.009630997924477447
0.010919168495434995
0.0001570608902370449
0.00017087409453462636
0.3436668234408492
0.0003935017620988771
0.056799485356680335
0.24238792965019718
13179227802504475e-22
25861657301860227e-22
0.0001447256478598655
12571467850972253e-21
0.0005944734516939884
1700306378012317e-20
1443227674100441e-22
10044040467552518e-22
19076975172855818e-21
0.07664024539431684
0.07744964769157664
43499812492102716e-21
0.00021268171520191838
0.01963729892126579
0.008162536578590455
0.09160725022969679
0.020215870094203784
27828840639911755e-21
0.13789201480582772
0.03870499400311007
5573478380815952e-22
0.2774377836041385
4458963500832948e-22
0.0037647087544172043
0.0009825592935038823
2299456595304875e-27
0.2836095153910791
0.34235059826375486
0.018118397692124918
0.27143348019895774
0.3475202083299637
0.0074060453099487195
0.19305499311051985
22332184593124728e-26
46306169542366894e-22
0.0006294196565560625
9120647073393989e-20
0.1318863686799028
8645600317667042e-22
0.00011181440331827091
0.16350118117599893
0.0009291690577177233
0.011857868187167038
12200742680082001e-21
0.13890655520015877
0.09727617311803866
0.0212692091040467
3146906518290175e-20
0.0001534492617287363
12006679568446079e-23
0.013687862569406746
0.16475051887481076
8333314517054587e-24
11103298612065186e-21
9106335035338511e-21
9650222812469641e-20
10586403681017831e-21
0.30645004402109405
0.1634594444660583
0.005155768163889164
0.0015483838139716058
0.04192218437302131
0.005884173394329185
6760403282033415e-20
0.02844268742809891
8323684276849202e-20
0.0007209730078530166
0.08135971320807925
9970378849386871e-22
0.347273660258036
0.34755661974943247
0.0018281804593694865
0.0005370881110137425
582991009431672e-23
0.001030808476506112
10390421296905844e-24
0.010281971840860105
0.02935094730212604
0.0009039194819515372
0.00033763513683387315
0.00015454983495473656
26181810241811854e-22
0.00612450440793055
0.0306712124295876
0.021487064527020885
11257175945811705e-24
0.3475911571121806
0.06764497549924366
0
0
817792613724711e-19
6661738507119035e-20
10336381979968643e-22
7596604319992899e-22
0.00019348383148330166
0.009756454906210937
0.005391486119882966
15204233670508965e-24
0.00013149899854131533
73287308771310545e-22
0.0566431897888434
0.013412650568468397
0.10102428021859733
38456358310139617e-23
0.06091963247969012
0.007690674056196725
0.0001201438238997623
0.12458355836883266
0.00029642758930497926
18549559457235813e-29
8514837270600182e-20
3736156848326708e-21
0.0001247161074503694
0.016354788211314475
0.00390425250963714
0.00016355160342610607
0.00015211559044572595
3799874510923893e-24
0.0005144853529752369
0.022962053919412362
13135133565057735e-24
0.0018059633307536433
0.0018009080145402366
441874056663616e-19
0.1088052496012131
4337243157453162e-20
0.3125929165840591
0.0019107698396666187
0.18378674623278943
0.003302929623742164
0.0007008891742485219
0.0005692959191072499
4475125728803006e-20
0.3350035460830325
12101993312048392e-21
2156763480340507e-20
0.008303488500560544
0.006445332938728865
21715984770312854e-24
8723026295692185e-20
0.0030558672600098594
0.13314966078850485
0.030290570619543655
0.00010011298696001405
0.023038867941342224
0.00035412355269288123
0
0.1133243654243731
0.012343661314998528
0.3233368204158959
0.3031739746495793
0.31427272156565994
0.0524292062832332
0.02974939713892516
0.3480632283199591
0.3198747806217647
0.34792303208161424
0.29885521295578993
0.21309174227488964
0.0007652190449027089
0.015745199041305807
0.14159910332568748
0.2702301295815559
0.13751653049310497
0.00029923476980123274
0.027045283965161152
0.25483963797497466
0.11497065540940969
0.16729540759498346
