1.0602568703652189
0.004217525294130102
0.9960481506411527
0
1.0066989819419498
7243311327832404e-21
1.0524387352597042
0
1.1386562549662078
0
2.3549729557060752
0
9.417857936498145
0
11.327999143203078
0
30.32533220839862
19.16002958886877
2.2513432003220815
4.282236182319814
9085873849986725e-46
17.07784185270321
2.378081606741271
0.006463775002351964
0
0.09079449451197935
0.0020993556955450957
0.024917819620080252
0.0069408807245424815
0.23261102183856786
0.21863700355483062
0.0016804625292588748
0.00012490104049931401
0.04113074247919856
0.0018667538422298198
0.00045540691185385013
7801482775025413e-25
0.10211044804196046
0.1131193175483769
0.07178400568009388
0.06745902733525047
0
0.10219032425547554
0
4.2539811776126655
4.000665867428718
4.500439870473104
0
5.424212714515153
0
4.434713254726252
0.05478190658368267
29.94058579485782
29.887074718109076
11.333298795514983
47.42644272659036
40.675210318679575
1.5477520703653052
0.001056811646287225
0.01697400559819783
0.35529075668722016
34.75215999711349
0.0707145581786884
0.3372983508543999
2.378989610622171
1.4529519441594068
32.561153112083794
0
32.50572851993066
0
14.857546332098483
0.00028655556835635284
0.0002869900969081116
0.1454420191342201
6.3702478369238
1.2760682994990167
2.4190766902891045
0
0.0003578341795990207
0.01903954956147862
0.07044652910157509
0.03044641835679271
0.009528481106950728
0.00018373889992182984
0.00013305532091755442
0.0014321425088478711
1.9991884507940278
0.4430074886870006
0.12150444987813333
0.16000683528945855
0.005255055832944029
0.07383708841911758
0.007827438816211778
0.0006141291134536174
0.06452409874857289
1.3335600815385933
0.020927436930340017
21942057432546773e-22
0.008717591177963375
0.001013549470823289
0
0.907089160020708
0.5171550831364157
0.0464378157273026
0
0.417228975456257
0.010577612287462948
0.07149392650283455
0
0.00038040720766155834
0
0.12668973250954582
0.732404594638645
0
0
0
0
0.0016308254062759645
0.3926815366853968
0.0010812175504363738
0.0032681361871803537
0.39546539519036067
0.35678981424985734
0.1798454541198972
0.5601937298592724
0.0008804190194240288
0.5001094110620137
0.0008337635414425343
0.384123006205929
9603602835283937e-22
0.00012845745634314123
0.36999431798132776
0.028694608663859537
16225691955139472e-26
0.13197612933972583
0.07924134866173238
0.2176171585551197
0.020022399917266304
0.030413554571692647
0.16502693969925078
0.3074078297249609
0.25658916125805503
0.16119932657616381
0.2656086760206397
10007000774012974e-27
0.20877011303277962
0.20883773215748527
0.46587566151995363
0.5632773351105719
0.00046336843432244007
0.5646599763037651
0.5294692406003785
11.64251842342353
2.091834598755545
2.7969330397838448
0.10396708594248906
0.4855445262014895
2.6045221526948574
4.185160588704046
0.6356413797300822
5.1361828979768855
7.23130991383689
5.133357967869
2.471465460803571
2.937015639618254
0.6094910384404151
31.378144253892664
619.2110929897642
4.002112100086878
5044.1550913543715
1.0999858855663085
23.218531912126497
1.1721692501009162
45.1228110578719
1.304241901938428
1.3969428756824345
1.0999848752092312
0.9220428477882371
1.0877832574197432
60.492159160741174
0
0.0008634308817214709
0.000857234934289883
0
0.009149796220930208
0.008166983562899166
0.008111394049060583
0.007428545913593274
0.007182801711330499
0.009929769238694095
0.0071894919481893605
0.010444417529306887
0.00615704290871668
0.007860410816722774
0.00970762637290719
0.01798382955291167
0.008263324759944493
0.00922944341478385
0.008668828122709214
0.009648005642312288
0.005612170713403568
0.012444218238594037
0.01934921913043814
0.01314546634723183
0.008101176067344987
0.0019009434741517354
0.007444334884393689
0.022931527537958907
0.07211405010384522
0.04160282129471442
0.11444055833334497
9119897964170663e-20
0.010109958999560253
0.22522600803187862
48061029984386204e-22
0.07396853817537144
0.010930690025451727
0.001269560825358524
54863503091511265e-22
12044232951181575e-22
0.10245500591606861
0.08912307787122076
0.004143746855381914
0.04056508483710841
0.020264665424989777
0.005783779243661993
0.012109530653741363
0.0004828754990086992
0.3319496417866356
15699130003785126e-25
0.07882170237117006
0.00034191027503818977
0.009630686382613772
0.010918767484254351
0.00015706080821653956
0.00017087399745119528
0.34275041832207265
0.0003935012471215394
0.05678805250103506
0.24210492896302502
13179227744762072e-22
2586165707951478e-21
0.00014472557821779397
12571467325569822e-21
0.0005944722761148113
1700306281900564e-20
1443227673407998e-22
1004404043401494e-21
19076973962976338e-21
0.07661891483058579
0.07742784186504044
4349980620125684e-20
0.00021268156479350143
0.019635989527080913
0.00816231315028496
0.09157618042656569
0.02021448152136388
27828838065266963e-21
0.13781686149313196
0.03869979691028268
5573478370489119e-22
0.2770293077804338
44589634942232404e-23
0.0037646614491639715
0.0009825560807116026
22994565953048574e-28
0.28317397453294796
0.34145916024241446
0.018117284881447468
0.27104967598507884
0.3463668275329349
0.007405861525766955
0.19289335242202182
22332184593108143e-26
46306168829523405e-22
0.0006294183386526097
9120644307678867e-20
0.1318182369371678
8645600292818262e-22
0.00011181436175008323
0.16339113514582362
0.0009291661847544671
0.011857394783701803
12200742185210476e-21
0.13883017418749666
0.09724087418610106
0.02126767027107321
31469061890624156e-21
0.0001534491834372961
120066795636536e-21
0.013687230519302538
0.16463855169962266
8333314516823722e-24
11103298202216577e-21
9106334759658191e-21
9650219716239376e-20
10586403308440789e-21
0.30589493099894827
0.1633494622454229
0.005155679309893898
0.001548375830673078
0.041916064706389713
0.005884057570239044
6760401762569008e-20
0.02843991346063356
8323681973373227e-20
0.0007209712785025218
0.08133552986783878
9970378816339415e-22
0.3462548406746269
0.3465229297965954
0.001828169326889089
0.0005370871514988877
5829910094203729e-24
0.0010308049402538847
10390421296546937e-24
0.010281616511227396
0.02934799032533682
0.0009039167630812227
0.0003376347577246033
0.00015454975553612845
26181810013927313e-22
0.00612437889703226
0.03066797863833447
0.02148549363051085
11257175945390422e-24
0.34644180969687915
0.0676285440314581
0
0
8177923913741712e-20
6661737031684196e-20
10336381944450366e-22
7596604300808254e-22
0.00019348370700536296
0.00975613515174348
0.005391388931035714
15204233669740464e-24
0.00013149894104771528
7328730698574728e-21
0.05663182190171482
0.013412043860647536
0.100986016143108
3845635826097522e-22
0.060906415193600454
0.007690475813692484
0.00012014377590738003
0.12452341237328245
0.0002964272971000905
18549559457235796e-29
8514834860106097e-20
3736156801921551e-21
0.00012471605573536115
0.016353883244641543
0.0039042016249772734
0.00016355151448573863
0.00015211551350938657
37998745108758904e-25
0.000514484472542292
0.022960257017444568
13135133564484168e-24
0.0018059524674617692
0.0018008972120389087
4418739917506283e-20
0.10876038900038319
4337242532047573e-20
0.31199857390994673
0.001910757677566624
0.18364272987477506
0.00330289322955557
0.0007008875399383001
0.0005692948410258722
44751250630006446e-21
0.3342159655387959
121019928251552e-19
21567633256978636e-21
0.008303257254239254
0.006445193886080378
21715984768745122e-24
8723023765877652e-20
0.0030558361150085757
0.1330800866288117
0.030287417950126773
0.0001001129536372465
0.02303705884287821
0.00035412313564461644
0
0.11327539340237604
0.012343148058222165
0.3226626694005487
0.30263831896009247
0.31366694121868294
0.05241951584263595
0.0297463579696489
0.34696930442486995
0.3192282214663425
0.346799145889528
0.2983438634229146
0.21288689094552254
0.0007652170966878042
0.015744360837134173
0.141519404784197
0.2698510883807217
0.13744182848020658
0.00029923447203487327
0.027042779802436787
0.2545167782509935
0.11492013329485863
0.16717946016383306
