1.0602568703652189
0.004217555154620473
0.9960483245159093
0
1.0066989934251644
7243312645490688e-21
1.0524389257977338
0
1.1386564639107193
0
2.354973447958618
0
9.417857983211105
0
11.327999138554992
0
30.325332208322166
19.160029598281824
2.2513435099809866
4.282236247915353
9085890390539257e-46
17.077841499437632
2.378081606147808
0.006463776130403471
0
0.09079449423717141
0.0020993556877958717
0.02491781961564103
0.006940880724541359
0.23261102181679483
0.21863700351590626
0.0016804629221833349
0.00012490105955524644
0.04113074247520662
0.0018667542788678856
0.00045540697352582104
7801484723916278e-25
0.10211044766587407
0.11311931720762217
0.07178400665291192
0.06745902703891697
0
0.10219032434055825
0
4.253981091426309
4.000665877477438
4.500439871480879
0
5.4242127147870765
0
4.434713091774143
0.05478386522376141
29.940585059759474
29.887073864843604
11.333298773389236
47.426443000238855
40.677018305554675
1.5477520202908164
0.0010568589027851402
0.016974746955910103
0.35530651446471667
34.752159990989156
0.07071455824576624
0.3372983498632899
2.378989523892332
1.452951944093879
32.56115302767987
0
32.50572838514675
0
14.85754633209279
0.00028656815202769177
0.00028699533783876425
0.14544849766381435
6.3702477357785865
1.2760682995574217
2.419076690289087
0
0.00035783417859774533
0.019039549870088622
0.07044652908273126
0.030446418354818476
0.009528481081988052
0.00018373890007524862
0.0001330553210285597
0.0014321425088333099
1.9991884503906703
0.44300748868276274
0.12150444746020148
0.16000683529137827
0.005255055741517503
0.07383708839182629
0.007827438811936531
0.0006141291108278038
0.06452409873645867
1.3335600467803408
0.020927436925010454
21942057331060384e-22
0.008717591029964918
0.00101354947084181
0
0.9070891600008987
0.5171550830361552
0.04643781560482275
0
0.4172289754490191
0.010577614314932262
0.07149392510541515
0
0.00038040721013968547
0
0.1266897325095382
0.7324045946394164
0
0
0
0
0.0016308256281325649
0.39268153668856015
0.0010812175458163194
0.0032681361831944575
0.39546539519039076
0.3567898142106259
0.17984545412034758
0.5601937120780262
0.0008804581279891263
0.5001094109517826
0.0008337635415156776
0.3841230062388612
9603602835281244e-22
0.00012846316995332593
0.3699943179103056
0.02869460865606656
16225692003784085e-26
0.1319761466093971
0.07924134867756275
0.2176171585550332
0.02002239991083756
0.030413554565397124
0.16502693970006876
0.3074078297243801
0.25658916125771153
0.16119932654606917
0.265608675958328
1000700080247838e-26
0.20877011297179468
0.20883773209249473
0.4658756615195838
0.5632773351105863
0.00046336843867370925
0.5646599705881872
0.5294692405067097
11.642518420568864
2.0918345987584464
2.796933039793212
0.10396708594366041
0.48554452609761967
2.604522152701182
4.1851605887273
0.6356413797353758
5.136182896839684
7.231309911733585
5.1333579667845175
2.471465460806
2.937015638785478
0.6094910383326867
31.37814425059602
619.2110929897642
4.002112100086878
5044.15509135438
1.0999858855663085
23.218531912126497
1.1721692501009162
45.1228110578719
1.3042419019384273
1.3969428756824345
1.0999848752092312
0.9220428477882371
1.0877832574197432
60.492158878184995
0
0.000863430881568785
0.0008572349342935622
0
0.00914979622100227
0.00816698356009736
0.00811139404627849
0.00742854591110606
0.007182801708729346
0.009929769236386209
0.007189491945757683
0.010444417525756054
0.006157042906642784
0.007860410814024863
0.00970762636960556
0.01798382954673992
0.008263324757119413
0.009229443411675819
0.008668828119770529
0.00964800563909124
0.005612170711449405
0.012444218234410854
0.019349219123834447
0.013145466342822472
0.0081011760645649
0.0019009434741517354
0.007444334884393689
0.022931527537958907
0.07211405010384522
0.04160282129471442
0.11444055833334497
9119897964170663e-20
0.010109958999560253
0.22522600803187862
48061029984386204e-22
0.07396853817537144
0.010930690025451727
0.001269560825358524
54863503091511265e-22
12044232951181575e-22
0.10245500591606861
0.08912307787122076
0.004143746855381914
0.04056508483710841
0.020264665424989777
0.005783779243661993
0.012109530653741363
0.0004828754990086992
0.3319496417866361
15699130003785126e-25
0.07882170237117006
0.00034191027503818977
0.009630686382613772
0.010918767484254351
0.00015706080821653956
0.00017087399745119528
0.34275041832207354
0.0003935012471215394
0.05678805250103506
0.24210492896302505
13179227744762072e-22
2586165707951478e-21
0.00014472557821779397
12571467325569822e-21
0.0005944722761148113
1700306281900564e-20
1443227673407998e-22
1004404043401494e-21
19076973962976338e-21
0.07661891483058579
0.07742784186504044
4349980620125684e-20
0.00021268156479350143
0.019635989527080913
0.00816231315028496
0.09157618042656569
0.02021448152136388
27828838065266963e-21
0.13781686149313196
0.03869979691028268
5573478370489119e-22
0.27702930778043383
44589634942232404e-23
0.0037646614491639715
0.0009825560807116026
22994565953048574e-28
0.28317397453294807
0.34145916024241535
0.018117284881447468
0.2710496759850789
0.34636682753293724
0.007405861525766955
0.19289335242202182
22332184593108143e-26
46306168829523405e-22
0.0006294183386526097
9120644307678867e-20
0.1318182369371678
8645600292818262e-22
0.00011181436175008323
0.16339113514582362
0.0009291661847544671
0.011857394783701803
12200742185210476e-21
0.13883017418749666
0.09724087418610106
0.02126767027107321
31469061890624156e-21
0.0001534491834372961
120066795636536e-21
0.013687230519302538
0.16463855169962266
8333314516823722e-24
11103298202216577e-21
9106334759658191e-21
9650219716239376e-20
10586403308440789e-21
0.3058949309989485
0.1633494622454229
0.005155679309893898
0.001548375830673078
0.041916064706389713
0.005884057570239044
6760401762569008e-20
0.02843991346063356
8323681973373227e-20
0.0007209712785025218
0.08133552986783878
9970378816339415e-22
0.3462548406746283
0.3465229297965969
0.001828169326889089
0.0005370871514988877
5829910094203729e-24
0.0010308049402538847
10390421296546937e-24
0.010281616511227396
0.02934799032533682
0.0009039167630812227
0.0003376347577246033
0.00015454975553612845
26181810013927313e-22
0.00612437889703226
0.03066797863833447
0.02148549363051085
11257175945390422e-24
0.3464418096968814
0.0676285440314581
0
0
8177923913741712e-20
6661737031684196e-20
10336381944450366e-22
7596604300808254e-22
0.00019348370700536296
0.00975613515174348
0.005391388931035714
15204233669740464e-24
0.00013149894104771528
7328730698574728e-21
0.05663182190171482
0.013412043860647536
0.100986016143108
3845635826097522e-22
0.060906415193600454
0.007690475813692484
0.00012014377590738003
0.12452341237328245
0.0002964272971000905
18549559457235796e-29
8514834860106097e-20
3736156801921551e-21
0.00012471605573536115
0.016353883244641543
0.0039042016249772734
0.00016355151448573863
0.00015211551350938657
37998745108758904e-25
0.000514484472542292
0.022960257017444568
13135133564484168e-24
0.0018059524674617692
0.0018008972120389087
4418739917506283e-20
0.10876038900038319
4337242532047573e-20
0.311998573909947
0.001910757677566624
0.18364272987477506
0.00330289322955557
0.0007008875399383001
0.0005692948410258722
44751250630006446e-21
0.33421596553879646
121019928251552e-19
21567633256978636e-21
0.008303257254239254
0.006445193886080378
21715984768745122e-24
8723023765877652e-20
0.0030558361150085757
0.1330800866288117
0.030287417950126773
0.0001001129536372465
0.02303705884287821
0.00035412313564461644
0
0.11327539340237604
0.012343148058222165
0.3226626694005491
0.30263831896009263
0.31366694121868316
0.05241951584263595
0.0297463579696489
0.34696930442487184
0.3192282214663428
0.3467991458895301
0.2983438634229147
0.21288689094552254
0.0007652170966878042
0.015744360837134173
0.141519404784197
0.26985108838072175
0.13744182848020658
0.00029923447203487327
0.027042779802436787
0.2545167782509935
0.11492013329485863
0.16717946016383306
