1.0638406582446298
0.002253731945753687
0.7671403057017184
0
0.7789659692873395
5611725661340442e-21
0.8142006328376544
0
0.8805269983651703
0
1.8493546763950242
0
9.415888424318448
0
11.087904085895072
0
30.32525792913481
19.513640380289704
1.8895037401112524
4.278891501758271
7206582881700379e-47
17.136592071424065
2.3765704988067573
0.005017543133731359
0
0.08580904522176258
0.002017248683762847
0.023987141557473262
0.006940576976912007
0.22366789602697773
0.21047647651620735
0.0013616722234755059
9475830162817172e-20
0.039514946933703755
0.0015129899048449017
0.00035842109126814505
5914456648109979e-25
0.09686152948535265
0.10778973541596586
0.07429242437373415
0.06944467635626386
0
0.10148501687060199
0
4.217861378961295
4.015260707835348
4.499672066673598
0
5.435044546352417
0
4.434843162161738
0.05303081718740921
29.414453720927206
29.280620338941123
10.526318323778396
47.42062563034284
40.173411794997826
1.5431216769694762
0.0009988564024297503
0.01713174099543522
0.3354468799249572
34.750148333742494
0.06975415602078144
0.33449417695529865
2.376576941958957
1.4702373192250462
32.62933129444307
0
32.57593929971218
0
14.866190315279153
0.0002678347335508047
0.0002681316570112233
0.13494717166136502
6.37014076193911
1.275886897168414
2.417304270237997
0
0.00035773866229715665
0.01959163599575449
0.07036860614774697
0.030408301112436812
0.009595078509417748
0.00018139999478205328
0.00013155483358178688
0.0014420147880285384
1.999351247281965
0.44307001916753086
0.11694456439622919
0.15857009119659976
0.005239687961552836
0.07357157985079266
0.007842161740137183
0.0005451904194888226
0.06373349307264695
1.3071503673789093
0.02078639395084993
18817033307095814e-22
0.007754387755633778
0.0010008290908535863
0
0.9056708998859092
0.516271471172056
0.04667277589497569
0
0.41667385823883896
0.0120436510170927
0.07142991160527791
0
0.0003801668748044177
0
0.12666526757090565
0.7309291246361129
0
0
0
0
0.0013222782843180093
0.3924373144918409
0.0009630154076303333
0.0031014936573995557
0.39521172864444254
0.35558716855661293
0.17958692357350087
0.5598367922749405
0.0008259196405004949
0.5099649258700113
0.0008375477921389279
0.3859059554618818
960200335988008e-21
0.00012033034730254384
0.372172247669008
0.027584417261966535
14778157883355696e-26
0.14285657876292346
0.07848279213639789
0.21745356371545893
0.020047438196743424
0.030478979619890337
0.16347818886336435
0.30528475137860417
0.2563932286336891
0.16143810193511274
0.26527096143090756
9108314501365783e-27
0.2079848494368852
0.20805264413958247
0.4655752793185156
0.5630664129086839
0.00046148474273962893
0.5638535769507874
0.5303262233880479
11.64029190915831
2.0923155255809625
2.7976690969558002
0.10387112104963726
0.4854637413682468
2.6055539445685563
4.1869738471336415
0.635247096618602
5.130361208170521
7.220519000508249
5.1245057062019645
2.4717931089356164
2.932825480853797
0.6098517078155534
31.37301370727512
619.20982889356
4.002111458201778
5031.372405900614
1.0999858378582368
23.218530117436437
1.1721340590647695
45.12176161778694
1.3042623391893442
1.396942447314795
1.0999848274899682
0.9215536853727161
1.0876612075781653
60.722870345259956
0
0.000862742366554912
0.0008572892265231107
0
0.009145662975645084
0.008148545821199747
0.008086648680147414
0.007390542572165578
0.007158272336997807
0.009915603541988513
0.007157409814936846
0.01043383224222395
0.006125761976238982
0.007837686583098608
0.009687976028929063
0.017959396053788306
0.008236080173912275
0.009212894673377658
0.008643069563803025
0.009631695787490312
0.005616406410714444
0.012421530577223517
0.0193002975867813
0.013120247706672576
0.008084571641962995
0.0019009304976895633
0.007444134693883306
0.02292959550014258
0.07209380109840523
0.0415963257399931
0.11438660924906237
9119894983155521e-20
0.010109588712002474
0.2249724615999253
4806102915657621e-21
0.07394718459349943
0.01093025679258171
0.0012695550412862874
5486350201278343e-21
12044232899193814e-22
0.10241247931287932
0.08909146786393404
0.0041436850477686625
0.04055891672411147
0.020263161094006436
0.005783658617672691
0.012108998255793374
0.000482874662953945
0.33113020575268426
1569913000369681e-24
0.07879730504099339
0.00034190985593223714
0.009630350544660467
0.010918335201542811
0.00015706071979661035
0.00017087389279310213
0.34176524956242876
0.0003935006919649681
0.056775730199226715
0.2418002178446915
13179227682514446e-22
25861656839821318e-22
0.00014472550314208855
1257146675917403e-20
0.0005944710088162255
1700306178289906e-20
14432276726615275e-23
1004404039786067e-21
19076972658698726e-21
0.07659592664549679
0.07740434156279025
43499799419582396e-21
0.0002126814026499135
0.019634578068050704
0.008162072296321219
0.09154269827248825
0.020212984714973077
2782883528974137e-20
0.13773589038384956
0.03869419510720145
5573478359356551e-22
0.27658963511238244
44589634870978203e-23
0.0037646104536868613
0.0009825526172599485
2299456595304838e-27
0.2827052006936217
0.3405007694459961
0.0181160853226877
0.2706365341195237
0.34512774392718576
0.007405663407331792
0.1927192516558137
22332184593090256e-26
4630616806106188e-21
0.0006294169179256925
912064132617577e-19
0.1317448287854076
864560026603071e-21
0.00011181431693864529
0.16327258597305833
0.000929163087644441
0.011856884465128323
12200741651727696e-21
0.13874788075464836
0.09720283547863814
0.021266011498702
31469058341474155e-21
0.000153449099037381
12006679558487197e-23
0.013686549187551397
0.16451793375925777
8333314516574853e-24
11103297760390434e-21
9106334462468526e-21
965021637843358e-19
10586402906794245e-21
0.3052976327286238
0.16323098178577697
0.005155583524973764
0.0015483672245411209
0.04190946856665223
0.0058839327117794155
6760400124552072e-20
0.028436923363405673
8323679490174257e-20
0.0007209694142278556
0.08130946772632608
9970378780713502e-22
0.34515987753846983
0.34541203168867407
0.0018281573258970114
0.0005370861171218896
5829910094081923e-24
0.0010308011281068442
1039042129616003e-23
0.010281233471525824
0.029344802970527217
0.0009039138320861155
0.00033763434903663256
0.00015454966992110164
26181809768262546e-22
0.0061242435962996404
0.030664492919432237
0.02148380029684854
11257175944936277e-24
0.3452070433686106
0.06761083500464582
0
0
8177921516752809e-20
6661735441132124e-20
1033638190616085e-21
7596604280126769e-22
0.00019348357281539306
0.009755790460865874
0.005391284161202024
15204233668912017e-24
0.00013149887906833009
7328730506086938e-21
0.05661956961527089
0.013411389846505537
0.10094478282928585
38456358207974865e-23
0.06089216986944581
0.007690262109471018
0.00012014372417051784
0.12445860614039926
0.00029642698209687244
18549559457235796e-29
8514832261539208e-20
37361567518957346e-22
0.0001247159999854257
0.01635290772599673
0.0039041467708951327
0.00016355141860604632
0.00015211543057029993
3799874510824146e-24
0.0005144835234171661
0.022958320073604283
13135133563865844e-24
0.0018059407566583265
0.0018008855667684496
4418739217729563e-20
0.10871204896544416
4337241857846173e-20
0.3113591246121533
0.001910744566631893
0.18348760335366968
0.0033028539962407667
0.0007008857781188404
0.0005692936788318227
4475124345250609e-20
0.33336900951073306
12101992300273246e-21
2156763158989576e-20
0.008303007972639226
0.006445043987511099
21715984767055053e-24
8723021038680654e-20
0.0030558025403417356
0.13300512481548893
0.03028401966805747
0.00010011291771455483
0.023035108752549646
0.00035412268605761627
0
0.11322262414840187
0.012342594779604456
0.32193749350317724
0.30206192990336883
0.31301520400212357
0.05240907133258695
0.02974308202354839
0.34579388009690015
0.3185326796700932
0.345591636972736
0.2977935969028894
0.21266627710697267
0.0007652149964732177
0.015743457283882448
0.14143353818082727
0.2694430687991603
0.1373613434568385
0.000299234151036272
0.02704008051755866
0.2541691862344267
0.11486569416879132
0.16705455619363305
