1.0633628198607084
0.002450138662722677
0.7943517060701073
0
0.806028444154385
5805687333452655e-21
0.84251172837196
0
0.9112003762417914
0
1.9095321507052612
0
9.416035066116887
0
11.118850070719626
0
30.324899002176263
19.46759090015628
1.9342402189678933
4.279488203743976
10099128805736546e-47
17.12858578327333
2.3767700382580066
0.005190283596494022
0
0.08646159382445852
0.0020282911225305775
0.024109353242160406
0.006940617405630566
0.2248419538330461
0.21154809768219626
0.0014002653408421639
9833803722643514e-20
0.039726908748080846
0.0015558214081035607
0.0003699943504265402
6138144782209308e-25
0.09755329453511873
0.10849775860106775
0.07392254558608183
0.06916563568163757
0
0.1015820204081012
0
4.222542290309798
4.013604677564792
4.499785217450099
0
5.433646639281348
0
4.434830727591196
0.05319475407275784
29.485622297174327
29.362462397183897
10.633691147369696
47.42084815078296
40.2329130469919
1.543735083538074
0.0010054236272865767
0.017111701020861108
0.33770465603009936
34.75050100632334
0.06988130801077076
0.33476649127639874
2.376901851675898
1.4680155567041988
32.62032612153985
0
32.56676291430382
0
14.865016583012666
0.0002699683826060025
0.00027027941604720234
0.13615229640510326
6.370158725309167
1.275909775245294
2.417540513648039
0
0.0003577494530139769
0.019509013978402854
0.07037907531550525
0.030413437435936535
0.009586236626635797
0.00018170221753038387
0.00013174927311747513
0.0014407430819969565
1.999330265830482
0.44306347058959755
0.11754363071032355
0.15875761397727992
0.0052416381184171995
0.07360950048292533
0.007840778565754214
0.0005539752643095027
0.06383642916404071
1.3105594318774523
0.02080494131294519
19208852620055695e-22
0.00787725539637942
0.0010024815900945441
0
0.9058607970798753
0.5163905176110971
0.04664150882276727
0
0.4167508107498445
0.011854370790959644
0.07143833478636483
0
0.00038019273250091806
0
0.12666852891881333
0.7311257620986117
0
0
0
0
0.001359704405055059
0.39247048360217823
0.0009781028212008606
0.003123491811670664
0.3952455696493251
0.35574718740107036
0.17962079841813197
0.5598849074419181
0.000832123787655116
0.5086928298546777
0.0008370280148052648
0.38566148568364067
9602216206677116e-22
0.00012125746483523914
0.3718986669797938
0.02773014360461363
14963512436800768e-26
0.14151398727553147
0.07858318090330224
0.21747540345867983
0.020044134767327745
0.030470277529090126
0.16368448123919901
0.3055672501881024
0.2564193176528869
0.1614062637226231
0.2653159910964509
9223360253532557e-27
0.20808963388872118
0.20815741897437395
0.4656153829285417
0.5630945553583219
0.00046172271440213236
0.5639441474438627
0.5302118389404937
11.640591707838517
2.092252347953295
2.7975743143585063
0.1038841376401177
0.48547461953100846
2.605418415116032
4.186740382515808
0.6353006821555848
5.1311185931219105
7.221918097633099
5.1256784454477
2.4717504673429627
2.9333632545125297
0.6098037518193465
31.37364792823716
619.2099974395715
4.002111543786452
5033.074890551512
1.099985844219313
23.218530356728436
1.1721387511418788
45.12190154172139
1.304259629389629
1.3969425044338826
1.0999848338525366
0.9216189036996455
1.0876774801008011
60.69542256380887
0
0.0008628360075801228
0.0008572823891935397
0
0.009146225405397907
0.008150986487353124
0.008089927066986444
0.007395583147308922
0.0071615331487003735
0.009917469861582172
0.00716166459121606
0.0104352184724591
0.0061299100642214135
0.007840699634394425
0.00969057475665089
0.017962614743452298
0.008239691430455375
0.009215080322916187
0.008646481382100614
0.009633850805107303
0.0056158699783911015
0.012424525916621826
0.019306779143493425
0.013123582096775936
0.008086766784941374
0.0019009322278794017
0.00744416138564031
0.022929853095779454
0.07209650063725256
0.04159719175535614
0.1143938009906079
9119895380624151e-20
0.010109638082893242
0.2250062512924432
4806102926695088e-21
0.07395003138154187
0.010930314555972263
0.0012695558124943963
5486350215661381e-21
12044232906125516e-22
0.10241814850659803
0.08909568188371693
0.0041436932887304965
0.04055973908498537
0.020263361665018496
0.0057836747009925756
0.012109069240834013
0.0004828747744278285
0.3312393469071826
15699130003708585e-25
0.07880055758198476
0.0003419099118130011
0.009630395322377583
0.010918392838248834
0.00015706073158593137
0.00017087390674751086
0.34189644161128463
0.00039350076598579906
0.05677737301830306
0.2418408238250944
1317922769081413e-21
25861656871780447e-22
0.00014472551315218034
12571466834693468e-21
0.0005944711777892142
170030619210466e-19
14432276727610568e-23
10044040402681237e-22
190769728326024e-19
0.07659899133829141
0.0774074745242688
4349980032380559e-20
0.00021268142426905142
0.019634766256725923
0.008162104409772412
0.09154716185229853
0.02021318428275466
27828835659811435e-21
0.13774668378249857
0.03869494196742657
5573478360840893e-22
0.2766482177930528
44589634880478763e-23
0.0037646172530438975
0.000982553079052797
2299456595304841e-27
0.28276765900737255
0.340628399300321
0.018116245259266632
0.27069158329663745
0.3452926986182927
0.007405689822816923
0.1927424560090662
22332184593092642e-26
4630616816352342e-21
0.0006294171073557628
9120641723709459e-20
0.13175461417651108
8645600269602384e-22
0.00011181432291350264
0.1632883875583732
0.000929163500591848
0.011856952506335786
1220074172285873e-20
0.13875885039329966
0.09720790644644002
0.021266232660876218
3146905881469413e-20
0.00015344911029070032
1200667955917605e-22
0.013686640029825267
0.16453401104421841
8333314516608035e-24
11103297819300588e-21
9106334502093815e-21
9650216823474286e-20
10586402960347117e-21
0.30537720506202487
0.16324677421383724
0.00515559629619363
0.0015483683720226178
0.041910347991973414
0.005883949359420951
6760400342954307e-20
0.028437322024871686
832367982126741e-19
0.0007209696627975325
0.08131294219596555
9970378785463622e-22
0.3453056723221735
0.3455599454190145
0.0018281589260247366
0.0005370862550387076
5829910094098164e-24
0.0010308016363923017
10390421296211618e-24
0.010281284542661528
0.029345227931167065
0.000903914222884914
0.00033763440352833343
0.00015454968133643578
2618180980101785e-21
0.006124261636224619
0.03066495765906078
0.021484026066959133
1125717594499683e-23
0.3453714242631191
0.067613195940265
0
0
8177921836351288e-20
6661735653205712e-20
10336381911266118e-22
7596604282884301e-22
0.00019348359070738366
0.009755836418945918
0.005391298130395548
15204233669022475e-24
0.0001314988873322464
7328730531751977e-21
0.0566212031002947
0.013411477046548465
0.10095027963157362
3845635821504158e-22
0.06089406905347755
0.007690290603024099
0.00012014373106876484
0.12446724502237433
0.00029642702409728215
18549559457235796e-29
8514832608014747e-20
37361567585658434e-22
0.000124716007418749
0.016353037791787196
0.003904154084728222
0.00016355143139000207
0.0001521154416288422
3799874510831045e-24
0.0005144836499670817
0.022958578323341684
13135133563948287e-24
0.0018059423180943979
0.0018008871194668266
44187393110331195e-21
0.10871849306184966
4337241947739687e-20
0.3114443087381156
0.0019107463147513258
0.18350827931629612
0.0033028592273224807
0.0007008860130278458
0.0005692938337908922
44751244409506074e-21
0.3334818128526426
12101992370257505e-21
21567631812173467e-21
0.008303041209753484
0.006445063973785573
21715984767280394e-24
8723021402306872e-20
0.003055807016942667
0.13301511728376042
0.030284472750302296
0.00010011292250424631
0.02303536875505546
0.00035412274600251666
0
0.1132296586283586
0.01234266854865387
0.3220340893757573
0.3021387183057643
0.31310202399468845
0.05241046381367915
0.02974351879551599
0.3459503729761123
0.3186253309440502
0.3457523949213849
0.29786690709187524
0.21269567907104445
0.0007652152765014961
0.015743577754653272
0.14144498405039985
0.26949743574465373
0.1373720720695319
0.00029923419383606564
0.027040440406641417
0.254215504395115
0.11487295122866438
0.16707120466304587
