1.0631239006687476
0.0025546784202811917
0.80831390940093
0
0.8199150340508771
590520645209246e-20
0.857039099072945
0
0.9269401166475161
0
1.9404002550861945
0
9.416118889064856
0
11.134444389115748
0
30.324761326350988
19.44444051984068
1.956996850194594
4.279769063346808
1195604124213168e-46
17.124602162984612
2.3768700638408586
0.005278826756371161
0
0.08678928834382586
0.0020338033466477893
0.02417067489403912
0.006940637628299485
0.22543108945762785
0.21208579784460713
0.0014199889984658513
0.00010017553017856734
0.039833288282966194
0.0015777106517601781
0.00037592757074601167
6253008323873712e-25
0.09790016083318193
0.10885215016121105
0.07374197697337732
0.06902804722529976
0
0.10163021033060014
0
4.224898295120489
4.0127439751244935
4.499840692549172
0
5.4329424024756
0
4.43482402106294
0.0532841606021364
29.521101209124787
29.403284658646346
10.687415865902269
47.42100631446433
40.263355116986105
1.5440422687731974
0.0010088226668672515
0.017101528609359658
0.3388722138132016
34.750668608964034
0.06994499596132281
0.3349130946321724
2.377063981125301
1.4668952719173176
32.6158168561989
0
32.56215839929517
0
14.864432092769668
0.00027107157067486653
0.0002713927984483126
0.13677431307473048
6.370167329961353
1.275921357557908
2.417658644487637
0
0.0003577551135551215
0.019468810961832526
0.07038430222163225
0.030415999651217846
0.009581812325512343
0.0001818544318448553
0.0001318471387087648
0.0014401022067887202
1.9993197160525737
0.44305999449939715
0.11784419073143776
0.15885183745696818
0.005242625082213158
0.07362818808367014
0.007840023007484811
0.000558413838886837
0.06388818018434597
1.3122767674746645
0.02081424506018956
19407544669695634e-22
0.00793932035869868
0.0010033127939814508
0
0.9059556588753721
0.5164499162370053
0.04662587282154647
0
0.41678895604915434
0.01175899707892965
0.07144255909607149
0
0.0003802062222726634
0
0.12667015966892997
0.7312240912747594
0
0
0
0
0.001378823784230611
0.39248699894156636
0.0009857229536224296
0.0031345174304918564
0.39526248797137314
0.3558272376302388
0.1796378046253387
0.5599089129765359
0.000835332034431398
0.5080520118912528
0.0008367698301878356
0.38554000570816266
9602322679235609e-22
0.0001217366626194483
0.37175998913979214
0.027803270865743322
15057051012270914e-26
0.1408307673375889
0.0786334582515797
0.2174863202234118
0.02004247943839089
0.030465924450162576
0.16378765167424547
0.3057085661723694
0.25643236637828376
0.16139034652869422
0.26533850960134825
9281421214251631e-27
0.20814202121831119
0.208209800067654
0.4656354289353939
0.5631086243312267
0.00046184299930616035
0.5639911221067245
0.5301546658109905
11.640741443079513
2.0922206515994892
2.7975265428780545
0.10389062068348714
0.48548005261392874
2.6053504181252256
4.1866227100664615
0.6353273590861187
5.131499492204815
7.222622278566226
5.12626574009638
2.4717290274771218
2.933634545753903
0.6097797649903495
31.373970834733004
619.2100817125944
4.00211158657879
5033.926348893366
1.099985847399851
23.21853047637444
1.1721410971874768
45.121971503851334
1.3042582727500376
1.3969425329930343
1.0999848370338208
0.9216515132510923
1.0876856164532211
60.681330354404004
0
0.0008628826279115015
0.0008572789237810987
0
0.009146505314051076
0.008152209005408795
0.008091568822786135
0.007398106616670392
0.007163164857744089
0.009918405719048983
0.00716379473417406
0.010435914663173724
0.0061319868273030645
0.007842208243790498
0.009691876749798878
0.017964228917553657
0.008241499662863567
0.009216175711271236
0.008648190052534668
0.009634930747540108
0.005615598689722181
0.0124260272210358
0.019310025031609963
0.013125252763217143
0.008087866664758844
0.0019009330929749112
0.007444174731554702
0.02292998189468309
0.0720978504445824
0.04159762476979889
0.11439739703093921
9119895579358472e-20
0.010109662768429041
0.22502314804179302
4806102932213821e-21
0.07395145481666075
0.010930343437782012
0.0012695561980986265
54863502228529e-19
12044232909591368e-22
0.10242098322114124
0.08909778896835384
0.004143697409217559
0.04056015027167503
0.020263461951269015
0.005783682742669289
0.01210910473351038
0.00048287483016477996
0.33129393097361665
15699130003714472e-25
0.07880218390282616
0.00034190993975338654
0.009630417711314216
0.010918421656715943
0.0001570607374805922
0.00017087391372471564
0.34196205651956607
0.0003935008029962197
0.0567781944456669
0.24186112937236473
13179227694963971e-22
2586165688776001e-21
0.00014472551815722652
12571466872453187e-21
0.0005944712622757265
1700306199012037e-20
14432276728108216e-23
10044040405091523e-22
1907697291955424e-20
0.07660052373067165
0.07740904105256054
434998007759172e-19
0.00021268143507862118
0.01963486035173992
0.008162120466545391
0.09154939372381879
0.020213284067384343
27828835844846467e-21
0.13775208079899515
0.03869531540294497
5573478361583064e-22
0.2766775137862324
44589634885229046e-23
0.003764620652727021
0.0009825533099493027
2299456595304842e-27
0.2827988933386717
0.34069223216616834
0.01811632522808559
0.2707191120840582
0.3453752055266868
0.007405703030594822
0.1927540592333911
22332184593093833e-26
46306168214754185e-22
0.0006294172020708194
912064192247631e-19
0.13175950714461437
864560027138822e-21
0.00011181432590093144
0.16329628892450274
0.0009291637070656205
0.01185698652708594
1220074175842425e-20
0.13876433553785025
0.0972104420295452
0.021266343242825843
3146905905130412e-20
0.00015344911591736032
12006679559520477e-23
0.013686685451188308
0.16454205027586294
8333314516624627e-24
11103297848755664e-21
910633452190646e-20
9650217045994648e-20
10586402987123553e-21
0.30541699900574437
0.163254671000821
0.005155602681815427
0.0015483689457636855
0.041910787711554154
0.005883957683259382
6760400452155427e-20
0.02843752135770052
8323679986813992e-20
0.0007209697870824031
0.0813146794864608
9970378787838683e-22
0.3453785928061756
0.34563392603507037
0.0018281597260891246
0.0005370863239971299
5829910094106285e-24
0.0010308018905351244
10390421296237411e-24
0.010281310078324515
0.02934544041379478
0.0009039144182843767
0.00033763443077418717
0.0001545496870441032
261818098173955e-20
0.006124270656207036
0.03066519003151633
0.021484138952904144
11257175945027106e-24
0.34545364406116724
0.0676143764389904
0
0
8177921996150533e-20
6661735759242509e-20
10336381913818754e-22
7596604284263066e-22
0.0001934835996533796
0.009755859398067128
0.005391305115005883
15204233669077704e-24
0.00013149889146420478
73287305445844964e-22
0.05662201986047889
0.013411520646782542
0.10095302814496165
38456358218574937e-23
0.060895018667706136
0.00769030484984023
0.00012014373451788849
0.12447156468822404
0.00029642704509748926
18549559457235796e-29
8514832781252522e-20
3736156761900898e-21
0.0001247160111354108
0.016353102825070364
0.0039041577416499044
0.0001635514377819803
0.00015211544715811363
3799874510834495e-24
0.0005144837132420512
0.02295870744929974
13135133563989509e-24
0.0018059430988129398
0.0018008878958165173
44187393576848984e-21
0.1087217152532954
4337241992686446e-20
0.31148690954020697
0.001910747188811642
0.18351861817128023
0.0033028618428664444
0.000700886130482378
0.0005692939112704428
4475124488800607e-20
0.3335382288364268
12101992405249636e-21
21567631923312325e-21
0.008303057828360506
0.006445073966946052
21715984767393065e-24
8723021584119987e-20
0.0030558092552455925
0.13302011379941212
0.03028469929396668
0.00010011292489909213
0.02303549875740888
0.00035412277597497065
0
0.11323317603222888
0.012342705433343915
0.32208239818018514
0.30217711982691253
0.31314544302091896
0.05241116006809924
0.029743737183905
0.3460286459721909
0.3186716666865569
0.345832801935793
0.29790356895384495
0.2127103815773974
0.0007652154165156738
0.015743637990384377
0.14145070733253873
0.2695246233309764
0.137377436690109
0.0002992342152359647
0.02704062035297902
0.25423866664063455
0.11487657993053334
0.16707952951992983
