1.0650352542044335
0.0018288610027395247
0.7030876201127312
0
0.7152717142590324
5155115013049965e-21
0.7475677728284266
0
0.808336709260948
0
1.7075997096871511
0
9.415624881984682
0
11.011940481663252
0
30.326636754785188
19.627307882695778
1.7820680139377079
4.2771969790978295
31021844973911285e-48
17.156832365066062
2.3760748453310865
0.004609984798997763
0
0.08419433791310883
0.0019895520061902947
0.023684122239298583
0.006940476002903634
0.220757236747274
0.20781940015863296
0.0012699910708643917
8634206665789677e-20
0.038989672156777296
0.0014112345272830665
0.0003311247861821929
538898610569553e-24
0.09514395065990085
0.10602470755380529
0.07527047307863981
0.07016702829894134
0
0.10123910785490542
0
4.206340098605246
4.0190258552651965
4.4993772709867015
0
5.438478178641212
0
4.434869085340425
0.05270324324122991
29.235400298553763
29.07497903382147
10.258430346497486
47.42050237282444
40.03077927537901
1.5415939460639072
0.0009836463513103395
0.01717944720766188
0.33020761778120095
34.74917206522569
0.06943765124371101
0.33392641335815065
2.375761206847854
1.4756833096003452
32.65178644350099
0
32.598721826386225
0
14.869151810780881
0.000262884495793667
0.00026315602220231834
0.13213973491872155
6.370091808213216
1.2758313166195818
2.4167137681950273
0
0.00035771504028003006
0.019811687701738627
0.07034235401373554
0.03039539302902691
0.009617150513935874
0.00018065723449855778
0.00013107623936581668
0.001445136394247492
1.9994031778924797
0.4430840713954445
0.11545885722674558
0.15810663990240534
0.005234954115748686
0.07347373041488173
0.0078448955753789
0.0005237603092791784
0.06347943019839693
1.2987758661334519
0.020740377805403366
17869294873563672e-22
0.00745449894334316
0.0009967550905784126
0
0.9051951817949072
0.5159725280001245
0.046750944038772946
0
0.4164776763431906
0.012508165882748043
0.07140900039839186
0
0.0003801077410229355
0
0.12665711510339267
0.7304376516988454
0
0
0
0
0.0012332879748906424
0.3923535900118706
0.00092617873703978
0.003046815746695081
0.3951271006096093
0.3551876127191226
0.17950303877993817
0.5597159580131597
0.0008115261055019071
0.5130900873158959
0.0008388667270647641
0.3865257607730626
9601471824672382e-22
0.00011817708979292264
0.3728345733112994
0.02722317235674335
14324658018472025e-26
0.14607802192874775
0.07823276015591263
0.21739892825707907
0.020055657512815746
0.030500713986343953
0.16296274304951186
0.3045792799180585
0.25632805632003985
0.16151773144720322
0.2651584556647117
8826876580733266e-27
0.20772286323084943
0.2077906664209624
0.46547495476539535
0.5629960304892498
0.0004609035028699603
0.5636451019859153
0.5306124422620079
11.639541671944531
2.092472227594883
2.7979016749818957
0.10383828720661258
0.48543651869650023
2.6058900853973124
4.187546679962912
0.6351117910755861
5.128493673369908
7.2170755767558585
5.121584989533145
2.4718983355526705
2.9315089817080673
0.6099715389645112
31.37149594629293
619.2094075287321
4.0021112442401
5027.118713328192
1.0999858219555465
23.21852951920645
1.1721223289541687
45.12141180984916
1.3042690934709245
1.3969423045125113
1.0999848115835484
0.9213906441122535
1.0876205273344122
60.787292808313516
0
0.0008625060122461357
0.0008573057715683443
0
0.009144241675476202
0.008142470578929048
0.008078483516640386
0.007377979025437905
0.007150136707076331
0.009910969913364539
0.007146805784158125
0.010430403683453965
0.006115424118000529
0.007830179180727079
0.009681510992915414
0.017951407742529502
0.008227083322913258
0.009207461488834074
0.008634573189118325
0.009626337743112322
0.005617713042248827
0.012414086000450481
0.019284155551378412
0.013111953736231302
0.008079111637645926
0.0019009261722218575
0.00744406796490951
0.02292895152371092
0.07208705269350335
0.041594160780464386
0.11436863187321573
9119893989484025e-20
0.010109465285830385
0.2248880095669113
4806102888063955e-21
0.0739400681028414
0.010930112385440846
0.0012695531132680645
54863501653207486e-22
12044232881864561e-22
0.10239830770145987
0.08908093368645231
0.004143664445435783
0.04055686089487304
0.020262659675161904
0.005783618409568652
0.012108820795012312
0.00048287438426934854
0.3308575101711292
1569913000366737e-24
0.07878917427584924
0.00034190971623036706
0.009630238601278545
0.010918191111108868
0.0001570606903233117
0.0001708738579070853
0.341437489639206
0.00039350050691295174
0.05677162335949401
0.24169873271947623
13179227661765237e-22
258616567599235e-20
0.00014472547811686208
12571466570375441e-21
0.000594470586383964
17003061437530217e-21
1443227672412704e-22
10044040385809245e-22
1907697222393954e-20
0.07658826544994907
0.07739650971384283
4349979715902449e-20
0.00021268134860207832
0.019634107604253753
0.00816199201324601
0.09153154027507708
0.020212485804139414
27828834364566236e-21
0.13770891058718102
0.038692328019705076
5573478355645694e-22
0.2764432326785641
44589634847226807e-23
0.003764593455347997
0.0009825514627787768
2299456595304832e-27
0.28254911525974363
0.3401819039902924
0.01811568548741774
0.2704989601502013
0.3447157018795589
0.007405597369031185
0.19266125299387155
22332184593084292e-26
4630616780490804e-21
0.0006294164443507661
9120640332341619e-20
0.13172036848710236
8645600257101526e-22
0.00011181430200150331
0.16323308869941613
0.0009291620552767263
0.011856714363817897
12200741473900106e-21
0.13872046045191103
0.09719015921643584
0.02126545860332898
31469057158424234e-21
0.00015344907090408631
12006679556765063e-23
0.013686322084504604
0.1644777474195433
8333314516491897e-24
1110329761311506e-20
9106334363405306e-21
9650215265831904e-20
10586402772912068e-21
0.3050987925954882
0.16319150739922333
0.005155551597062508
0.0015483643558410983
0.04190727008408212
0.005883891092881646
6760399578546515e-20
0.028435926734191545
8323678662441432e-20
0.000720968792804038
0.08130078220173782
9970378768838197e-22
0.3447956598359786
0.34504252429835913
0.0018281533255838256
0.0005370857723299996
5829910094041321e-24
0.001030799857394297
10390421296031061e-24
0.010281105794796453
0.029343740595851306
0.0009039128550898585
0.00033763421280741894
0.00015454964138276987
26181809686374293e-22
0.006124198496719679
0.030663331101175147
0.021483235881951956
11257175944784896e-24
0.3447964333409841
0.06760493302626563
0
0
8177920717756662e-20
6661734910948184e-20
10336381893397679e-22
7596604273232941e-22
0.00019348352808542377
0.009755675566612951
0.005391249238376567
15204233668635864e-24
0.0001314988584085415
7328730441924342e-21
0.05661548610888022
0.013411171848878687
0.1009310421329863
3845635819030808e-22
0.060887422168504034
0.007690190876050192
0.00012014370692490204
0.12443701155861074
0.00029642687709587414
18549559457235796e-29
851483139535042e-19
37361567352204625e-22
0.00012471598140211942
0.016352582566046468
0.0039041284863723527
0.00016355138664616138
0.0001521154029239477
3799874510806898e-24
0.0005144832070425132
0.022957674461969755
13135133563659735e-24
0.0018059368530740545
0.0018008816850283637
4418738984470681e-20
0.10869594039546646
4337241633112395e-20
0.311146266216354
0.001910740196340308
0.18343592363839936
0.003302840918572728
0.0007008851908466712
0.0005692932914343335
44751241060006225e-21
0.33308716806366223
12101992125312597e-21
21567631034201494e-21
0.008302924880435663
0.006444994022096067
21715984766491693e-24
872302012961518e-19
0.003055791348868097
0.13298014692883406
0.03028288699210116
0.00010011290574032713
0.023034458759124243
0.00035412253619540975
0
0.1132050398604241
0.012342410358909846
0.32169613056596197
0.3018700442678653
0.31279825933115835
0.052405590291713974
0.029741990121689665
0.34540295753753203
0.3183011693373215
0.3451900690326408
0.29761040035841335
0.212592789977215
0.0007652142964029697
0.015743156110988473
0.141404927558906
0.26930719941423775
0.13733452559074488
0.0002992340440368147
0.0270391808158073
0.2540534277507827
0.11484755352481785
0.16701294227787503
