1.065513092588355
0.0016822553914824657
0.6789779691308929
0
0.6912993585233922
4983220830081152e-21
0.7224895405916835
0
0.7811679160558437
0
1.6541998187442744
0
9.415552663202485
0
10.982109138977684
0
30.327378179283933
19.672196929934273
1.740801115119973
4.27643737371081
22150468929963935e-48
17.165016441842056
2.3758779472389335
0.004456222078535098
0
0.0835551577748474
0.0019784433603709313
0.023563914827449513
0.006940435652768124
0.21960272456833435
0.20676532857028285
0.0012351609789427213
831790262256404e-19
0.03878140465133224
0.0013725750137373153
0.0003208293536484793
5191658946348201e-25
0.09446180414188733
0.10532096755514324
0.07568410002557538
0.07046686899755122
0
0.10113949277693615
0
4.201803707415174
4.020384939481973
4.499254963730729
0
5.439827405853802
0
4.434877409770053
0.05260592066656959
29.163369330632847
28.99235938105217
10.151536668373469
47.42057927362784
39.97780730857071
1.5409851717196954
0.0009780489250494
0.017198349185520694
0.32827520869341537
34.74874686567632
0.06931163242205046
0.33374076359689775
2.375433559185378
1.4778189160550563
32.66075336574312
0
32.607784220797335
0
14.870347024748261
0.0002610572373618416
0.0002613168542080469
0.13109812730369358
6.370070628030768
1.2758097055553814
2.4164776099308853
0
0.0003577070372110115
0.019905364499342555
0.07033182582897704
0.03039020379620122
0.00962596884144754
0.00018036521808842336
0.00013088779072771095
0.0014463623864183642
1.9994238092882946
0.4430887802332509
0.11486934413799994
0.15792338558486455
0.005233118198598884
0.07343343022416374
0.007845709300907552
0.0005153981296915441
0.06337910496763054
1.2954847246638455
0.020722112807786373
17502632452952913e-22
0.007337417427930035
0.0009951481418643531
0
0.9050045210147374
0.5158524743214824
0.046782223075874464
0
0.4163977102892729
0.01269044855809574
0.07140069203942286
0
0.00038008586545491434
0
0.1266538544832299
0.7302411103184864
0
0
0
0
0.001199449856813969
0.39231978219448127
0.0009117923401277271
0.003025074980746386
0.39509323914936273
0.35502799310356764
0.17946980564209628
0.5596674086630818
0.0008062148704686148
0.5143183766978031
0.0008394019247325263
0.386777056796862
9601259446951475e-22
0.00011738145877789044
0.37309102786116566
0.027079898057260843
1414714097905128e-25
0.1473143971593353
0.0781331111797367
0.21737705969763618
0.020058930744851152
0.030509400579479803
0.16275667980334665
0.3042974010119503
0.2563020079521457
0.16154960163022186
0.2651134912334631
8716727167959212e-27
0.20761807213261124
0.20768587295539573
0.4654347996754412
0.5629678669933629
0.0004606758862322045
0.5635681621713163
0.530727047216434
11.639241764364275
2.0925344172498637
2.797992980432496
0.10382503774470105
0.4854256363158033
2.6060234807645686
4.1877715444063215
0.6350571366295907
5.127757095769837
7.215720025475522
5.120421291206599
2.4719398805923487
2.9309934919194203
0.6100194660901893
31.370915991590522
619.2092389828812
4.002111158655432
5025.418243409941
1.0999858155944706
23.218529279914456
1.1721176369427975
45.12127188743338
1.3042717871317642
1.396942247389774
1.0999848052209802
0.9213254294444613
1.0876042556620367
60.81142577816218
0
0.0008624106050544678
0.0008573121690395736
0
0.009143667072299586
0.008140051426269394
0.008075230137687685
0.007372969069950545
0.007146889510097039
0.00990912960774616
0.007142577643679143
0.01042904752175888
0.006111302173749683
0.00782718667929456
0.009678938138439567
0.01794823661828994
0.008223497462848837
0.009205301005642536
0.008631188291334736
0.009624206772788834
0.005618222511166306
0.012411126227584375
0.01927772438434681
0.013108653557691351
0.008076939148496437
0.001900924442037531
0.007444041273487476
0.022928693938202377
0.07208435350841924
0.04159329482820346
0.11436144171400936
9119893592015456e-20
0.01010941591578348
0.224854237631018
4806102877026489e-21
0.07393722169834635
0.010930054623118704
0.0012695523420615954
5486350150937711e-21
12044232874932859e-22
0.1023926396059974
0.08907672036422506
0.004143656204531313
0.0405560385923553
0.02026245911109829
0.005783602326405304
0.012108749811428097
0.000482874272795555
0.3307484948292875
15699130003655596e-25
0.07878592220471076
0.00034190966034963505
0.009630193824290123
0.010918133475467735
0.00015706067853399377
0.00017087384395268057
0.3413064736987918
0.00039350043289216956
0.05676998070678058
0.24165815059670234
13179227653465555e-22
2586165672796437e-21
0.0001447254681067727
12571466494856004e-21
0.0005944704174111433
1700306129938268e-20
14432276723131746e-23
10044040380988675e-22
1907697205003587e-20
0.07658520118629263
0.07739337719614997
4349979625480136e-20
0.00021268132698294812
0.019633919421891365
0.008161959900237036
0.09152707745693056
0.020212286243254017
2782883399449619e-20
0.13769812014832125
0.03869158120993237
5573478354161351e-22
0.2763846934052852
44589634837726247e-23
0.0037645866560339423
0.0009825510009866879
2299456595304829e-27
0.2824867052183943
0.34005444143303226
0.018115525555780672
0.2704439501458818
0.3445510228337789
0.007405570953875829
0.19263805841668757
22332184593081906e-26
463061677024465e-20
0.0006294162549208953
9120639934807991e-20
0.13171058563941998
8645600253529853e-22
0.00011181429602664707
0.1632172924654288
0.0009291616423299615
0.011856646323977016
12200741402769073e-21
0.13870949384819253
0.09718508917443963
0.02126523744920472
3146905668520428e-20
0.00015344905965076984
12006679556076208e-23
0.01368623124434103
0.16446167563232944
8333314516458714e-24
1110329755420491e-20
9106334323780017e-21
965021482079127e-19
10586402719359198e-21
0.30501929280820145
0.16317572031765276
0.005155538825953369
0.0015483632083625775
0.04190639072334619
0.005883874445404966
6760399360144305e-20
0.02843552809228605
8323678331348324e-20
0.000720968544234661
0.08129730825169006
9970378764088074e-22
0.3446500803894851
0.3448948320453314
0.0018281517254610023
0.0005370856344133056
582991009402508e-23
0.0010307993491097166
10390421295979473e-24
0.010281054724548658
0.02934331565675019
0.0009039124642916513
0.0003376341583157489
0.00015454962996743867
2618180965361899e-21
0.0061241804569806884
0.030662866386197734
0.021483010120145217
11257175944724343e-24
0.34463232611567773
0.06760257237917308
0
0
8177920398158227e-20
6661734698874621e-20
10336381888292408e-22
7596604270475409e-22
0.00019348351019343897
0.009755629609290656
0.005391235269309725
15204233668525406e-24
0.000131498850144627
7328730416259303e-21
0.05661385278878791
0.013411084650820124
0.10092554637819166
3845635818324137e-22
0.06088552319177751
0.007690162382866612
0.00012014370002665642
0.12442837477504576
0.0002964268350954852
18549559457235796e-29
851483104887493e-19
3736156728550354e-21
0.0001247159739687977
0.016352452503876694
0.003904121172587218
0.00016355137386220913
0.00015211539186540826
3799874510799998e-24
0.0005144830804927065
0.022957416222399447
13135133563577293e-24
0.0018059352916427083
0.0018008801323346722
44187388911671316e-21
0.10868949763583036
4337241543218888e-20
0.31106116360895214
0.0019107384482264728
0.18341525582812057
0.003302835687520011
0.0007008849559379414
0.0005692931364754116
4475124010300631e-20
0.3329744982140432
12101992055328341e-21
21567630811923793e-21
0.008302891643787072
0.006444974036038516
21715984766266353e-24
8723019765989017e-20
0.0030557868722901186
0.13297015708763363
0.030282433933580672
0.00010011290095063645
0.023034198766889648
0.00035412247625054487
0
0.11319800690992735
0.012342336591403567
0.3215996360659608
0.30179332414884064
0.3127115235694314
0.052404197940105215
0.029741553372170045
0.34524671228521897
0.31820861232450104
0.3450295725380199
0.2975371533001636
0.21256340223600595
0.0007652140163750499
0.015743035643444092
0.1413934849307448
0.269252870845986
0.13732379991039154
0.00029923400123704253
0.027038820943488803
0.2540071391205201
0.11484029806943612
0.1669962996142475
