1.066872203827152
0.0013264212650025327
0.6147977150633601
0
0.6274884523268995
4525538454818994e-21
0.6557357751573973
0
0.7088528763341616
0
1.511911305898318
0
9.415419388458083
0
10.898962297690971
0
30.33006831075789
19.79808985593432
1.6285265250315437
4.274018290829342
850726916082164e-47
17.18856290689675
2.3753224981236953
0.004045904776660523
0
0.08175821578773675
0.001946779852957826
0.023225118509442453
0.006940321009958991
0.21634922976859605
0.2037944621815959
0.0011415192700656575
7477688418758706e-20
0.03819474477433523
0.0012686313906439867
0.00029336111806496504
4667903311941974e-25
0.09253745869162765
0.10332750637743011
0.07693545750889202
0.07135819910308226
0
0.10085273601407022
0
4.189125318528407
4.023805093739076
4.49889483736562
0
5.443590332435911
0
4.434895553162302
0.05242785557835229
28.95741014877154
28.756463774557652
9.848510500366952
47.42100778138189
39.83696003964172
1.539261128711898
0.0009634317341631971
0.017250689861551108
0.3232172008747867
34.74744211218594
0.06895517684920745
0.3333271423643237
2.374497940732177
1.483762035751296
32.686240354961654
0
32.6334500390075
0
14.873778619356244
0.00025627409690248394
0.00025650166425706614
0.1283557863322773
6.370005949831644
1.2757500738540524
2.4158060399553016
0
0.00035768917957162803
0.02019065641303901
0.0703018128069067
0.030375366711638173
0.009651027922422584
0.00017955039232293252
0.00013036106609481252
0.001449780481459281
1.9994823194722564
0.4430993920033636
0.11320744437416691
0.15740872768592068
0.00522808015902495
0.07331542923435035
0.007847191911327201
0.0004922561693231801
0.06309776216691546
1.286304435885407
0.02067060560774526
16497313980511034e-22
0.0070132116638739125
0.0009906471890856435
0
0.9044611297809554
0.5155097437400104
0.04687126991020449
0
0.41616571540662195
0.013197714121033509
0.07137723174086016
0
0.00038002752302563995
0
0.12664458150275407
0.7296822367647053
0
0
0
0
0.0011083921612718612
0.39222264129850326
0.0008719411593829412
0.002963659651400891
0.39499689514583647
0.35457464594232097
0.17937628194552205
0.5595287423873005
0.0007923112449842103
0.517745088627978
0.000840947250258569
0.38750201625016406
9600656137093467e-22
0.00011529554857605855
0.3737947334015482
0.026676185380719027
13654052511855526e-26
0.15067553755677274
0.07785076604541773
0.21731481451798956
0.0200682002924257
0.030534090164818044
0.16217094020443434
0.30349662047961395
0.2562279850390328
0.16164032578224494
0.26498575887301445
8410815181454635e-27
0.20732008019712297
0.20738785811313554
0.46532051207965736
0.5628877288934458
0.0004600414214168073
0.5633666994531801
0.5310534393537288
11.638391223250986
2.092709793304166
2.798247400817598
0.10378699484079026
0.4853947736257518
2.606399635022786
4.188398064482748
0.6349000407161988
5.125694856962345
7.211932834029506
5.117126239451198
2.472056365837855
2.929561656352927
0.6101558395884696
31.36935118453881
619.2087595897473
4.002110915227774
5020.584756796375
1.099985797501722
23.2185285992985
1.1721042916014952
45.12087390978921
1.3042794236849737
1.3969420849104208
1.0999847871239874
0.9211399457727613
1.0875579756248275
60.87513441554098
0
0.0008621366780165356
0.0008573296712131737
0
0.009142013767522649
0.008133206266432002
0.008066017595331406
0.007358768753341501
0.007137677537226424
0.009903937348177273
0.007130594825491777
0.01042523959995395
0.006099620349391066
0.007818709216353435
0.009671663002694031
0.017939295799196824
0.008213339846450885
0.00919919749669367
0.00862160475738822
0.009618185644483213
0.005619632856635748
0.012402766265555245
0.01925951584300415
0.013099323595909615
0.008070797332772356
0.0019009195208990696
0.007443965355849068
0.022927961305973937
0.07207667679410466
0.04159083190686247
0.11434099328277089
9119892461499425e-20
0.010109275494339716
0.22475820815477301
4806102845632728e-21
0.07392912629575771
0.010929890331955848
0.0012695501485288211
5486350110028171e-21
12044232855217085e-22
0.10237651961042264
0.08906473754074844
0.004143632765093536
0.04055369981615716
0.02026188865946455
0.005783556581458981
0.012108547915759472
0.00048287395573182916
0.3304386198527375
156991300036221e-23
0.07877667310308054
0.0003419095014086424
0.009630066466659678
0.010917969544616985
0.0001570606450017521
0.00017087380426230415
0.3409341010730166
0.00039350022235562835
0.05676530878490081
0.2415427604937344
1317922762985884e-21
2586165663706332e-21
0.00014472543963517303
12571466280056784e-21
0.0005944699368035953
17003060906450944e-21
1443227672030084e-22
10044040367277575e-22
19076971555403296e-21
0.07657648620013613
0.07738446809855348
4349979368292808e-20
0.00021268126549187056
0.019633384186421615
0.008161868562197217
0.0915143850946691
0.020211718644869054
27828832941909458e-21
0.1376674336264332
0.03868945714469665
5573478349939452e-22
0.27621825846167425
445896348107039e-21
0.0037645673168758137
0.0009825496875169623
2299456595304822e-27
0.28230926827818437
0.33969216191982926
0.01811507067144286
0.270287546859781
0.3440830577466518
0.0074054958220120355
0.19257210156344332
22332184593075129e-26
46306167411016124e-22
0.0006294157161276002
9120638804106907e-20
0.13168276434948695
8645600243370975e-22
0.00011181427903242119
0.16317237174175467
0.0009291604677903508
0.01185645280102964
1220074120045174e-20
0.13867830637958847
0.09717066994741752
0.02126460843517493
3146905533922924e-20
0.00015344902764307183
1200667955411691e-22
0.013685972871811112
0.1644159713838208
8333314516364333e-24
11103297386647326e-21
9106334211074184e-21
9650213554966476e-20
10586402567039274e-21
0.30479328554336865
0.1631308256185579
0.005155502501380249
0.00154835994460482
0.04190388966672187
0.005883827095400514
6760398738944982e-20
0.028434394269401968
8323677389623373e-20
0.0007209678372315792
0.08128742813963827
9970378750577346e-22
0.34423634609229925
0.3444750978860379
0.0018281471742543033
0.0005370852421383384
5829910093978886e-24
0.0010307979034020168
10390421295832743e-24
0.010280909467308235
0.029342107040088855
0.0009039113527488955
0.0003376340033256503
0.00015454959749892366
26181809560453397e-22
0.0061241291470105945
0.030661544640245512
0.021482368000923895
11257175944552111e-24
0.3441659843717695
0.06759585846340838
0
0
8177919489127456e-20
6661734095675806e-20
10336381873771542e-22
759660426263219e-21
0.00019348345930344325
0.009755498894493012
0.005391195537421656
15204233668211222e-24
0.00013149882663965519
73287303432604765e-22
0.05660920740935929
0.01341083663729866
0.1009099164902868
3845635816314158e-22
0.060880122273854746
0.007690081340548663
0.0001201436804060432
0.12440381252961369
0.0002964267156342051
1854955945723579e-28
8514830063398019e-20
37361567095786246e-22
0.00012471595282627273
0.016352082574921226
0.0039041003701315844
0.00016355133750093904
0.00015211536041171247
3799874510780374e-24
0.0005144827205484472
0.022956681729889804
13135133563342802e-24
0.0018059308504855388
0.0018008757160298706
4418738625784732e-20
0.1086711746426886
43372412875356365e-21
0.3108192342954964
0.0019107334760914121
0.1833564832991524
0.003302820808931071
0.0007008842877896722
0.0005692926957274324
44751237381020553e-21
0.33265424073460115
12101991856272773e-21
2156763017970142e-20
0.008302797109826239
0.006444917190221094
21715984765625414e-24
8723018731730608e-20
0.0030557741396371654
0.1329417471786031
0.030281145340532046
0.00010011288732736537
0.023033459289456028
0.00035412230574998285
0
0.1131780055433695
0.012342126777586941
0.3213253358755962
0.3015752164167594
0.31246495332237295
0.05240023788971147
0.029740311164666203
0.34480269167989314
0.31794550039708847
0.3445734817198513
0.29732891592181293
0.2124798371668849
0.0007652132198948213
0.01574269300377593
0.14136094383270567
0.26909840452042744
0.13729329753765296
0.00029923387950208497
0.02703779738821018
0.2538755269067479
0.11481966395149211
0.16694897210828716
