1.07296685624968
0.0004569746818164599
0.39358091593335165
0
0.4074846192870043
2945674268413648e-21
0.42560306249511926
0
0.4596065996409809
0
1.019077186564183
0
9.41499901058383
0
10.555664768656797
0
30.35214250038052
20.33125641646049
1.2075827855421741
4.25817410467425
1193852212711169e-49
17.29874436023427
2.372926058392786
0.002619051408964342
0
0.07408659347184461
0.0018046811076178196
0.021761572904188703
0.006939809237186798
0.20230096599821834
0.19096014979044335
0.0008062924065872274
461804976736547e-19
0.035665878689618485
0.0008964340192084281
0.00019779660945273283
2889545335877909e-25
0.08422070692486203
0.0945820688874214
0.08416224454241111
0.07627524488376795
0
0.09952892645212179
0
4.13630380793754
4.031723282118686
4.497108564384827
0
5.459154544553352
0
4.4348997905375995
0.05330818906624125
28.02384917246872
27.6935338413969
8.517207220958827
47.42015143410227
39.35367035716402
1.531672290081838
0.0009158802797030436
0.01746153075266003
0.30661918199436194
34.74038470568887
0.0674016108542521
0.3329917024332012
2.3702509978062234
1.5081420123459763
32.80112366138835
0
32.748062777083916
0
14.889697835113614
0.00024062917336797003
0.00024076357045970406
0.11913129242253942
6.369651052600294
1.2755116276302947
2.412796930929354
0
0.00035771039985478276
0.021873762239820793
0.07016667043367307
0.0303075876805599
0.009763309495560915
0.00017617636039134605
0.0001281649357291221
0.0014639326738707535
1.9997511854017325
0.44309946103462156
0.1060218334379119
0.15521690176377498
0.005208918795024275
0.072735709037449
0.007840591485764024
0.0003995317915178962
0.06190666316466333
1.2482918375211016
0.02044773185432107
12614980983999853e-22
0.00571125132986363
0.0009716802418894701
0
0.902007558967185
0.5139589797620122
0.04727338043724828
0
0.4150479753951211
0.015263144003487984
0.07127484742374986
0
0.0003797762259398802
0
0.12660302108081353
0.7271786782351847
0
0
0
0
0.0007814187974177274
0.3917697539401793
0.0007116750749306512
0.0026965337077588126
0.39456426812125245
0.3525544986926581
0.17897500183256798
0.5588990887140803
0.0007467063982372085
0.5319473631000599
0.0008482625179182814
0.3909230656489568
9597965143095445e-22
0.00010840525810640644
0.3765161040292295
0.024933852324805203
11644098680669512e-26
0.16324633990611312
0.07660224520088238
0.21703488835264056
0.020109209338087634
0.03064466090602626
0.15955117154202478
0.2999231245696016
0.25589733836597767
0.16204919871752263
0.2644173393764269
71646787157048315e-28
0.20598701397587046
0.20605446218528084
0.4648068386017306
0.5625277652467716
0.00045735278032559587
0.5626827838204133
0.532526684064259
11.634690131055846
2.093469947729403
2.7992975240587303
0.10361011639433733
0.4852604807905124
2.6080296221173604
4.190982894420551
0.6341666610781905
5.1170449354679715
7.1961889353704604
5.1026361639318525
2.472549263958521
2.9237447557565077
0.6107709324339667
31.363853479113835
619.2066098552455
4.002109823627117
4998.967090312929
1.0999857163685478
23.21852554721768
1.1720444490551096
45.11908930476209
1.3043132203181602
1.3969413562025992
1.0999847059717822
0.9203082910294239
1.0873504665621445
61.07833990571807
0
0.00086086724864679
0.0008573953204645219
0
0.00913425713762017
0.00810320412877128
0.008025495701080179
0.007296024748983221
0.007096876415266456
0.009881451050543347
0.007077682764031506
0.01040911647929327
0.006048031718256533
0.007781359324614954
0.009639872810145783
0.01790073857217256
0.00816859025276225
0.009172633714500904
0.008579477460909223
0.009591968316352294
0.005625352141559192
0.012366407997034071
0.019179495465297045
0.013058592385538798
0.008043980775985428
0.001900897453231116
0.007443624928468059
0.022924676256566027
0.07204226221290849
0.04157978924022138
0.11424934148513347
9119887391936515e-20
0.010108645827487358
0.22432808794261255
480610270485392e-20
0.0738928350400297
0.010929153632681514
0.0012695403121327144
54863499265778335e-22
12044232766805779e-22
0.10230426403496344
0.08901102287303124
0.004143527657427388
0.040543213717795824
0.020259330784921654
0.005783351452185381
0.012107642597907217
0.00048287253392788077
0.32905261584711853
15699130003471891e-25
0.0787352107752442
0.00034190878867163926
0.009629495378495036
0.010917234460987527
0.00015706049463345812
0.00017087362627915767
0.33926926264056323
0.0003934992782495673
0.05674436324767808
0.2410259946544059
1317922752399943e-21
25861656229436433e-22
0.00014472531196025923
12571465316834279e-21
0.000594467781623519
17003059144430188e-21
14432276707606246e-23
10044040305792978e-22
19076969337326283e-21
0.07653741784565848
0.07734452970772011
4349978214989772e-20
0.00021268098974810737
0.019630984213397196
0.008161458988273015
0.09145749046858861
0.02020917356364323
27828828221803062e-21
0.1375299103541941
0.03867993364851225
5573478331007221e-22
0.275473147042368
44589634689527806e-23
0.003764480595654442
0.000982543797556029
2299456595304789e-27
0.28151495861317893
0.3380723346794743
0.018113030977439448
0.2695873002613914
0.34199236858863213
0.0074051589181266635
0.19227660931778645
2233218459304473e-25
4630616610415704e-21
0.0006294133000265041
912063373371417e-19
0.1315580777915799
8645600197815596e-22
0.0001118142028253722
0.16297108604990546
0.0009291552008293643
0.01185558502635568
1220074029320167e-20
0.13853853884958273
0.09710603621721484
0.021261787981019208
3146904930348408e-20
0.00015344888411127175
12006679545330833e-23
0.013684814313773191
0.16421117629438747
8333314515941096e-24
11103296635270116e-21
9106333705668268e-21
9650207878639804e-20
10586401883992187e-21
0.3037818602915316
0.16292965649118432
0.005155339614514176
0.0015483453090447705
0.041892676032457866
0.005883614768813129
676039595330618e-19
0.028429310431769404
8323673166654487e-20
0.0007209646668314416
0.08124313758949885
9970378689991284e-22
0.34238713925061715
0.34259915950099973
0.0018281267654512666
0.0005370834830661433
5829910093771744e-24
0.0010307914204506616
10390421295174755e-24
0.010280258116580756
0.02933668786149425
0.0009039063682827891
0.00033763330830557855
0.00015454945190068698
26181809142671646e-22
0.006123899063379327
0.03065561824526086
0.021479488786470734
11257175943779772e-24
0.3420825189330118
0.06756575949915078
0
0
8177915412768779e-20
6661731390756517e-20
10336381808655725e-22
7596604227460901e-22
0.00019348323109797834
0.009754912752634215
0.005391017371611982
1520423366680233e-23
0.00013149872123653652
7328730015912385e-21
0.05658838085558152
0.013409724528506237
0.10083985725908312
3845635807300825e-22
0.0608559088683909
0.007689717933586756
0.0001201435924215126
0.12429372784266213
0.00029642617993546667
1854955945723577e-28
8514825644232626e-20
37361566245038437e-22
0.00012471585801704935
0.016350423808159542
0.003904007087197438
0.00016355117444646528
0.00015211521936421825
3799874510692374e-24
0.0005144811064561778
0.022953388339538403
1313513356229128e-23
0.0018059109351717662
0.0018008559121602584
44187374357326025e-21
0.10858904695639499
4337240140977319e-20
0.3097366641313827
0.0019107111797422287
0.18309316157663258
0.003302754089809488
0.0007008812916251888
0.0005692907192887425
44751225174842076e-21
0.3312218959423397
12101990963649417e-21
21567627344631567e-21
0.008302373205123616
0.00644466228311003
21715984762751265e-24
8723014093814821e-20
0.003055717043348574
0.13281442345598965
0.030275367586528875
0.00010011282623665501
0.023030143548206195
0.0003541215411765899
0
0.11308835701265382
0.012341185954906892
0.32009816759968995
0.300599094191712
0.3113616486916982
0.05238248354461616
0.029734741380745305
0.34281858490741546
0.3167683021538608
0.3425356393123304
0.2963969092321114
0.2121055107311146
0.0007652096482546481
0.01574115659895776
0.14121511209561843
0.26840682126157717
0.13715659926459015
0.0002992333336075289
0.027033207943316213
0.25328617728463465
0.11472718010951712
0.16673690660294077
