1.0803497628720167
0.00012565003674744026
0.22904386829857581
0
0.24337226617470445
17641795727140702e-22
0.2539819690348311
0
0.27384798722075177
0
0.6472358768982919
0
9.41198802107633
0
10.198662115798905
0
30.39853112916944
20.91327284155095
0.8419783210386035
4.22625954511701
7309489074147751e-52
17.44122748405948
2.3702522891034525
0.0015418880909055768
0
0.0656339600834921
0.001635989980332072
0.02010693193609646
0.006939194475479295
0.18642811358445782
0.17644879230190402
0.0005387095780393865
25691598575212554e-21
0.032816896308000915
0.0005992051816999201
0.0001252098604878934
16181702811745996e-26
0.07489442460369039
0.0845546632620724
0.09764383678103954
0.0852318825459879
0
0.09795192774710358
0
4.080935050350516
4.027935908271901
4.494704028246357
0
5.475337693171897
0
4.434796834493685
0.05796492898942717
26.911934380119195
26.44107339439053
7.00065329068262
47.396465068486975
39.006722936714105
1.5228022231530438
0.0008828902239078949
0.017674399417945685
0.29495554756999814
34.73083172726295
0.0656644174142623
0.334402236073492
2.365037299552622
1.53314972502235
32.943057162595174
0
32.88882593224001
0
14.909937981825333
0.00022989478270443056
0.00022996459622262252
0.11226904884237722
6.369120989451921
1.275270763258556
2.4091570102611697
0
0.0003579779716703134
0.025080656226391294
0.07000375124971875
0.03022332411817474
0.00989977921868357
0.00017267509433964608
0.00012585574291295153
0.0014787956330492755
2.0001152632723067
0.4430072274536968
0.09788536608690437
0.1528013077636738
0.005193162405551323
0.07196078187069456
0.007810469055835292
0.00030876584261735796
0.06060790141351121
1.2085791791305032
0.020195289444900195
9063953770923867e-22
0.004431618595384621
0.0009511660762183072
0
0.8990098428338948
0.5120780743528303
0.047768834473866206
0
0.41354480674029026
0.01730397944662274
0.07115579042137536
0
0.0003793412770333891
0
0.12655272799408418
0.7241513421250203
0
0
0
0
0.0005193286357182517
0.3911857184237595
0.0005537428315189039
0.002393037008999434
0.3940388726400216
0.3501372706842902
0.17852783440736583
0.5581261861875508
0.0007148283417569234
0.5468139077671179
0.0008578387765310082
0.3953810411348964
9594739521409298e-22
0.00010349358721438929
0.37898726253617765
0.022967156668959578
959817116257297e-25
0.1741151100189474
0.07512116036301707
0.216694080409078
0.020158149017397035
0.030778765747789212
0.1563936891897034
0.2956319762717618
0.2554999604228895
0.16255052461432062
0.26374197805248223
5897868134181472e-27
0.2043850760809057
0.20445181117949268
0.464182733201939
0.5620903927600552
0.0004542493236315065
0.5620984870973261
0.5343368052044116
11.63062387891325
2.0943379136800777
2.8003915811919033
0.10338301877280234
0.48511296968437706
2.6098898499137904
4.193673104293479
0.6332189973071457
5.107840786917048
7.179733873451771
5.085734134208735
2.4730863851143936
2.917912425276647
0.6115302389842548
31.360342583589134
619.2040057316523
4.0021085012903
4972.904635679039
1.099985618085896
23.218521850005292
1.1719719614117645
45.11692757425308
1.304353206138965
1.3969404732418154
1.0999846076660746
0.9193010943032034
1.0870991482944086
61.16722382172345
0
0.0008592562097182005
0.0008574460786378499
0
0.009124122727241018
0.008068461123515216
0.007978212775785596
0.007222112544100743
0.007048750592656804
0.00985600031110171
0.007015442186140697
0.01039176129468204
0.005987321211621955
0.007737656892859449
0.00960328925591307
0.017857585381172703
0.008116205003072028
0.009142311163970736
0.008530380047540238
0.00956203282513775
0.005631274889534103
0.01232495425936464
0.019086344157872342
0.013011818869845941
0.008013164875943928
0.0019008707213636824
0.007443212564266801
0.02292069746184519
0.07200059527459603
0.04156641636220281
0.11413841522668
911988125080098e-19
0.01010788311763985
0.22380815362106832
4806102534318066e-21
0.07384889659847634
0.0109282612804633
0.00126952839667523
5486349704350778e-21
12044232659706577e-22
0.10221680377398523
0.08894599768174184
0.004143400336250351
0.04053051475709758
0.02025623267338718
0.005783102973555797
0.012106546009593627
0.00048287081159641956
0.32738143023263255
1569913000328993e-24
0.07868501359632521
0.00034190792528218786
0.00962880362220793
0.010916344065701238
0.00015706031248133176
0.0001708734106751582
0.33726340495367046
0.00039349813458657934
0.056719000709092325
0.24040147829005012
13179227395764046e-22
2586165573564761e-21
0.00014472515729827332
12571464150011183e-21
0.0005944651709037652
17003057009963397e-21
1443227669222834e-22
10044040231312106e-22
19076966650404658e-21
0.07649011813293151
0.07729617696608905
4349976817908275e-20
0.00021268065571961882
0.019628077340177245
0.008160962868387843
0.09138861714303703
0.020206090946354373
27828822503987538e-21
0.13736350216000354
0.03866840026775109
5573478308073197e-22
0.2745732297057802
44589634542738177e-23
0.0037643755464527163
0.0009825366626547514
22994565953047496e-28
0.2805557449379613
0.336120459527515
0.018110560451713116
0.26874146882469296
0.33947676851255776
0.007404750821874899
0.19191926478510188
22332184593007902e-26
4630616452106132e-21
0.0006294103732356332
9120627591573401e-20
0.13140719379489568
8645600142630972e-22
0.00011181411051016479
0.16272758623890093
0.0009291488206070429
0.011854533911299175
12200739194182147e-21
0.13836941668749753
0.09702779814389953
0.021258371855791568
31469041991937766e-21
0.00015344871024068683
12006679534687604e-23
0.01368341099745341
0.16396343438144667
8333314515428398e-24
11103295725070986e-21
910633309343246e-20
965020100248681e-19
1058640105656641e-20
0.30256113991334066
0.16268629758297565
0.005155142304408831
0.0015483275800856065
0.04187909614090275
0.005883357572058945
6760392578855863e-20
0.028423153217854765
832366805106047e-19
0.000720960826308186
0.08118951746740363
9970378616598871e-22
0.34016035747828544
0.34034037356839847
0.0018281020430525516
0.0005370813521786328
5829910093520817e-24
0.0010307835672232193
10390421294377689e-24
0.010279469142181412
0.029330124547195503
0.0009039003302643916
0.0003376324663778925
0.00015454927552687738
26181808636581483e-22
0.0061236203575101775
0.030648440695646057
0.021476001496318512
11257175942844183e-24
0.33957554811844576
0.0675293163315695
0
0
8177910474774482e-20
6661728114087698e-20
10336381729776083e-22
7596604184855299e-22
0.00019348295465605446
0.009754202762494191
0.005390801553977005
15204233665095633e-24
0.00013149859355399794
7328729619371269e-21
0.05656316236145979
0.013408377471779928
0.10075505443765692
38456357963823023e-23
0.06082659026446006
0.007689277734656495
0.0001201434858393808
0.12416050452633368
0.000296425531004964
1854955945723575e-28
8514820290971364e-20
37361565214464254e-22
0.00012471574316766888
0.016348414645752863
0.003903894089613668
0.00016355097692664897
0.0001521150485030535
3799874510585772e-24
0.0005144791511927202
0.022949399443223866
13135133561017495e-24
0.001805886810562364
0.0018008319225490059
44187359941342115e-21
0.10848964269921864
43372387520661994e-21
0.3084303152578845
0.001910684170861531
0.18277468681125061
0.003302673269771143
0.0007008776621650462
0.0005692883250904734
4475121038859301e-20
0.3294950480794129
12101989882348318e-21
215676239103007e-19
0.008301859726758272
0.0064443535086358035
21715984759269593e-24
8723008475565138e-20
0.0030556478797885843
0.1326603500630094
0.030268370039134213
0.00010011275223297531
0.02302612758306335
0.0003541206149940779
0
0.11297985417387289
0.012340046362347258
0.318617882850456
0.2994208754230731
0.3100303502354919
0.05236098444049424
0.029727995683577545
0.3404303745281022
0.3153481105871043
0.3400831846932063
0.29527181223188226
0.211652944387941
0.0007652053216830944
0.01573929563815163
0.14103865673598687
0.2675714351071894
0.13699118874789915
0.00029923267232610963
0.02702764945014267
0.2525740863381004
0.11461524731066096
0.16648037662239148
