1.079078693649265
0.00015693342337655264
0.25143339083960137
0
0.26576682491607584
19256249356367386e-22
0.277396864937878
0
0.2991815672688133
0
0.6983467680473546
0
9.412815339386619
0
10.255905118851905
0
30.389153554114074
20.817732730419433
0.895694003654274
4.232888027650462
1745687947864158e-51
17.416051580056763
2.370694163872724
0.0016894662116762646
0
0.06702474962001811
0.001664572242626801
0.020382825126874244
0.006939299908124118
0.18907417612678415
0.17886849509559632
0.0005764548042059104
2841289468559275e-20
0.03329121909352899
0.0006411416297594118
0.000135213316969335
17870179829012177e-26
0.07643916055756245
0.08622985332326231
0.09486849042189086
0.08338638500264252
0
0.09821365542589565
0
4.089807330582263
4.029451440269649
4.495131012510387
0
5.472747605614578
0
4.434820540883047
0.05687016012431465
27.09928015367093
26.651067803469516
7.25211173714738
47.40294873921648
39.05014096549484
1.5243039555213966
0.0008872390403743436
0.017639675100775475
0.29649828956654384
34.73247488975656
0.06594861759238911
0.33408126145281364
2.3659383763491535
1.5291704435796651
32.91839911480014
0
32.864375103104315
0
14.906391354663945
0.00023128320409991057
0.00023136953360823978
0.11321168159358715
6.369218317143763
1.2753093412274474
2.4097832662113907
0
0.00035791289057407764
0.024417207406217424
0.07003164196328966
0.030237967435976107
0.00987623348762089
0.0001732337858189111
0.00012622662733926656
0.0014763976494753465
2.0000486560347577
0.44302961054095163
0.09924300145873598
0.15319942957734395
0.005195312498563739
0.0720977477335796
0.007816985512400388
0.00032287755442018305
0.060820916785816366
1.2149592897252341
0.020237406629152552
9598302996630498e-22
0.0046309455577404285
0.0009545182255871253
0
0.8995272651719876
0.5124007355862277
0.04768286944829689
0
0.41381402262634387
0.0169878668114146
0.07117597459760809
0
0.00037943235964295585
0
0.12656138241670545
0.724672130669431
0
0
0
0
0.0005563531372174557
0.3912888776716426
0.000578374522082787
0.0024436213813141343
0.394129431325509
0.35055103233868257
0.17860184109366609
0.5582597566714128
0.0007190260296564507
0.5444237525567952
0.0008561420666219875
0.39459256079216337
9595292037759519e-22
0.00010414971775298843
0.3786188832050951
0.02329485962393234
9923098769496612e-26
0.1725234759726772
0.07537408535912248
0.2167528866060308
0.020149759919654203
0.030755644367702315
0.15693597331834505
0.2963678458947689
0.25556810908333377
0.1624636894834361
0.26385708310345346
6098934423743134e-27
0.20465959256000696
0.20472646692192095
0.4642902830222729
0.5621657959104245
0.0004547787220142292
0.5621891786831664
0.5340230353749063
11.631284898330815
2.0941923172195884
2.800215847404736
0.10342305893573704
0.48513694578246397
2.6095778820942055
4.19324123349838
0.6333865166914852
5.1093296803005215
7.1823716643852045
5.088593259273039
2.4729983090655447
2.918829348723804
0.611398159824185
31.36071575575273
619.2044540666725
4.0021087289487935
4977.381944071229
1.0999856350066097
23.218522486531363
1.1719844408400535
45.11729973860057
1.3043463949815643
1.3969406252729062
1.099984624590757
0.9194744769793665
1.0871424120695927
61.16298556441806
0
0.0008595384781443834
0.0008574396192056777
0
0.009125924234407402
0.008074316613247246
0.007986211745400706
0.007234674732150076
0.007056926995968439
0.009860243096879337
0.00702601304174131
0.01039457892650156
0.005997634798962727
0.007745059120883652
0.009609435779033209
0.017864734453787667
0.008125081179949577
0.009147385569544617
0.008538681296309227
0.009567042212261567
0.00563031705735127
0.012331887859415561
0.019102082677739607
0.013019668717332246
0.008018338965468564
0.00190087532359664
0.007443283556824683
0.022921382417030487
0.07200776709511326
0.04156871838109975
0.11415750503452096
9119882308081884e-20
0.010108014424560687
0.22389758153362968
4806102563678165e-21
0.07385645934504725
0.01092841490601547
0.001269530448077641
5486349742610231e-21
1204423267814518e-21
0.10223185593440914
0.08895718927934981
0.004143422256068582
0.04053270077488147
0.020256766022262715
0.005783145751818875
0.012106734795321508
0.00048287110811910254
0.327668541847049
15699130003321258e-25
0.07869365345199847
0.000341908073926437
0.009628922714054213
0.010916497354357685
0.00015706034384131807
0.0001708734477943416
0.33760789395935714
0.00039349833148370273
0.056723366412018646
0.24050888196705303
13179227417841536e-22
2586165582066017e-21
0.00014472518392545598
12571464350895866e-21
0.0005944656203743688
17003057377441282e-21
14432276694875857e-23
10044040244135016e-22
19076967112995256e-21
0.07649825934742836
0.07730449940294912
4349977058435095e-20
0.0002126807132271937
0.01962857776782709
0.008161048280120908
0.09140047093899463
0.020206621627935697
27828823488388274e-21
0.1373921372708921
0.03867038565325796
5573478312021605e-22
0.27472795312268916
44589634568010035e-23
0.003764393631913053
0.0009825378910227405
22994565953047565e-28
0.28072065358533654
0.3364556968789115
0.018110985762783843
0.268886901028255
0.33990854133329357
0.0074048210796716415
0.19198073921512948
22332184593014243e-26
4630616479361309e-21
0.0006294108771220872
912062864902737e-19
0.13143315821909002
8645600152131765e-22
0.00011181412640349581
0.16276948214887108
0.000929149919047209
0.011854714868615123
12200739383393512e-21
0.13839851868122321
0.09704126341403782
0.021258959949759477
3146904325072121e-20
0.00015344874017489255
12006679536519983e-23
0.013683652587461468
0.16400605991867484
8333314515516666e-24
11103295881774318e-21
9106333198837298e-21
9650202186311054e-20
10586401199019168e-21
0.3027709536522459
0.16272816925801578
0.005155176273527223
0.0015483306323560324
0.04188143379283251
0.005883401851227008
6760393159813915e-20
0.028424213172131833
8323668931780325e-20
0.0007209614875057868
0.08119874638858082
9970378629234388e-22
0.34054269401289494
0.34072819072725447
0.0018281062993307127
0.000537081719039711
5829910093564018e-24
0.0010307849192603958
10390421294514915e-24
0.010279604970693114
0.02933125440764575
0.0009039013697896794
0.00033763261132720846
0.00015454930589204745
26181808723711887e-22
0.006123668339666403
0.030649676290059737
0.021476601841076328
11257175943005258e-24
0.3400058447100356
0.06753558912455555
0
0
8177911324918109e-20
6661728678211322e-20
10336381743356302e-22
7596604192190441e-22
0.00019348300224931707
0.0097543249934086
0.00539083870934439
15204233665389465e-24
0.00013149861553629952
7328729687641292e-21
0.056567503272094574
0.013408609376534816
0.10076964932943902
38456357982620765e-23
0.06083163685982851
0.007689353519179134
0.00012014350418895837
0.1241834305780252
0.00029642564272720084
18549559457235755e-29
85148212126089e-18
37361565391891813e-22
0.00012471576294056656
0.016348760533183158
0.003903913543473452
0.00016355101093239315
0.00015211507791914637
3799874510604125e-24
0.0005144794878177679
0.02295008613734953
13135133561236796e-24
0.0018058909639237074
0.0018008360526687482
4418736242325228e-20
0.10850675002650452
43372389911863766e-21
0.30865482796048405
0.0019106888207857259
0.18282947713254438
0.0033026871839147262
0.0007008782870253392
0.000569288737284016
44751212934249415e-21
0.32979170587843165
12101990068509212e-21
21567624501568095e-21
0.00830194812687921
0.006444406667366849
2171598475986901e-23
8723009442824068e-20
0.0030556597871379946
0.13268686318031234
0.030269574648184784
0.00010011276497372576
0.02302681893695534
0.00035412077444900143
0
0.11299852701301473
0.012340242551427972
0.31887224558252986
0.2996233924382646
0.3102591453097019
0.052364685178952
0.029729156939337628
0.34084034905417526
0.3155921616187992
0.3405041537995602
0.2954652084065128
0.21173079105693665
0.0007652060665603293
0.01573961601254764
0.14106902024020354
0.26771507284846435
0.1370196522278753
0.00029923278617472425
0.027028606339969185
0.25269653979651385
0.11463451030089605
0.16652451365493756
