1.0820045076019051
9408273141662515e-20
0.20285051466200385
0
0.21712778487291176
15748694823217685e-22
0.2265446836527672
0
0.24416820323256722
0
0.5871167641040783
0
9.410690886504552
0
10.126601230529907
0
30.411542655183055
21.034895254867696
0.7770020511098014
4.21684765727805
23644351482188075e-53
17.474382989410213
2.3696884888836514
0.001368764552676182
0
0.06386266770360496
0.0015991347432628004
0.0197532296068741
0.0069390574703737115
0.18303606006134418
0.17334661491785935
0.0004938419548099346
22544485718917083e-21
0.03220920833006059
0.0005493507505421602
0.00011343286173924639
1422845217237443e-25
0.07292183219123842
0.08240790578727879
0.10158382979338018
0.08785909511774088
0
0.09762123472088799
0
4.069791472820991
4.025504126897825
4.494141794387106
0
5.478592974878588
0
4.434763011036813
0.05958382351566191
26.6717233741397
26.172435188004915
6.680153771426095
47.38637769335778
38.959158294328866
1.520862922713051
0.0008778717897244618
0.017718741691703798
0.2931763439098861
34.72871979280412
0.065305684245728
0.3348509134175821
2.363862735679746
1.5381386099349188
32.97527068197231
0
32.92078234836507
0
14.914588406073785
0.0002283165257403891
0.0002283613379166037
0.11116014621515158
6.368991059026941
1.275222005841004
2.408341969685563
0
0.00035807422816185383
0.02602398467806883
0.06996757333489728
0.030204189116131045
0.00993046161620447
0.00017197455661387902
0.0001253892265908231
0.0014818242976926586
2.000204636350779
0.4429743333939704
0.09614424724964528
0.15229364727710526
0.005190700044172305
0.07178109261435757
0.007801317799668513
0.0002912634758774806
0.06033688208372768
1.2005407596830902
0.020141281025602753
8410940114819999e-22
0.00418418732600735
0.0009469085209168058
0
0.8983356946385929
0.5116591732754348
0.04788112687154788
0
0.4131883495375967
0.017694275653662123
0.07112967763121332
0
0.00037921115473592905
0
0.12654146389211401
0.7234736029183823
0
0
0
0
0.00047529835605730774
0.3910498648188861
0.0005231492900213674
0.0023282543474823815
0.3939209128504834
0.3496001152844271
0.17843331236245188
0.5579520742682545
0.0007100006973629612
0.5498258309123056
0.0008600742624727386
0.39641910243486106
9594022045149164e-22
0.00010273285721630795
0.3794343493106337
0.022547157578327395
9190902541046653e-26
0.17603608724017672
0.07479303367454943
0.21661744242848738
0.020169053758420156
0.030808893166959842
0.15568857009751
0.2946757820534594
0.2554114140019072
0.16266390754112442
0.26359288548171955
564592112461106e-26
0.20402858199243695
0.20409512780862268
0.46404267454236875
0.5619921644353839
0.0004535615017929341
0.561984267595868
0.5347466344471017
11.629789114849128
2.094525196313892
2.800613048754611
0.10333033226953654
0.4850826943102965
2.6102910917164417
4.194217207123089
0.6329983094463608
5.105959937509784
7.176416397214351
5.082043080538073
2.4731984329347205
2.916769467085335
0.6117030860052047
31.359993378365086
619.2034220660421
4.002108204912526
4967.081874226087
1.0999855960576217
23.218521021342212
1.1719557152351199
45.116443075741905
1.3043620284540292
1.3969402753091067
1.0999845856326333
0.919075388497989
1.0870428278124067
61.16629447843821
0
0.0008588859656200486
0.0008574530554839079
0
0.009121742528945521
0.00806091570515424
0.007967886297488729
0.0072058583294459105
0.007038176161299687
0.00985056190803154
0.007001769382585562
0.01038819769128127
0.005973979478356534
0.007728095395476033
0.0095953809996453
0.017848451229346533
0.008104737175764902
0.009135794988442953
0.008519666241370403
0.009555600632719688
0.005632489466069647
0.012316052754622425
0.019066039297301083
0.01300172478814437
0.008006509839015434
0.0019008647299515902
0.0074431201434376594
0.02291980578184767
0.07199125969189693
0.04156341966400447
0.11411356789435045
9119879874377303e-20
0.010107712177943703
0.2236917851801957
4806102496095545e-21
0.07383905217775669
0.010928061285879696
0.001269525726056703
5486349654542613e-21
12044232635702233e-22
0.10219721140088818
0.08893142998130535
0.004143371800052477
0.040527669060883155
0.020255538352825432
0.00578304728303834
0.012106300242820082
0.0004828704255678766
0.32700803015063307
15699130003249148e-25
0.07867376719931633
0.0003419077317693873
0.009628648584389157
0.010916144509695535
0.00015706027165526248
0.00017087336235146612
0.33681545768414645
0.00039349787825570154
0.05671331771097827
0.2402617263991036
13179227367022407e-22
25861655624973804e-22
0.00014472512263361453
12571463888488946e-21
0.0005944645857598153
17003056531561384e-21
1443227668878166e-22
1004404021461857e-21
1907696604817992e-20
0.07647952077011384
0.07728534372276136
4349976504777836e-20
0.0002126805808532582
0.019627425876273138
0.008160851676243301
0.09137318755175036
0.02020540009805821
27828821222442966e-21
0.13732623240942887
0.03866581574126127
5573478302932951e-22
0.2743719331835043
4458963450983794e-22
0.003764352001979948
0.000982535063503033
2299456595304741e-27
0.28034120333514323
0.33568453035044005
0.018110006774369213
0.2685522553892935
0.33891548563695667
0.007404659357580702
0.19183926363411882
2233218459299965e-25
46306164166239105e-22
0.0006294097172503645
9120626214924421e-20
0.13137339962778333
8645600130262338e-22
0.00011181408981939439
0.16267306009826196
0.000929147390601839
0.011854298335691729
12200738947856852e-21
0.13833153935110948
0.09701027114688812
0.021257606268525915
3146904035318739e-20
0.00015344867127077306
12006679532302119e-23
0.013683096489272307
0.163907958815248
8333314515313484e-24
11103295521066357e-21
9106332956210904e-21
9650199461322394e-20
10586400871113927e-21
0.30228821119636085
0.16263180297805277
0.00515509808196025
0.0015483236064885338
0.041876053058237536
0.005883299927609679
6760391822534206e-20
0.028421773372882164
8323666904493206e-20
0.0007209599655273009
0.08117750434433654
9970378600149294e-22
0.3396632547820297
0.33983615411547285
0.0018280965020207518
0.0005370808745799721
5829910093464576e-24
0.0010307818070728085
10390421294199041e-24
0.010279292316173987
0.029328653700680378
0.000903898976957519
0.0003376322776753467
0.00015454923599591172
26181808523150545e-22
0.0061235578923802695
0.030646832208520866
0.021475219961099298
11257175942634488e-24
0.3390161812333602
0.0675211509528815
0
0
8177909368012954e-20
6661727379681981e-20
10336381712096638e-22
7596604175306025e-22
0.00019348289269666095
0.00975404363815951
0.005390753183550316
1520423366471311e-23
0.00013149856493628774
7328729530493766e-21
0.056557511634923806
0.013408075571989166
0.1007360572075284
3845635793935114e-22
0.060820020968624273
0.007689179075500324
0.00012014346195094037
0.1241306645286588
0.0002964253855591463
18549559457235743e-29
8514819091135323e-20
37361564983479724e-22
0.00012471571742627603
0.016347964362278606
0.00390386876370163
0.0001635509326561942
0.000152115010207646
3799874510561879e-24
0.000514478712956868
0.022948505499499734
13135133560731997e-24
0.001805881403512552
0.001800826545756212
4418735671026121e-20
0.10846737552248163
4337238440767002e-20
0.3081382774929171
0.0019106781173627392
0.18270338249213214
0.00330265515569544
0.0007008768486899049
0.0005692877884756993
447512070745239e-19
0.32910924316147216
12101989639994285e-21
21567623140557745e-21
0.008301744644244321
0.006444284304462373
21715984758489247e-24
872300721633678e-19
0.003055632378244718
0.13262584183089357
0.030266801887577997
0.00010011273564639907
0.023025227573325716
0.00035412040740738396
0
0.11295554951358963
0.012339790957762423
0.31828704406864816
0.29915743320886407
0.30973274556273683
0.052356167016507145
0.02972648396775016
0.3398973869265185
0.3150306748803265
0.3395359246920343
0.2950202285831215
0.2115516423855205
0.0007652043519638405
0.01573887856769272
0.14099913772210754
0.2673845554100094
0.1369541423526163
0.0002992325241120634
0.027026403771424536
0.25241475889495824
0.11459017458729773
0.16642293424102772
