1.0851508745295422
54273710700695255e-21
0.16101171172963286
0
0.17506544069661858
12711706404361479e-22
0.18257829301078968
0
0.19662459115233977
0
0.49011602618776995
0
9.407506148134363
0
9.996919455629929
0
30.43866042546041
21.257853826418593
0.667448934898896
4.196338184808831
2808819728832775e-53
17.538576661896645
2.368651818757615
0.0010910610442137923
0
0.060615195805761746
0.0015302768386134225
0.019097492957753853
0.006938797749439643
0.17674814428158334
0.16759525620829024
0.00042025767773985615
1761438902973061e-20
0.03108378878044159
0.0004675757200264758
944092217096106e-19
11166042914747034e-26
0.0692910785677384
0.07843560415892405
0.1101940429678819
0.09363638693809333
0
0.09703282870711032
0
4.0498661545483525
4.019605429161847
4.493055601028748
0
5.484430005748198
0
4.43469239419989
0.06326194842476864
26.228672521486576
25.678760302849337
6.093680037695398
47.36190455161623
38.86990250797872
1.5172247754713448
0.0008694915212859916
0.017789798438649102
0.29023060688619134
34.72483031224567
0.06466344151414946
0.3357747572833633
2.3616268083194103
1.5470500073147497
33.036788746811936
0
32.98187390564735
0
14.92352399652492
0.00022579966760619317
0.0002258616405927091
0.10930369123350062
6.368735913466103
1.2751332497284682
2.406793019255233
0
0.0003582921779702922
0.02808887707507954
0.06989925225832483
0.030167608296485456
0.009988878867900907
0.00017072486777567917
0.00012455255917440851
0.001487306030767061
2.000383092457408
0.4429006570327851
0.09291453581119986
0.15136067324173635
0.0051870359947270624
0.0714366608200025
0.007782138880272547
0.0002605444934952646
0.05984059120943566
1.1860560283017387
0.020041115818355642
7292068689748083e-22
0.0037493113915790842
0.0009391342468303372
0
0.8970527379227732
0.5108669316109882
0.0480957030140177
0
0.41249293774531487
0.01837212503100667
0.0710804934658859
0
0.0003789260634425325
0
0.12652005451164344
0.7221857111176744
0
0
0
0
0.00040305374832522053
0.3907868418330983
0.00046932939428570683
0.0022084629185486955
0.39369641550970036
0.34858343375674045
0.1782592014931692
0.5576206537769299
0.000702104306956752
0.5552533595467048
0.0008644014283582619
0.3984260769563306
9592663612224835e-22
0.00010147531242749365
0.38018901799324734
0.0217688714195408
8463141355692238e-26
0.17925888681166818
0.07417244720974799
0.21647147037780637
0.02018974540334898
0.030866270302801847
0.15435057753245932
0.2928632392999704
0.25524360449499833
0.16288054851915565
0.26331178694244695
5195919653482353e-27
0.2033536473225796
0.20341981162687653
0.4637762613965705
0.5618051895480425
0.0004522559277231076
0.5617761340403674
0.5355300837167278
11.628283762656723
2.094874496744976
2.8010124404558376
0.10322846088629432
0.48502810694300047
2.611039303617443
4.195197931453288
0.6325708126481325
5.102557998228519
7.170460678985015
5.075120201400521
2.4734035800938057
2.9147471163566463
0.612034602749276
31.359739491629337
619.2023122733177
4.002107641373563
4956.029151233315
1.0999855541725927
23.21851944570464
1.171924825029508
45.11552185428933
1.3043786648536944
1.3969398989226034
1.099984543737778
0.9186462675230989
1.0869357468800136
61.145216718976684
0
0.000858173821286344
0.0008574618317624783
0
0.00911710885022598
0.008046807256385777
0.00794851895204316
0.0071752594092806
0.007018290966740378
0.009840482388571405
0.006976045044130682
0.010381742801978103
0.0059488727693296295
0.007710146327542616
0.009580632308861796
0.017831615762944824
0.008083201418463167
0.00912368183632727
0.008499581452266555
0.009543645730883066
0.005634708888478663
0.01229951176086654
0.01902799922867434
0.01298291775957654
0.00799410468219273
0.0019008533378049228
0.007442944415667112
0.022918110418164602
0.07197351215460002
0.04155772227405316
0.11406633756627148
9119877257216537e-20
0.010107387157533163
0.22347068661731312
480610242341843e-20
0.07382033740594979
0.010927681022008078
0.001269520648101164
5486349559836305e-21
12044232590059858e-22
0.10215996840298555
0.08890373722596678
0.004143317541259238
0.04052225874451647
0.020254218222545594
0.005782941393379795
0.012105832950396321
0.00048286969156582167
0.32629921363986963
156991300031716e-23
0.07865238749393283
0.00034190736382032263
0.009628353799059235
0.010915765079712036
0.00015706019402773278
0.00017087327046780483
0.3359653616683327
0.0003934973908631631
0.05670251350776234
0.23999622323110212
13179227312372445e-22
2586165541453625e-21
0.00014472505672151584
12571463391225001e-21
0.000594463473156216
17003055621917624e-21
14432276682228078e-23
10044040182877124e-22
1907696490309701e-20
0.07645937476817376
0.07726474935074276
4349975909385004e-20
0.00021268043850083577
0.019626187228551924
0.008160640257306694
0.09134385658318953
0.02020408656952454
27828818785686945e-21
0.13725539480174845
0.038660901943954266
557347829315918e-21
0.27398959066655626
44589634447280703e-23
0.0037643072344233914
0.0009825320228490227
22994565953047238e-28
0.27993372179738435
0.33485720424481946
0.018108954047148122
0.2681928483247981
0.3378508089717334
0.0074044854485370215
0.19168723971597132
22332184592983953e-26
4630616349157258e-21
0.0006294084699478671
9120623597335256e-20
0.13130916664876488
8645600106744357e-22
0.00011181405047753275
0.16256943332357815
0.0009291446715655111
0.01185385042011971
12200738479488693e-21
0.13825954717415018
0.09697695367371172
0.021256150640620423
314690372372327e-19
0.00015344859717257502
120066795277663e-21
0.013682498496647844
0.16380252815950408
8333314515094988e-24
11103295133167608e-21
9106332695294917e-21
9650196530920177e-20
10586400518490626e-21
0.30176993764465165
0.16252823612055545
0.005155013997499594
0.0015483160510344272
0.04187026748587415
0.00588319032278213
6760390384448307e-20
0.028419149890991202
8323664724386185e-20
0.000720958328822999
0.08115466723876404
997037856887172e-21
0.33872005609298506
0.3388794801328195
0.001828085966231016
0.0005370799664648622
58299100933576365e-25
0.001030778460293561
10390421293859358e-24
0.010278956103821821
0.02932585720519849
0.0009038964037565522
0.00033763191887259164
0.00015454916083091827
26181808307470546e-22
0.006123439121607407
0.030643774029641076
0.02147373401181308
11257175942235765e-24
0.3379551295008629
0.0675056278510156
0
0
8177907263593388e-20
6661725983267513e-20
10336381678480566e-22
7596604157148833e-22
0.0001934827748858032
0.009753741082915603
0.005390661212186392
15204233663985772e-24
0.00013149851052198026
7328729361500191e-21
0.05654676878006588
0.01340750155203722
0.1006999453487252
3845635789281975e-22
0.06080753192638188
0.0076889914863680076
0.00012014341652896325
0.12407394590125834
0.0002964251090055629
18549559457235725e-29
8514816809741947e-20
37361564544280825e-22
0.00012471566848105717
0.01634710821788533
0.003903820608925441
0.00016355084847944026
0.0001521149373919679
37998745105164466e-25
0.0005144778796869001
0.02294680583188476
13135133560189148e-24
0.0018058711224773556
0.0018008163222519812
44187350566615703e-21
0.10842504884355725
43372378488561304e-21
0.3075837531863415
0.0019106666071639097
0.18256787966143084
0.0033026207134795454
0.0007008753019335231
0.0005692867681463161
4475120077308288e-20
0.3283769111018982
1210198917917717e-20
21567621676952147e-21
0.008301525828297896
0.006444152720220728
21715984757005464e-24
8723004822013625e-20
0.0030556029034954618
0.1325602519010302
0.030263820394856717
0.00010011270410833676
0.02302351637264681
0.00035412001269795166
0
0.11290935053553039
0.012339305340617973
0.3176589274489691
0.2986571577575915
0.3091676614772374
0.05234700828633207
0.029723609771073366
0.33888625363525704
0.31442797700456926
0.3384977808669499
0.29454245320731626
0.21135915832091182
0.0007652025081223555
0.01573808557151062
0.1409240259680577
0.26702957832592533
0.13688372917905867
0.0002992322422949168
0.02702403536970183
0.25211208748054986
0.11454251590459423
0.16631376673760073
