1.0855693136671074
504447565875299e-19
0.15613964044511203
0
0.17015224424376527
123567019340271e-20
0.17744345030378134
0
0.19107354361177653
0
0.4787209110729662
0
9.40700982777641
0
9.980368871954067
0
30.442490863423274
21.286711450928138
0.6541461744882389
4.193339191653099
21192751715013887e-54
17.547223266593694
2.368517399207797
0.001058620043183363
0
0.06019501414485829
0.0015212481521360902
0.019011921898024278
0.006938763285695458
0.17592765317197498
0.16684471086192104
0.00041150743881590194
1704918666337808e-20
0.03093703800598516
0.0004578503810181977
9217281107206858e-20
10814650737961679e-26
0.06882004020573226
0.07791836089073322
0.1114582802609435
0.09448908310354177
0
0.09695937166043593
0
4.047340249996145
4.018707879120249
4.49290965259474
0
5.485172397357396
0
4.434681916836999
0.0638234488967981
26.171271629517147
25.6149724814688
6.01806339448622
47.358118882763954
38.86571835343689
1.516745599815475
0.0008686448846393727
0.01780146599656629
0.2899330304900094
34.72432848326091
0.0645823963062336
0.33590283407737875
2.3613289938057846
1.5481803040231226
33.04498836570517
0
32.99002450973464
0
14.924720694851004
0.00022555089050684812
0.00022558438571609936
0.10910012656262912
6.36870090582543
1.2751217869837637
2.406587099803039
0
0.0003583245110197577
0.02839227242418849
0.06989021690304273
0.030162726068635477
0.009996653906166197
0.00017056669836642448
0.00012444622197385697
0.0014880087998556584
2.0004076781962477
0.4428898073157472
0.09249288564086441
0.15123971199612946
0.005186645989207769
0.07139070342508498
0.007779437138844714
0.0002566994822248525
0.05977641734570766
1.1842055890109888
0.020028041065266407
7154569197973156e-22
0.0036948220827601177
0.0009381311390930492
0
0.8968820531399779
0.5107620381414227
0.04812433286493047
0
0.41239879554264486
0.018456119035384293
0.07107398903470903
0
0.0003788843335165166
0
0.12651720808758715
0.7220145090420483
0
0
0
0
0.0003944607932893743
0.39075140935457486
0.0004625811235268129
0.0021928693664432924
0.3936665389101295
0.3484486846160652
0.17823659422504454
0.5575764931313065
0.0007013020520377865
0.5559465765963361
0.0008649839322635503
0.39869602316735286
9592483533960953e-22
0.0001013442196178322
0.38028044150602686
0.021667341636151808
8370757828473684e-26
0.17964835729121398
0.07409022324971525
0.2164520327352028
0.020192493615016554
0.030873910664113043
0.15417291228974223
0.2926227361189692
0.2552213432269949
0.1629094634637164
0.2632746403566545
513881572216417e-26
0.2032641855511121
0.2033302972102191
0.4637408236720196
0.5617803036351817
0.00045208239551695645
0.5617491054245022
0.5356346868018665
11.628091719131069
2.094920300112032
2.801063502961169
0.10321475044249395
0.4850211439888915
2.6111374016780644
4.195323266525663
0.6325132019788846
5.102122355800692
7.169702413653959
5.074208777439317
2.473430103364286
2.9144924422956127
0.6120789768702314
31.359744858380786
619.2021646807929
4.002107566427841
4954.561090367238
1.099985548602252
23.218519236158706
1.171920716965099
45.11539934135293
1.3043808637712588
1.3969398488632612
1.099984538166132
0.9185892022983236
1.0869215068507563
61.14056888613115
0
0.0008580783456981875
0.000857462554043079
0
0.009116482039119059
0.008044954177677564
0.007945969326681946
0.007171219935100564
0.007015668440958518
0.00983916729261398
0.00697265056196211
0.010380915565375142
0.005945559273059008
0.007707781808685286
0.009578698945792509
0.017829428671119706
0.008080363568860903
0.009122097857032819
0.008496938264519666
0.009542082704846556
0.005634996030402383
0.012297349385692283
0.019022995603676315
0.01298045423629249
0.00799247914465527
0.0019008518227547231
0.007442921045731251
0.022917884959148982
0.07197115221782652
0.04155696463012344
0.11406005782080984
9119876909157222e-20
0.010107343933463632
0.2234412989213449
4806102413753013e-21
0.07381784886322872
0.010927630451253447
0.0012695199727792543
5486349547241198e-21
12044232583989825e-22
0.10215501643433894
0.0889000549827239
0.004143310325370328
0.040521539274425256
0.020254042663307485
0.005782927311132296
0.012105770805971446
0.000482869593950086
0.32620506310070646
15699130003161287e-25
0.07864954461884459
0.00034190731488636196
0.009628314595882136
0.01091571461985391
0.00015706018370395674
0.0001708732582480895
0.33585246813600383
0.0003934973260442862
0.05670107679880418
0.23996093575537936
1317922730510448e-21
25861655386549903e-22
0.00014472504795578846
1257146332509327e-20
0.0005944633251898764
17003055500943007e-21
14432276681356507e-23
1004404017865579e-21
19076964750811053e-21
0.07645669592688445
0.0772620108938147
43499758302029985e-21
0.00021268041956922236
0.019626022505184814
0.008160612140859627
0.09133995653166196
0.020203911888211884
27828818461619834e-21
0.13724597677608408
0.0386602484991642
5573478291859354e-22
0.2739387826303533
44589634438961145e-23
0.0037643012807720895
0.0009825316184694827
22994565953047213e-28
0.2798795749762571
0.33474733087423947
0.018108814048294026
0.26814508659723296
0.33770946854384726
0.0074044623204709975
0.19166703094981422
22332184592981864e-26
4630616340184786e-21
0.0006294083040677879
9120623249218969e-20
0.13130062659371877
8645600103616672e-22
0.00011181404524541211
0.16255565684791504
0.0009291443099581855
0.01185379085256193
12200738417199848e-21
0.13824997567074326
0.09697252360487878
0.021255957062416873
3146903682283815e-20
0.00015344858731816886
12006679527163074e-23
0.013682418970855462
0.16378851191942245
8333314515065929e-24
11103295081580488e-21
9106332660595385e-21
9650196141202514e-20
10586400471594829e-21
0.30170107879701386
0.16251446760886087
0.005155002815108951
0.0015483150462282384
0.041869498115841515
0.005883175746457581
676039019319555e-19
0.028418801009210824
8323664434451163e-20
0.0007209581111559972
0.08115163058857587
9970378564712076e-22
0.33859481644159856
0.3387524539678087
0.0018280845650681897
0.0005370798456936527
5829910093343414e-24
0.001030778015202166
10390421293814184e-24
0.010278911391363554
0.029325485315976462
0.0009038960615439999
0.00033763187115500867
0.00015454915083463775
26181808278787e-19
0.006123423326312439
0.030643367341730256
0.0214735364013693
1125717594218274e-23
0.3378142693674402
0.0675035636838356
0
0
817790698372413e-19
6661725797556687e-20
10336381674009924e-22
7596604154734086e-22
0.00019348275921800035
0.009753700846435367
0.005390648980921847
15204233663889042e-24
0.00013149850328535747
7328729339025531e-21
0.05654534022856618
0.01340742521428202
0.10069514376440282
38456357886631486e-23
0.06080587118679325
0.007688966539007543
0.00012014341048824095
0.1240664047752628
0.00029642507222638726
18549559457235722e-29
8514816506336733e-20
37361564485871233e-22
0.00012471566197177486
0.01634699436158648
0.0039038142048083506
0.00016355083728467537
0.00015211492770812556
3799874510510405e-24
0.0005144777688694224
0.022946579800520193
13135133560116953e-24
0.0018058697551944782
0.0018008149626201793
4418734974956493e-20
0.10841942101191734
4337237770137195e-20
0.30751008155044124
0.0019106650764138906
0.18254986654923835
0.003302616132994719
0.000700875096228781
0.0005692866324516169
44751199935046694e-21
0.32827964022680817
12101989117892546e-21
21567621482305477e-21
0.008301496728135438
0.006444135220875939
21715984756808135e-24
8723004503589746e-20
0.0030555989836343815
0.13255153146119422
0.030263423904666492
0.00010011269991405252
0.02302328880758326
0.0003541199602051007
0
0.11290320790137505
0.012339240759247264
0.3175754869003042
0.2985906885802887
0.3090925879741741
0.05234579037645535
0.029723227549123477
0.3387520086077113
0.3143479104034949
0.3383599562156118
0.294478971603222
0.21133357283065884
0.0007652022629079843
0.015737980113000854
0.1409140397801631
0.26698240501297077
0.13687436757389554
0.0002992322048157341
0.0270237204087334
0.25207186219618
0.11453617921233504
0.1662992538155217
