1.084732435391977
5839316470923503e-20
0.1660355705940061
0
0.18012789154812284
13077433991912753e-22
0.18786930326643908
0
0.20234484581824846
0
0.5018416077903738
0
9.407985192930013
0
10.013629979629483
0
30.43488127681881
21.228812892014922
0.6810356767694371
4.199272989591494
37241806998263816e-54
17.529954352984863
2.3687870423304194
0.0011244891135662714
0
0.061038100131294494
0.0015393367027992763
0.01918344530686337
0.006938832231156524
0.17757230361661652
0.16834914222429578
0.00042923728327025443
1819928869190845e-20
0.03123121929519306
0.000477555731463261
9671011363587389e-20
11529605147623183e-26
0.06976488591418217
0.07895546092480556
0.10895889853551614
0.0928043994766023
0
0.0971075142004516
0
4.052420871239215
4.020477959422588
4.493201221430367
0
5.483679773539995
0
4.43470216294771
0.06272682220632174
26.28644744554602
25.743003609556126
6.16986807876486
47.36556472827505
38.882417002456776
1.5177049023274594
0.000870545873160948
0.017781612041235913
0.29059836159545593
34.72533609106698
0.06474556737640488
0.3356477152115846
2.361924281698709
1.545907063453276
33.02859236616705
0
32.97372850393377
0
14.922329155240023
0.00022610559690850582
0.0002261550015667453
0.10953548624473874
6.368770388422279
1.2751447867556143
2.4069989568397205
0
0.0003582606176954924
0.027792496240316194
0.06990830006003855
0.03017248672510899
0.009981105039349196
0.00017088490989371454
0.00012466004929380232
0.0014865972294210784
2.0003587079500025
0.44291126562423594
0.0933380157519859
0.15148235709747926
0.0051874482476802
0.07148259711259793
0.007784808043860204
0.00026444442561571267
0.059905188195174555
1.1879238409979356
0.020054247999839167
7432123706412705e-22
0.0038045655197877274
0.0009401444765048096
0
0.8972234137227902
0.5109719398794351
0.04806709350028554
0
0.4125867005067915
0.018286714527061904
0.07108700196070401
0
0.0003789668879602415
0
0.1265229011321077
0.7223569310426505
0
0
0
0
0.00041187139654797676
0.3908221695053476
0.0004761712960268659
0.0022241360564855574
0.3937262873047556
0.34871829083094386
0.1782819365817552
0.5576647454297193
0.0007030809066898168
0.5545535460274488
0.0008638205109219352
0.3981568147632125
9592843828091667e-22
0.00010163168917293133
0.38009555307057635
0.02187086127322081
8556534276569977e-26
0.1788606339619832
0.0742547413909835
0.21649090225142945
0.020186996419842368
0.030858632287571984
0.15452830828911568
0.2931038710834114
0.2552658790281802
0.16285165783499767
0.2633489892648886
5253652243361762e-27
0.20344318050311364
0.20350939702867818
0.463811697811831
0.5618300707896653
0.00045242947041739255
0.5618032629642624
0.5354255767767904
11.62847772684402
2.094828543219423
2.80096090688159
0.10324213375861659
0.4850351397737958
2.6109408806389753
4.195071427781603
0.6326282479971278
5.102997528466743
7.171226756687947
5.0760337786760275
2.473376880964558
2.915005068444497
0.6119902958541992
31.35974314818444
619.2024598658777
4.002107716319285
4957.4976470930615
1.099985559742933
23.218519655250578
1.1719289331083176
45.115644367558396
1.304376462760873
1.396939948981185
1.0999845493094256
0.9187033337155119
1.0869499870954975
61.14943812261423
0
0.0008582691214445036
0.0008574610048625358
0
0.009117733189650716
0.008048665743361001
0.00795107464884866
0.007179305852917942
0.007020918684487066
0.009841803395218568
0.006979445730814603
0.010382577302152545
0.005952192201956245
0.007712516101920208
0.009582572216129608
0.017833814944186337
0.008086045373688174
0.00912527209778163
0.008502231142571433
0.009545215023128415
0.005634419964993195
0.012301682854938394
0.019033015759645725
0.012985390059174687
0.007995735867202687
0.00190085485285633
0.007442967785676351
0.022918335879398212
0.07197587216875594
0.04155847993179583
0.11407261765747381
9119877605275865e-20
0.010107430381787541
0.22350007817844272
4806102433083846e-21
0.07382282603256447
0.01092773159299674
0.0012695213234234326
5486349572431411e-21
12044232596129893e-22
0.10216492061167905
0.08890741962172832
0.004143324757160715
0.04052297822738206
0.020254393783305423
0.005782955475661586
0.012105895095140212
0.00048286978918157705
0.32639339135311757
15699130003181913e-25
0.07865523047177994
0.0003419074127542903
0.009628393002395956
0.010915815539803425
0.0001570602043515095
0.00017087328268752106
0.33607829314872156
0.00039349745568205055
0.056703950253124275
0.24003151589602761
1317922731964041e-21
2586165544252259e-21
0.0001447250654872437
12571463457356733e-21
0.0005944636211225922
17003055742892242e-21
14432276683099646e-23
10044040187098456e-22
19076965055382963e-21
0.07646205370332261
0.07726748790473206
4349975988567011e-20
0.00021268045743245083
0.019626351953301577
0.008160668373850632
0.09134775680124226
0.020204261252347477
2782881910975406e-20
0.1372648134736919
0.03866155539978902
5573478294459006e-22
0.27404040812623887
44589634455600266e-23
0.0037643131880841095
0.0009825324272287291
22994565953047258e-28
0.2799878790940108
0.33496711367889104
0.018109094047084544
0.26824061855963316
0.3379922085543618
0.007404508576675287
0.19170745061287686
2233218459298604e-25
46306163581297295e-22
0.0006294086358279901
9120623945451558e-20
0.13131770725927325
8645600109872042e-22
0.00011181405570965366
0.16258321096678774
0.0009291450331729774
0.011853909987976828
12200738541777539e-21
0.13826911934022396
0.09698138394492684
0.02125634422058689
3146903765162726e-20
0.0001534486070269818
12006679528369522e-23
0.013682578022902452
0.16381654559902867
8333314515124045e-24
1110329518475473e-20
9106332729994448e-21
9650196920637855e-20
10586400565386424e-21
0.30183881220831177
0.16254200579874256
0.005155025179914495
0.001548317055841268
0.041871036870044294
0.005883204899142793
676039057570107e-19
0.02841949877705461
8323665014321218e-20
0.0007209585464900666
0.081157704002582
997037857303136e-21
0.3388453420680881
0.33900655393039036
0.0018280873673949163
0.0005370800872360989
5829910093371858e-24
0.0010307789053851488
10390421293904534e-24
0.010279000816474582
0.02932622909913661
0.0009038967459692341
0.0003376319665901814
0.00015454917082719942
2618180833615409e-21
0.006123454916943117
0.030644180722949315
0.021473931624075366
11257175942288793e-24
0.3380960483694517
0.06750769208131505
0
0
8177907543462657e-20
6661726168978343e-20
10336381682951208e-22
759660415956358e-21
0.0001934827905536073
0.009753781319561824
0.005390673443478691
15204233664082503e-24
0.00013149851775860343
73287293839748496e-22
0.056548197367656254
0.013407577890227063
0.1007047471620081
38456357899008014e-23
0.06080919271132889
0.007689016433809416
0.00012014342256968584
0.124081487485626
0.00029642514578474306
18549559457235728e-29
8514817113147172e-20
37361564602690417e-22
0.00012471567499033984
0.016347222074977186
0.0039038270130530377
0.00016355085967420594
0.00015211494707581086
3799874510522489e-24
0.0005144779905044016
0.022947031865475805
13135133560261341e-24
0.0018058724897612682
0.0018008176818848094
4418735138366648e-20
0.10843067696732646
43372379275750676e-21
0.30765744247210186
0.0019106681379151553
0.1825858945510676
0.0033026252939707254
0.0007008755076383255
0.0005692869038410476
4475120161111908e-20
0.3284742107988278
12101989240461793e-21
21567621871598818e-21
0.00830155492856236
0.006444170219613039
21715984757202796e-24
8723005140437514e-20
0.0030556068233615705
0.13256897291457567
0.030264216890241474
0.00010011270830262119
0.02302374393995964
0.0003541200651908104
0
0.1129154935038831
0.012339369922326692
0.31774238992100484
0.29872364173157656
0.3092427532144191
0.05234822622454544
0.029723991997938386
0.3390205518631587
0.3145080639991643
0.338635661658603
0.29460594849630634
0.21138474690871956
0.0007652027533368052
0.015738191030727048
0.14093401286364576
0.2670767599739664
0.13689309142451445
0.00029923227977410414
0.02702435033434113
0.25215231918401587
0.11454885294742971
0.16632828092622123
