1.0880799484924988
3252198533564108e-20
0.1298481489078013
0
0.14356431396114538
10434498132816573e-22
0.14965951855965656
0
0.16104468070618538
0
0.41674985776712997
0
9.403667342680619
0
9.884337365177677
0
30.466517707945982
21.456085146034138
0.5799716552982609
4.173910191408645
3943301945293662e-54
17.5996365261109
2.367727589615562
0.0008831443811495103
0
0.057730431815191836
0.0014677518692649532
0.018506429678404865
0.006938556878601999
0.1710810066303835
0.1624109557530778
0.00036348630981419
14036275914697075e-21
0.03007065918289116
0.00040447333958898
8000609914097811e-20
8939768890626473e-26
0.06605172487786479
0.0748702136850932
0.11968223937811516
0.10006426621551376
0
0.09654719681645409
0
4.0327966670051545
4.012835348733342
4.492027550611433
0
5.489464967401344
0
4.434618392883818
0.06748184838258352
25.835286110240297
25.242395287378297
5.576652535493649
47.33276821308365
38.81732369387519
1.5138946095744161
0.0008634252128615339
0.017855374805289325
0.28812852247392784
34.721407562897966
0.06412033362906765
0.3366889551551604
2.3595425931963985
1.5547021574441167
33.09422470581111
0
33.03901178686217
0
14.931937341838369
0.0002241023696889253
0.00022413784924962512
0.10790543414632671
6.368488526290706
1.2750544308149114
2.405351963268178
0
0.0003585343702176143
0.03036620185024233
0.0698362786219312
0.03013335952640932
0.010043323196501877
0.00016965673870842545
0.0001238323068323547
0.0014921019593801689
2.0005594188423133
0.4428197871274472
0.09000121970031653
0.15052889408054385
0.0051847698744884475
0.07111486340527366
0.007762613421118927
0.0002347451263241811
0.05940010540411543
1.1734613228737072
0.019950787954458912
6380854873290459e-22
0.0033834394522755285
0.0009322593223340202
0
0.8958579026277994
0.510135194126297
0.04829649611095206
0
0.4118262205148084
0.018930879643256966
0.07103515383517123
0
0.00037861485571296163
0
0.12650013367151144
0.7209876706509833
0
0
0
0
0.00034730327784134474
0.39053665110509783
0.0004239960243982831
0.0021009852628207874
0.39348717820209067
0.34764244897619484
0.17810361364749483
0.5573116289870792
0.0006965282383828506
0.5599702856971775
0.0008685106868042112
0.4003293483903759
959140598144243e-21
0.00010056459286291414
0.38078753481428074
0.021067729303063096
7837056566450105e-26
0.18180920744641424
0.07359830181739288
0.21633528613147268
0.02020896806729141
0.030919803357168978
0.15310831518905493
0.2911824101694594
0.2550880575306662
0.16308345905235
0.2630529294120576
4809018999111679e-27
0.20272894400909458
0.20279473147736826
0.4635281788694863
0.5616308900641955
0.0004510412018351088
0.5615895482187147
0.536264308316349
11.626979759548268
2.0951920312719516
2.8013602586374935
0.1031317131148387
0.4849808325474911
2.611719305496406
4.196051411076187
0.6321639191709777
5.099588745776961
7.165313698265628
5.068784874249481
2.473585616430367
2.913031334646023
0.612346632441063
31.359962211420072
619.2012791263826
4.002107116753543
4945.7618528247485
1.0999855151802098
23.218517978883135
1.1718960688810516
45.11466427072105
1.304393990898348
1.3969395484912928
1.0999845047362482
0.9182468314497092
1.0868360705859659
61.10392610635556
0
0.000857501912879518
0.0008574646866135049
0
0.009112669535059386
0.008033948005843315
0.007930797711948042
0.007147127948246735
0.007000042676715114
0.00983139941769126
0.0069524126218640896
0.010376102862275353
0.005925801707324554
0.007693703920283089
0.009567234749315158
0.01781655733297157
0.008063463268128774
0.009112724494057655
0.008481214229922195
0.009532834862435604
0.005636683859206338
0.012284556223346966
0.018993242103798304
0.012965855549585093
0.00798284324790765
0.0019008427324788831
0.007442780827657034
0.02291653225163196
0.07195699422207413
0.04155241905660299
0.11402238660752861
9119874820801614e-20
0.010107084592928207
0.22326505388546447
480610235576051e-20
0.07380291936850937
0.01092732703164024
0.0012695159208553411
5486349471670561e-21
12044232547569617e-22
0.10212530966279226
0.08887796472580417
0.004143267030300774
0.04051722272212708
0.02025298933983428
0.005782842818367436
0.012105397946121433
0.0004828690082560862
0.3256407300825788
1569913000309941e-24
0.07863248952604351
0.0003419070212827451
0.009628079380171564
0.010915411865603538
0.00015706012176131475
0.00017087318492981575
0.33517590313750384
0.00039349693713124946
0.056692457309482545
0.2397493198315806
13179227261496694e-22
25861655218631834e-22
0.0001447249953614355
12571462928302891e-21
0.0005944624373926129
1700305477509531e-20
14432276676127095e-23
10044040153327793e-22
19076963837095356e-21
0.07644062485001488
0.07724558219033967
4349975355110992e-20
0.00021268030597957734
0.019625034194014873
0.008160443444211525
0.09131655971912707
0.020202863832051086
2782881651721725e-20
0.13718948219147606
0.038656328062351634
55734782840604e-20
0.27363413220837257
44589634389043773e-23
0.003764265559062021
0.000982529192195737
22994565953047076e-28
0.27955491392153226
0.33408884732169875
0.018107974077897878
0.2678586947996866
0.33686266684098226
0.007404323553591905
0.19154582308601129
2233218459296934e-25
46306162863499595e-22
0.0006294073087882304
9120621160521521e-20
0.13124939792612628
8645600084850564e-22
0.00011181401385269336
0.1624730225068719
0.0009291421403171875
0.011853433453501273
1220073804346678e-20
0.138192560563737
0.096945947441389
0.021254795630215966
31469034336470936e-21
0.00015344852819174524
1200667952354373e-22
0.013681941825807734
0.16370443966148926
833331451489158e-23
11103294772057761e-21
9106332452398195e-21
9650193802896867e-20
10586400190220046e-21
0.30128825554689054
0.1624318810295036
0.005154935721274488
0.0015483090174048004
0.041864882192518736
0.005883088289268694
6760389045679118e-20
0.02841670780846917
8323662694841239e-20
0.0007209568051553663
0.08113341307343487
997037853975422e-21
0.33784435037260596
0.3379912962621113
0.0018280761581137847
0.0005370791210669659
5829910093258082e-24
0.0010307753446578299
10390421293543133e-24
0.01027864312069832
0.029323254079678812
0.0009038940082714066
0.0003376315848496524
0.0001545490908569683
2618180810668574e-21
0.00612332855539825
0.030640927327607103
0.021472350776894463
11257175941864581e-24
0.33697034063517395
0.06749118000615538
0
0
8177905304508778e-20
6661724683291847e-20
10336381647186074e-22
7596604140245605e-22
0.00019348266521120985
0.009753459431039611
0.005390575593917371
15204233663308665e-24
0.00013149845986562924
7328729204177575e-21
0.05653676967742104
0.013406967196878193
0.10066633906602801
3845635784950189e-22
0.060795907701718145
0.007688816856544549
0.00012014337424391353
0.1240211676435441
0.0002964248515514294
18549559457235712e-29
8514814685905674e-20
37361564135413676e-22
0.00012471562291608808
0.016346311240446186
0.0039037757803264284
0.000163550770116102
0.00015211486960508446
3799874510474153e-24
0.0005144771039650575
0.022945223659087736
13135133559683787e-24
0.0018058615515189527
0.001800806804850925
4418734484726062e-20
0.108385660155944
433723729782361e-19
0.30706842214543706
0.001910655891939529
0.18244182519259303
0.0033025886502191654
0.0007008738620015965
0.0005692858182841013
4475119490682991e-20
0.3276966197569759
12101988750184812e-21
21567620314425506e-21
0.008301322129302846
0.006444030225805123
21715984755624158e-24
8723002593046718e-20
0.0030555754645735004
0.13249922086796415
0.030261045072606626
0.00010011267474835073
0.02302192346443564
0.0003541196452481584
0
0.11286635911356949
0.012338853278121054
0.3170753036767212
0.298192184062433
0.3086425296244066
0.05233848351222783
0.029720934320638402
0.33794765447031877
0.31386793877026464
0.3375341859747784
0.2940983691963446
0.21118012491679578
0.0007652007916234075
0.015737347376781986
0.1408541375115508
0.26669954008962077
0.1368182113866103
0.00029923197994073653
0.027021830720008563
0.2518306452336353
0.11449816641979595
0.16621220287423077
