1.091117145529505
191227262610251e-19
0.10388208788476934
0
0.1171405588461305
8522116896251853e-22
0.12205423630459845
0
0.13122333556971022
0
0.3545090789870818
0
9.39878405071768
0
9.77531641974984
0
30.497845000048034
21.65264733457802
0.5019484198484471
4.146937703893364
52634495841100785e-56
17.664223998757336
2.3668096749057144
0.0007090856807453634
0
0.05487560265474941
0.001404658504805902
0.01791279967893916
0.0069383080319836464
0.16538969642242396
0.15720396915407953
0.0003144435646240487
1113022588673819e-20
0.029054334452424266
0.00034995200823871396
6778215322877783e-20
71274675968235e-24
0.06283424711172803
0.0713107108655369
0.13121378670016862
0.10796234545541898
0
0.09612592079114712
0
4.016600575362957
4.004763759996282
4.490947554023776
0
5.494298638164134
0
4.434535748712403
0.07270676196796068
25.44981025481636
24.816613238615147
5.0718030879115865
47.2960644731061
38.775292969667376
1.5104987174561473
0.0008582076535619706
0.01791643326240444
0.28637452721942824
34.71810466887443
0.06362340868071441
0.33766658386855164
2.357380955267009
1.5620186123815736
33.15375098056715
0
33.0983512787248
0
14.940741220369596
0.0002228039129557273
0.00022283054060235946
0.10669183049995463
6.368223706539591
1.2749756663974492
2.403858646870896
0
0.0003588230300832948
0.033133061453407726
0.06977170474838056
0.030097692932011894
0.010099796145059218
0.00016864438467579411
0.00012314448330352583
0.0014967832640322908
2.0007526438198453
0.44272436096336226
0.08707310147670289
0.14970234845759992
0.005183520269868662
0.07078228613294299
0.007741130596063861
0.00021059388674198534
0.05896426169391795
1.1612474596707834
0.01986002833099625
5553164549850974e-22
0.0030403569869094527
0.0009254816173100799
0
0.8946194532717097
0.5093829966947833
0.048505463908699684
0
0.41111683354686396
0.019441179719950272
0.07098851502814514
0
0.00037824490515444545
0
0.12647948764893158
0.719746325828856
0
0
0
0
0.0002991560826904057
0.3902720450539553
0.00038143743319034746
0.001993688092936332
0.3932699672005512
0.34667226335507284
0.17794875725094517
0.5569909923880438
0.0006919664122795084
0.5645388811529961
0.0008728435800066027
0.4023336852957769
9590109220752558e-22
9979927758917864e-20
0.3813115861700124
0.02036389029111478
7236278448761632e-26
0.18405506878660038
0.07300627278654707
0.21619377883710908
0.020228868940832003
0.030975441556679927
0.1518237080098818
0.2894461415135392
0.25492747628078344
0.16329509020011496
0.26278738424521936
4437973176470088e-27
0.20208506367608553
0.2021504413790453
0.46327092895303806
0.56144991486335
0.0004497810087449192
0.5614007480016396
0.537030500880445
11.625726612061154
2.0955139309885844
2.8016982935141828
0.10302954277359617
0.484935414842803
2.612408488963657
4.196880258330413
0.6317333416052235
5.096701973660267
7.16036028706051
5.062323295374501
2.4737656890157007
2.911409643950518
0.6126736461112765
31.360632410550622
619.2002078439507
4.002106572767909
4935.13801225636
1.0999854747484736
23.218516457915857
1.1718662519807697
45.113775047751304
1.3044097202943912
1.3969391850852275
1.099984464295027
0.9178327019406743
1.0867327245036853
61.04020781639124
0
0.0008567967916173313
0.0008574622080658739
0
0.00910794020399461
0.008020885492447793
0.007912727474384566
0.007118308809723542
0.0069813916413707785
0.009822277627521388
0.006928220047421299
0.010370618570747487
0.005902177948000261
0.007676918942163337
0.009553671678287651
0.01780155093434844
0.008043303070933087
0.009101678391873862
0.008462495820681624
0.009521940673903374
0.0056386546353908934
0.012269486499778421
0.0189578513746648
0.012948605347151821
0.007971449941643324
0.001900831735733084
0.007442611204798745
0.022914895943836222
0.07193987055422765
0.04154692079224407
0.1139768311384396
9119872294450191e-20
0.010106770869097104
0.22305203030291332
4806102285605084e-21
0.07378486270633432
0.010926959986273964
0.0012695110191277856
54863493802502934e-22
12044232503510904e-22
0.10208938395621345
0.08885124875627366
0.004143214655444227
0.04051200146226414
0.020251715173205433
0.005782740606357198
0.012104946900719296
0.0004828682997238543
0.3249593427274968
15699130003024554e-25
0.07861186236580045
0.000341906666101187
0.009627794839716122
0.010915045625111348
0.00015706004682730813
0.00017087309623434478
0.33435926175078273
0.00039349646665094663
0.056682031782747146
0.23949357054790313
13179227208742927e-22
25861655015495868e-22
0.00014472493173635267
12571462448292612e-21
0.0005944613633970077
1700305389701367e-20
14432276669800897e-23
10044040122687682e-22
1907696273174366e-20
0.07642118765795768
0.07722571251968754
4349974780376729e-20
0.00021268016856655088
0.019623838668198453
0.008160239371021644
0.09128826384022333
0.020201596036911695
27828814165010053e-21
0.13712116992671386
0.03865158591312936
5573478274625749e-22
0.27326603944133243
4458963432865711e-22
0.003764222345794465
0.0009825262570610648
22994565953046914e-28
0.2791626641587347
0.33329398929827336
0.01810695799032142
0.2675126460849422
0.33584110068152295
0.0074041556862370645
0.19139929641590347
2233218459295419e-25
4630616221224209e-21
0.0006294061047681111
9120618633756566e-20
0.13118745164642115
8645600062148588e-22
0.00011181397587590684
0.16237311318659223
0.0009291395156383043
0.011853001110574761
12200737591349682e-21
0.13812313550092115
0.0969138071222634
0.021253390692529104
3146903132863149e-20
0.00015344845666460783
12006679519165291e-23
0.013681364630082639
0.16360279237959222
8333314514680664e-24
11103294397618012e-21
9106332200535257e-21
9650190974172831e-20
10586399849831784e-21
0.30078960469747795
0.1623320294374284
0.005154854556836384
0.0015483017241713427
0.04185929883931758
0.005882982491185474
6760387657491234e-20
0.028414175801160978
8323660590378724e-20
0.0007209552252468638
0.08111138021576876
9970378509561884e-22
0.3369387098992961
0.3370727844853953
0.0018280659879978383
0.0005370782444636769
5829910093154854e-24
0.0010307721140222772
10390421293215236e-24
0.010278318594261412
0.02932055510708046
0.0009038915243666502
0.0003376312384970263
0.00015454901830005166
26181807898489213e-22
0.006123213909885131
0.030637975822426486
0.021470916575697597
11257175941479696e-24
0.33595222990826645
0.06747620210281419
0
0
8177903273107523e-20
6661723335329486e-20
10336381614736386e-22
7596604122718415e-22
0.0001934825514881828
0.009753167390928496
0.005390486816593918
1520423366260656e-23
0.00013149840733938344
7328729041047598e-21
0.056526403337736494
0.013406413139162283
0.10063150409366947
38456357804585016e-23
0.06078385673013545
0.007688635784669673
0.00012014333039798022
0.12396646485191878
0.00029642458459393716
185495594572357e-27
8514812483671221e-20
37361563711453726e-22
0.00012471557566916315
0.016345484884622518
0.0039037292974798098
0.00016355068886011955
0.00015211479931596554
3799874510430297e-24
0.0005144762996096558
0.022943583197580587
13135133559159773e-24
0.0018058516273142503
0.001800796936180122
4418733891678353e-20
0.10834483259568858
43372367264504925e-21
0.30653498007907326
0.0019106447812396042
0.18231120949420962
0.003302555403712667
0.0007008723689195215
0.0005692848333605936
44751188824032425e-21
0.3269927046177725
12101988305356759e-21
21567618901603e-18
0.008301110916294534
0.006443903212121498
21715984754191862e-24
8723000281800907e-20
0.003055547013038523
0.13243596662487278
0.030258167571607583
0.00010011264430458692
0.023020271872409664
0.00035411926423482176
0
0.11282179800433885
0.01233838454579682
0.3164712685174947
0.29771081091989154
0.3080989551215002
0.05232964552291277
0.029718160363640275
0.3369771533180337
0.3132882808220896
0.33653791788938525
0.2936385994491532
0.2109946428705095
0.0007651990117661303
0.01573658196909103
0.14078170581305566
0.26635774968008596
0.13675030820429954
0.0002992317079023253
0.027019544878389076
0.25153914569156094
0.11445219796365798
0.1661069554074703
