1.0930978434907992
13526014568879215e-21
0.08981320680580171
0
0.10272546440472852
747784571507397e-21
0.10699848618849887
0
0.11496677660726282
0
0.3201789019224119
0
9.395105305343527
0
9.708188091938016
0
30.51951361065881
21.77614017970962
0.4571463549098777
4.127159960678146
14338357572369858e-56
17.707022252367796
2.366232617453308
0.0006144192451724891
0
0.05308637964701683
0.0013645147808907477
0.01753598944254237
0.006938146241673141
0.16177726521689317
0.15389871285348553
0.0002869984452951286
9589066050344385e-21
0.028409829899242244
0.00031943667968323866
6104049501038007e-20
6163965271954257e-26
0.06081233212611834
0.06906529427152802
0.1397581885534014
0.11387226254288291
0
0.09590621261718471
0
4.006863379676889
3.999034547682422
4.49023677808174
0
5.497247365743905
0
4.4344790490034045
0.07661098433971061
25.211872047554795
24.55469568139972
4.7603057691547415
47.26859800450197
38.75481136973055
1.5083149759758305
0.00085529164790977
0.017953308965218732
0.2854322903073692
34.71610094766733
0.06334120622053785
0.33831164143487047
2.3559716743989587
1.5664677553178334
33.19245183340552
0
33.13700429135763
0
14.9465191387347
0.00022217702529058267
0.00022220490392425217
0.10601243784810538
6.36804679913066
1.274925535637205
2.4028852960946576
0
0.00035903059400955756
0.03518129173843505
0.06973002755630317
0.030074369635211526
0.010136611131278438
0.00016803568239071728
0.00012272804186302494
0.0014996854987651136
2.0008842944008065
0.4426562006163145
0.08521328513674141
0.1491823447524021
0.005183276670797597
0.07056697537301573
0.007726645032108488
0.00019615780239863107
0.05869102738040822
1.1537182704696414
0.01980239821963823
5070886029942477e-22
0.0028349905134318724
0.0009212459203479711
0
0.8938125368689308
0.5088962532023489
0.04864200791384949
0
0.41064503118572
0.019738403096298495
0.07095826474797282
0
0.00037797781425265195
0
0.12646602897496895
0.7189372909690528
0
0
0
0
0.00027222910692517924
0.39009675840071617
0.00035593744283515664
0.0019259935773029817
0.39312817608701256
0.3460425663881948
0.177851251092807
0.5567818372241475
0.0006895678857023099
0.5673502827499924
0.0008757040252163518
0.4036555817196066
9589267621083788e-22
9938469519025833e-20
0.381604552040995
0.019917296703121645
6869284639447987e-26
0.1853261600248281
0.07262186210991636
0.21610133414747112
0.02024183329510231
0.031011799352073086
0.15098794138019103
0.28831744006263543
0.25482315123528715
0.163433764036796
0.2626157674241706
4211425658050155e-27
0.20166737308044105
0.20173247413809314
0.4631031859478094
0.5613317600001723
0.00044895855889878045
0.5612793221622945
0.5375327753212757
11.624963137742675
2.0957200164944214
2.8019071512192824
0.10296194174122551
0.4849077520748088
2.6128496257614184
4.19739201912192
0.631447984752855
5.094920317226198
7.15733027821081
5.058166476505167
2.47387855342797
2.9104327016079354
0.6128887886853669
31.36129737329065
619.1995092116689
4.002106218009525
4928.222006991489
1.099985448381052
23.218515466022154
1.1718468073969681
45.11319515338675
1.3044198899731099
1.3969389480699204
1.09998443792142
0.917562657431557
1.086665332984827
60.98768631237023
0
0.0008563326348355322
0.000857457598399888
0
0.009104787660688705
0.008012511325127137
0.007901105772580963
0.0070997018855646
0.006969377823371804
0.009816486722163023
0.006912609675752123
0.010367235398515393
0.005886931585584861
0.007666113747494292
0.009545002062429067
0.017792088790420695
0.00803031901504932
0.00909464303688222
0.008450462963085385
0.009515004783393148
0.005639904234981764
0.012259892154499836
0.018935118035586035
0.012937591596971934
0.007964171165010522
0.0019008245642761032
0.007442500587897588
0.022913828894084495
0.07192870560642149
0.04154333550934719
0.11394713209617793
911987064689888e-19
0.010106566280388588
0.2229132171891762
4806102239853456e-21
0.07377308949406579
0.010926720625499169
0.0012695078224926346
548634932063087e-20
12044232474778162e-22
0.10206596193459197
0.08883383035186822
0.004143180499712134
0.04050859679746181
0.020250884272854625
0.0057826739501074175
0.012104652762011914
0.0004828678376574723
0.3245157465053492
1569913000297574e-24
0.07859841334685315
0.00034190643447091216
0.009627609282133213
0.010914806789210633
0.0001570599979593638
0.0001708730383919127
0.3338277639845577
0.0003934961598290826
0.056675233842975105
0.23932693149232592
13179227174339734e-22
25861654883021422e-22
0.00014472489024348125
12571462135255511e-21
0.0005944606629953857
17003053324375663e-21
14432276665675288e-23
10044040102705838e-22
19076962010892254e-21
0.07640851442039093
0.07721275733345455
43499744055657295e-21
0.00021268007895314985
0.01962305904924263
0.008160106288117887
0.09126981550040059
0.020200769291381843
27828812631026047e-21
0.1370766386360199
0.03864849364966317
5573478268472973e-22
0.2730262557596639
4458963428927614e-22
0.003764194164672788
0.0009825243429274595
22994565953046805e-28
0.2789071563250856
0.33277664434073445
0.01810629538289842
0.2672872124431489
0.3351765592432788
0.007404046214149359
0.1913037999243321
22332184592944315e-26
4630616178752667e-21
0.0006294053195716297
9120616985935569e-20
0.1311470693372917
8645600047343573e-22
0.00011181395110947856
0.1623079907549845
0.0009291378039666814
0.011852719168066317
12200737296503029e-21
0.1380778789672094
0.09689285266040297
0.02125247451711165
3146902936707914e-20
0.00015344841001844063
12006679516309914e-23
0.013680988226925261
0.16353653744597457
8333314514543116e-24
1110329415342838e-20
910633203628368e-20
965018912943029e-19
10586399627848713e-21
0.3004648558928853
0.16226694462321126
0.005154801626406067
0.0015482969679318712
0.04185565807522331
0.005882913496341833
6760386752189267e-20
0.028412524682545102
8323659217960768e-20
0.0007209541949166459
0.08109701478425109
9970378489872055e-22
0.33634940773193156
0.3364751252121784
0.001828059355620979
0.0005370776727905239
5829910093087533e-24
0.001030770007179485
10390421293001395e-24
0.010278106960943202
0.02931879511489356
0.0009038899045000894
0.00033763101262450275
0.00015454897098231778
2618180776271454e-21
0.0061231391453508395
0.030636051161287783
0.021469981317756882
11257175941228694e-24
0.3352899301115631
0.06746643610362107
0
0
8177901948336215e-20
6661722456260456e-20
10336381593574426e-22
7596604111288117e-22
0.00019348247732412443
0.009752976942650652
0.0053904289215449055
15204233662148683e-24
0.00013149837308457798
7328728934662928e-21
0.05651964398772097
0.013406051824598031
0.10060879307636596
38456357775292637e-23
0.0607759990159351
0.00768851770154505
0.00012014330180400902
0.1239308036070056
0.0002964244104986246
18549559457235692e-29
8514811047491644e-20
37361563434969657e-22
0.0001247155448572476
0.016344946001921497
0.0039036989841439254
0.0001635506358693222
0.00015211475347716755
3799874510401698e-24
0.0005144757750526292
0.022942513439240617
13135133558818042e-24
0.0018058451553064924
0.0018007905003883664
4418733504924302e-20
0.1083182153233386
4337236353831453e-20
0.3061875969406176
0.0019106375354683534
0.18222607928122117
0.0033025337222941666
0.0007008713952127183
0.0005692841910469169
4475118485715669e-20
0.32653446347819454
1210198801526363e-20
21567617980235546e-21
0.008300973177327663
0.0064438203819182065
2171598475325779e-23
8722998774529955e-20
0.0030555284586071935
0.13239473184904585
0.030256291166293293
0.00010011262445079242
0.02301919485598575
0.00035411901575846047
0
0.11279274710325683
0.012338078873160909
0.31607796903750046
0.29739730373296813
0.3077449806546073
0.052323882661535495
0.029716351476274085
0.3363457461501059
0.3129108356538242
0.33588978966701466
0.2933391494205221
0.2108737691425777
0.0007651978510403482
0.01573608283106216
0.1407344897881966
0.2661350882071457
0.13670604352567048
0.0002992315304935121
0.02701805427853882
0.2513492270313687
0.11442222973037143
0.1660383545266479
