1.111938573456009
5018625130765926e-22
0.022486889962663258
0
0.031334242177059386
22911432441334825e-23
0.03251181080991723
0
0.034692414190066106
0
0.1409157561840462
0
9.34174850944134
0
9.198662749265726
0
30.763688953619344
22.789944220767556
0.19497963792284362
3.8379800513516704
11064670837472971e-61
18.139404128311426
2.3615164056901174
0.0001565027979781754
0
0.03864987673807721
0.0010247112578950636
0.014331423078059135
0.006936625619157648
0.13105566145940348
0.12578647420757944
0.00013753872656315863
2614740772243637e-21
0.022946971897293496
0.00015318572783378667
25999533180372055e-21
17516314284753956e-27
0.04438141598022104
0.05062129441407945
0.2725659470324285
0.21059306342941353
0
0.0974102175749871
0
3.947353588438172
3.937220947685434
4.483313016872242
0
5.5182168824102735
0
4.433866760014072
0.13631188091884702
23.52904824052527
22.72285370633829
2.4984598423506843
46.87730696976376
38.76849152078163
1.4887046324765822
0.0008376631106810351
0.018230276573361032
0.2816037891424535
34.70366375428071
0.06312376195899874
0.34420363886063
2.342660629219516
1.5977537308488414
33.54330553236251
0
33.49052638067877
0
15.002187370496578
0.00022196977216383426
0.00022195725879394775
0.10246557863179151
6.366226570477354
1.2744612748128679
2.393646544142083
0
0.0003616186325734116
0.0666999068439367
0.06935487411595553
0.02985246640301168
0.010483041525686545
0.00016422844729903607
0.00012002432915290892
0.0015222411810506228
2.002343184220779
0.4418158861825989
0.06935434924319307
0.14491622403726606
0.005199940307575557
0.06867299244487327
0.00758956848705127
993711026696652e-19
0.05647878203273159
1.0963491228583564
0.019312191983285976
21246908750018669e-23
0.0014509045367910095
0.000887411532266384
0
0.8862213705263121
0.5044214338644923
0.04993229329958356
0
0.4058679368502618
0.02144613509109392
0.07067325994323971
0
0.0003744828041791513
0
0.12633821972192544
0.7112618389598122
0
0
0
0
0.00012649750573815924
0.3883346830153166
0.0001834607792042121
0.0013698306222139874
0.39177395335351595
0.34016723116474745
0.1770538665606766
0.5547955400220662
0.0006813820255713991
0.5883857459205631
0.0009038072689789944
0.41659686233848664
958143037011156e-21
9758347199778996e-20
0.3828841783297566
0.016123963061676353
4181206691273459e-26
0.19201553602611146
0.06902076312760351
0.21521574105726662
0.020364795405308774
0.031360655002792795
0.1431233179777387
0.27772069432685603
0.25384733449676095
0.16477641967367893
0.26104162306009715
25551192015473072e-28
0.19779026702702598
0.1978524097016276
0.4615112296403866
0.5602026416081395
0.0004411248711202364
0.5601472014203108
0.5424039870702363
11.619695711713979
2.097549259190111
2.803520756721357
0.10228547101642976
0.48471721883516256
2.616762038482054
4.20133338925151
0.6285752443540443
5.081462156411912
7.135294409706656
5.0206419531260424
2.4747922643749285
2.9037326639265992
0.6150048006314196
31.375225971483886
619.1928637440797
4.002102843490065
4862.918453742058
1.0999851975697634
23.218506030965614
1.1716618633970548
45.10767947395727
1.3045132321624806
1.3969366927202842
1.099984187051292
0.9149951463867798
1.08602450221937
60.103258701715504
0
0.0008517759749993291
0.0008572949450952686
0
0.009072204281387187
0.007938012437871027
0.007796407584894298
0.006929500103758772
0.006861070070800381
0.00976705030548413
0.006770152038830529
0.010341921777884296
0.005747708373057773
0.007568405332429426
0.009468835170354628
0.017713719991305363
0.007912671631226316
0.009033758557036649
0.008342269232525826
0.0094551143997663
0.005650981028942641
0.012176986076480623
0.01873134494108324
0.012841318942679475
0.007900362978820968
0.0019007563495317347
0.007441448463644829
0.022903681422461047
0.07182258935260775
0.04150924716413067
0.11366501646789205
9119854975130381e-20
0.010104620405454593
0.22159711517164163
4806101804656352e-21
0.07366119461062462
0.010924444047947004
0.0012694774159673749
54863487535209825e-22
12044232201467512e-22
0.10184343624075824
0.08866831420791063
0.0041428556187587074
0.04047622535918374
0.02024298231410775
0.005782039943134609
0.01210185522279595
0.0004828634424269461
0.32032634344971445
15699130002511394e-25
0.07847059901187622
0.00034190423117288023
0.009625844406191736
0.010912535203484989
0.00015705953312007218
0.0001708724881860131
0.32881411918709746
0.00039349324130020586
0.056610611451693264
0.2377476184974815
1317922684709081e-21
25861653622902395e-22
0.00014472449555695001
12571459157594702e-21
0.0005944540006993848
17003047877348244e-21
14432276626431794e-23
10044039912635183e-22
19076955154034606e-21
0.07628806949353718
0.07708963404495875
4349970840302485e-20
0.00021267922653739338
0.019615644731833196
0.008158840489808743
0.09109451810065758
0.0201929068411716
27828798039518093e-21
0.136653771941382
0.038619091888870145
5573478209946738e-22
0.27075588667149925
44589633914677863e-23
0.003763926111682664
0.0009825061355552098
22994565953045808e-28
0.27648838491490224
0.32789554534515913
0.018099993762545476
0.2651523253588266
0.32892070567765913
0.0074030049782790736
0.1903978001596689
22332184592850366e-26
4630615774756287e-21
0.0006293978507004725
912060131160179e-19
0.13076356700936925
8645599906515772e-22
0.00011181371552734891
0.1616898396558189
0.0009291215224178505
0.011850037619093994
12200734491872742e-21
0.13764813194264933
0.09669375670029416
0.021243761677776373
3146901070847153e-20
0.00015344796631301327
1200667948914906e-22
0.013677408334906663
0.1629076493965648
8333314513234738e-24
11103291830656058e-21
9106330473895395e-21
9650171581948638e-20
10586397516308888e-21
0.2973932670908852
0.161649150170703
0.005154298170480811
0.0015482517265177746
0.041821042346878716
0.0058822572463148115
6760378140811762e-20
0.02839682376252069
8323646163303176e-20
0.0007209443943170716
0.0809604955383968
9970378302579086e-22
0.33079514296352835
0.3308428063161657
0.0018279962685471313
0.0005370722349703941
582991009244717e-23
0.0010307499667541093
10390421290967324e-24
0.010276094087310717
0.0293020590561432
0.0009038744962038353
0.00033762886409487256
0.000154548520888851
26181806471203223e-22
0.0061224280182474
0.03061774950678024
0.021461087024525732
1125717593884113e-23
0.32905493897372656
0.06737361092674125
0
0
8177889346900889e-20
666171409441475e-19
10336381392278357e-22
75966040025612e-20
0.00019348177186462998
0.00975116555272954
0.005389878245252258
15204233657793283e-24
0.00013149804724759103
7328727922714238e-21
0.05645538831829726
0.013402615426908604
0.10039301818100485
38456357496658587e-23
0.060701305893107314
0.007687394565799962
0.00012014302981371753
0.1235921003657124
0.0002964227544800345
18549559457235622e-29
8514797386323633e-20
373615608050071e-20
0.0001247152517695391
0.01633982094778795
0.0039034106503963695
0.0001635501318128617
0.00015211431745155245
3799874510129657e-24
0.0005144707854052838
0.022932340212577552
13135133555567422e-24
0.001805783593646953
0.0018007292832117644
4418729826056838e-20
0.10806535408784507
43372328094184814e-21
0.3029028497787128
0.001910568613855318
0.18141829128796547
0.003302327492134995
0.0007008621332185412
0.0005692780812881326
4475114712358944e-20
0.32220757627764407
12101985255849665e-21
2156760921603633e-20
0.008299663095520982
0.006443032540414032
21715984744372785e-24
8722984437129836e-20
0.0030553519713891093
0.13200314109828756
0.0302384483021039
0.00010011243559837873
0.023008952614744154
0.00035411665221851034
0
0.11251678380173505
0.01233517164256018
0.3123611900508498
0.2944316277759506
0.3043981829554162
0.05226909708129373
0.029699150541263635
0.3303985330480626
0.30934317214334606
0.3297867523994823
0.29050595444864863
0.20972745448048827
0.0007651868101107891
0.015731335738198234
0.14028615404238828
0.26402637910817217
0.1362857062033734
0.0002992298429564961
0.027003879554416667
0.24954984287701873
0.11413755891607248
0.16538722631636543
