1.111938573456009
5022210173388532e-22
0.022487053119363425
0
0.03133423670300084
22911549814689558e-23
0.03251197734154123
0
0.03469258993225457
0
0.1409160996895398
0
9.34174854402661
0
9.198662768685885
0
30.76368895545751
22.789944222955555
0.19498038823851882
3.8379801484483447
11065237693918289e-61
18.13940413519186
2.361516405268841
0.00015650393348087073
0
0.03864987656581086
0.001024711244538123
0.01433142307088125
0.006936625619155829
0.1310556614503973
0.12578647414460425
0.00013753906199853464
26147468046743577e-22
0.0229469718956445
0.00015318610143954828
25999597666012468e-21
17516353953561282e-27
0.04438141541077552
0.050621293318256926
0.27256595401217243
0.21059311880356
0
0.09741022044340186
0
3.9473536013004273
3.9372209471116792
4.483313016933363
0
5.518216882145657
0
4.433866759669243
0.13631189988681466
23.52904771126626
22.722853131938017
2.4984595743547575
46.87730718754273
38.768497001683485
1.4887046324303947
0.0008376632252797366
0.018230279190487253
0.2816038271674515
34.7036637477171
0.06312376374035901
0.34420363817223215
2.342660629203388
1.5977537305678347
33.54330547453429
0
33.49052632644431
0
15.002187370873678
0.00022196980112943528
0.00022195724664302206
0.10246559232013197
6.366226570237989
1.2744612748893869
2.3936465441419226
0
0.00036161863197193563
0.0666999086759715
0.06935487410974045
0.029852466404607054
0.010483041506817217
0.00016422844785205084
0.00012002432955101444
0.0015222411808824916
2.0023431839236276
0.44181588615328066
0.06935434922570158
0.14491622406644575
0.005199940299360726
0.06867299236201155
0.0075895684700165375
993711110377167e-19
0.056478782039255146
1.096349124987846
0.019312191983551934
2124691053213777e-22
0.0014509046589263714
0.000887411532523569
0
0.8862213705821996
0.5044214337524073
0.04993229321189303
0
0.4058679368016292
0.021446135671160108
0.07067325994860392
0
0.0003744828059961701
0
0.1263382197218906
0.7112618389615555
0
0
0
0
0.00012649781949832022
0.3883346830137906
0.00018346079465267454
0.001369830600994413
0.3917739533536256
0.3401672311373387
0.17705386656804425
0.5547955399840814
0.0006813821159118232
0.5883857453742312
0.0009038072693240829
0.4165968624921051
958143037010221e-21
9758348494855172e-20
0.3828841780809771
0.01612396305846095
4181206844781678e-26
0.19201553831046012
0.06902076315220072
0.21521574105711386
0.02036479540031032
0.0313606549976889
0.14312331797835837
0.2777206943270754
0.25384733449558555
0.16477641965117218
0.2610416230151557
2555119295066474e-27
0.19779026700068408
0.19785240967422207
0.4615112296388532
0.5602026416081928
0.00044112487131628853
0.5601472016068514
0.5424039870035543
11.619695709621242
2.097549259183339
2.803520756680706
0.10228547101587003
0.4847172187589779
2.6167620384672303
4.201333389150286
0.6285752443514917
5.08146215578374
7.1352944086283845
5.020641952387583
2.474792264380722
2.9037326637640994
0.6150048005515839
31.3752259686043
619.1928637440797
4.002102843490065
4862.918453742061
1.0999851975697634
23.218506030965614
1.1716618633970548
45.10767947395727
1.3045132321621995
1.3969366927202842
1.0999841870512896
0.9149951463867798
1.0860245022193702
60.10325883927156
0
0.0008517759748771766
0.0008572949450982995
0
0.009072204281413808
0.007938012435969527
0.007796407583026628
0.006929500102140652
0.006861070069802128
0.009767050303930604
0.006770152037231286
0.010341921775427915
0.0057477083717110055
0.0075684053306124145
0.009468835168095182
0.017713719987060943
0.00791267162935192
0.009033758554916485
0.008342269230551928
0.009455114397504091
0.005650981026962389
0.012176986073645403
0.018731344936592408
0.012841318939623892
0.007900362976928435
0.0019007563495317347
0.007441448463644829
0.022903681422461047
0.07182258935260775
0.04150924716413067
0.11366501646789205
9119854975130381e-20
0.010104620405454593
0.22159711517164163
4806101804656352e-21
0.07366119461062462
0.010924444047947004
0.0012694774159673749
54863487535209825e-22
12044232201467512e-22
0.10184343624075824
0.08866831420791063
0.0041428556187587074
0.04047622535918374
0.02024298231410775
0.005782039943134609
0.01210185522279595
0.0004828634424269461
0.3203263434497146
15699130002511394e-25
0.07847059901187622
0.00034190423117288023
0.009625844406191736
0.010912535203484989
0.00015705953312007218
0.0001708724881860131
0.3288141191870978
0.00039349324130020586
0.056610611451693264
0.2377476184974815
1317922684709081e-21
25861653622902395e-22
0.00014472449555695001
12571459157594702e-21
0.0005944540006993848
17003047877348244e-21
14432276626431794e-23
10044039912635183e-22
19076955154034606e-21
0.07628806949353718
0.07708963404495875
4349970840302485e-20
0.00021267922653739338
0.019615644731833196
0.008158840489808743
0.09109451810065758
0.0201929068411716
27828798039518093e-21
0.136653771941382
0.038619091888870145
5573478209946738e-22
0.27075588667149925
44589633914677863e-23
0.003763926111682664
0.0009825061355552098
22994565953045808e-28
0.27648838491490224
0.32789554534515936
0.018099993762545476
0.2651523253588266
0.3289207056776601
0.0074030049782790736
0.1903978001596689
22332184592850366e-26
4630615774756287e-21
0.0006293978507004725
912060131160179e-19
0.13076356700936925
8645599906515772e-22
0.00011181371552734891
0.1616898396558189
0.0009291215224178505
0.011850037619093994
12200734491872742e-21
0.13764813194264933
0.09669375670029416
0.021243761677776373
3146901070847153e-20
0.00015344796631301327
1200667948914906e-22
0.013677408334906663
0.1629076493965648
8333314513234738e-24
11103291830656058e-21
9106330473895395e-21
9650171581948638e-20
10586397516308888e-21
0.29739326709088526
0.161649150170703
0.005154298170480811
0.0015482517265177746
0.041821042346878716
0.0058822572463148115
6760378140811762e-20
0.02839682376252069
8323646163303176e-20
0.0007209443943170716
0.0809604955383968
9970378302579086e-22
0.3307951429635288
0.33084280631616625
0.0018279962685471313
0.0005370722349703941
582991009244717e-23
0.0010307499667541093
10390421290967324e-24
0.010276094087310717
0.0293020590561432
0.0009038744962038353
0.00033762886409487256
0.000154548520888851
26181806471203223e-22
0.0061224280182474
0.03061774950678024
0.021461087024525732
1125717593884113e-23
0.32905493897372745
0.06737361092674125
0
0
8177889346900889e-20
666171409441475e-19
10336381392278357e-22
75966040025612e-20
0.00019348177186462998
0.00975116555272954
0.005389878245252258
15204233657793283e-24
0.00013149804724759103
7328727922714238e-21
0.05645538831829726
0.013402615426908604
0.10039301818100485
38456357496658587e-23
0.060701305893107314
0.007687394565799962
0.00012014302981371753
0.1235921003657124
0.0002964227544800345
18549559457235622e-29
8514797386323633e-20
373615608050071e-20
0.0001247152517695391
0.01633982094778795
0.0039034106503963695
0.0001635501318128617
0.00015211431745155245
3799874510129657e-24
0.0005144707854052838
0.022932340212577552
13135133555567422e-24
0.001805783593646953
0.0018007292832117644
4418729826056838e-20
0.10806535408784507
43372328094184814e-21
0.30290284977871285
0.001910568613855318
0.18141829128796547
0.003302327492134995
0.0007008621332185412
0.0005692780812881326
4475114712358944e-20
0.32220757627764424
12101985255849665e-21
2156760921603633e-20
0.008299663095520982
0.006443032540414032
21715984744372785e-24
8722984437129836e-20
0.0030553519713891093
0.13200314109828756
0.0302384483021039
0.00010011243559837873
0.023008952614744154
0.00035411665221851034
0
0.11251678380173505
0.01233517164256018
0.31236119005084984
0.29443162777595067
0.30439818295541626
0.05226909708129373
0.029699150541263635
0.3303985330480633
0.3093431721433461
0.32978675239948313
0.2905059544486487
0.20972745448048827
0.0007651868101107891
0.015731335738198234
0.14028615404238828
0.26402637910817217
0.1362857062033734
0.0002992298429564961
0.027003879554416667
0.24954984287701873
0.11413755891607248
0.16538722631636543
