1.1254770415062008
4702254757299202e-23
0.008311291868750896
0
0.014482757615373015
10610549319531905e-23
0.014976222072056056
0
0.015884628578747315
0
0.09089392594723508
0
9.286020117715719
0
8.939883844973593
0
30.96661321029569
23.37096008163837
0.1114716438157901
3.5081224501258825
5194035382861799e-64
18.47758948010021
2.358865869673187
5835560910922671e-20
0
0.030724972572534096
0.0008269353573291768
0.012409753913112392
0.006935551408512416
0.11262819954010725
0.10892608980139522
9304317111616945e-20
11973460563177273e-22
0.019685830061703463
0.00010365582222688984
16415338482140755e-21
8244836422134606e-27
0.03530290921128814
0.040322511067419096
0.43913465057448037
0.3411138266656818
0
0.10531231775175519
0
3.9427446811398865
3.898502444112213
4.478240806191847
0
5.526724031963376
0
4.433382348898146
0.20558956547380033
22.90353887104313
22.053121313995767
1.5507703344386816
46.47302964285398
38.90737273476573
1.4758406379855982
0.0008272784426634971
0.018375330313909526
0.2818205109911849
34.70188032463718
0.06733416166959669
0.34780240117187206
2.33331700811828
1.6099665952298954
33.75898542498173
0
33.710911429951615
0
15.042008050329594
0.00022529951410048485
0.00022527768500323883
0.1016936603570402
6.364790396436233
1.2740987358308709
2.3870297120080743
0
0.0003639826650528915
0.10551383923116993
0.0691156954968866
0.02969698083873692
0.010723065362292812
0.0001636754634251918
0.00011949050080654723
0.0015338526389001375
2.003585553600177
0.44105091583978956
0.059801139517457094
0.1425248332108004
0.005228702928878665
0.06759480401396528
0.007515545450441552
6095685104787952e-20
0.055263454375173875
1.0670563646011808
0.019020677720744353
11363463795477815e-23
0.0008965573156734978
0.0008693265554684135
0
0.8809521956637525
0.5013649176724141
0.05082302826393109
0
0.4022045122599224
0.02183180705079388
0.07046695303926072
0
0.00037107864605310777
0
0.12624659395384263
0.7057702598864712
0
0
0
0
8410175500895421e-20
0.38698117477514893
0.00011394584277644532
0.0010607162500773555
0.3907946767078014
0.336065679755401
0.17661797519965955
0.5533776224639666
0.0006838339935121791
0.5983357498504827
0.000924381993925053
0.4260262666499813
9575994399585983e-22
9751022314085701e-20
0.382663607877328
0.013852444100370665
29220213205825656e-27
0.19322257640576987
0.06648599670230346
0.21457256281849604
0.020452781871664612
0.03161455927081119
0.1375780905414562
0.270258822270947
0.2531654939322745
0.16576289730629212
0.2599689050051401
17816358180694596e-28
0.19512427273587477
0.19518396234807708
0.4603750350595977
0.5593855187647806
0.0004355439569929903
0.5593363530933383
0.5459919189944775
11.617856571999114
2.0987450910393597
2.8043742812181347
0.10176905161057134
0.48465113597154785
2.619316614380151
4.203405147728115
0.6263650191380803
5.074971944079259
7.125431764972731
4.995556335269834
2.475298174665014
2.901041105673907
0.6165923388881934
31.391744637151476
619.1880885245905
4.0021004186482
4816.527963128184
1.099985017343203
23.218499251176986
1.1715289853783846
45.10371646378679
1.3045766380794663
1.3969350711955386
1.0999840067824493
0.9131516384105298
1.085564250699007
59.100482904930146
0
0.0008483789307847312
0.0008570452092227917
0
0.009046046624168098
0.007889359349574998
0.007726789961798877
0.00681383686211755
0.006790045377108603
0.009736911690445584
0.006673654686470528
0.010330172976822977
0.005653359792245176
0.007503057852571138
0.00942012443173048
0.01766851591887276
0.007833747517076531
0.008995771334565483
0.008270540065497333
0.009417924856513629
0.0056586636097718385
0.012125375285252614
0.018596882783513003
0.012780281575407332
0.007859697200939512
0.001900707333667703
0.007440692525829389
0.022896392483040505
0.0717464335978809
0.041484769421082396
0.11346272675428966
9119843713813852e-20
0.010103222380690004
0.22065619841433481
4806101491934836e-21
0.07358089460909333
0.010922808450261204
0.0012694555670634791
5486348346010317e-21
1204423200507345e-21
0.10168383457760173
0.08854956898136314
0.004142622183321122
0.04045298004343398
0.020237306072011803
0.005781584404814696
0.012099845381688868
0.000482860284151086
0.3173493806559618
15699130002177724e-25
0.0783788832481246
0.0003419026479478732
0.009624576411119285
0.010910903191833705
0.00015705919909926166
0.00017087209282317964
0.32525800150000445
0.0003934911441331533
0.056564220951291565
0.23661920354499963
13179226611938075e-22
2586165271741305e-21
0.00014472421194593914
1257145701792402e-20
0.0005944492133894933
1700304396325434e-20
14432276598232434e-23
10044039776055256e-22
19076950226873096e-21
0.07620163809000068
0.07700128203565523
4349968278397049e-20
0.0002126786140152798
0.019610318722254272
0.008157931040667012
0.09096876178752655
0.020187258974587417
27828787554437333e-21
0.13635071643048252
0.03859797834536815
5573478167891274e-22
0.2691361237838057
4458963364550112e-22
0.0037637335074266567
0.0009824930524101963
22994565953045097e-28
0.27476328013205353
0.32443238036113264
0.0180954669331238
0.2636287867271523
0.32449763159497846
0.007402256863153693
0.1897494223844507
22332184592782844e-26
46306154844548135e-22
0.0006293924838148663
912059004844192e-19
0.13048868465593802
86455998053205e-20
0.00011181354624434518
0.1612471062099065
0.0009291098230882615
0.011848111100995502
12200732476537347e-21
0.1373401528024185
0.0965509440755101
0.021237503059288048
3146899730087879e-20
0.00015344764747840132
12006679469631948e-23
0.013674836494221422
0.16245724030516978
8333314512294566e-24
1110329016157141e-20
9106329351203184e-21
9650158972795546e-20
10586395999010486e-21
0.2952055087978072
0.16120667169172612
0.005153936430254394
0.0015482192180076766
0.041796186045452245
0.005881785726984345
676037195290228e-19
0.02838554683945233
8323636782571811e-20
0.0007209373519384298
0.08086253821593738
9970378167995137e-22
0.32686071155447705
0.32685387207531597
0.0018279509371291176
0.0005370683275255273
5829910091987028e-24
0.0010307355664561154
103904212895057e-22
0.010274647931063335
0.02929003885035946
0.0009038634243572941
0.0003376273202247172
0.00015454819746397406
26181805543156165e-22
0.00612191707144293
0.03060460515582826
0.021454698087437732
1125717593712548e-23
0.324646350472842
0.06730698799166716
0
0
8177880291842832e-20
666170808581216e-19
10336381247632141e-22
759660392443281e-21
0.00019348126494101714
0.009749864141861334
0.005389482578048799
1520423365466361e-23
0.00013149781310994068
7328727195553805e-21
0.056409260943731374
0.013400146663078219
0.10023825364502202
38456357296439273e-23
0.06064769000774345
0.00768658761040399
0.00012014283436881094
0.12334928857150974
0.00029642156451302227
18549559457235566e-29
8514787569770241e-20
37361558915183186e-22
0.00012471504116461175
0.016336139206878788
0.003903203474268932
0.00016354976961170358
0.0001521140041354373
3799874509934173e-24
0.0005144672000018349
0.022925032776859144
13135133553231605e-24
0.001805739358304281
0.0018006852953948809
4418727182518393e-20
0.10788401901228228
43372302624955034e-21
0.3005642945882906
0.001910519090077053
0.1808400473870231
0.003302179308354066
0.0007008554778613137
0.0005692736910117781
4475112000922998e-20
0.31913383204664114
12101983273005548e-21
21567602918308495e-21
0.008298721831814945
0.006442466477078826
21715984737988267e-24
8722974134654314e-20
0.0030552251584695955
0.13172246933211612
0.030225633372471528
0.00010011229989407059
0.023001595615426394
0.0003541149538487212
0
0.11231890060679672
0.012333083003785838
0.30971742402051666
0.29231884663610913
0.3020157563741986
0.052229764983556255
0.02968679653616814
0.3261900565743741
0.30680468349131257
0.325469853660159
0.288487004510822
0.2089075916124569
0.000765178876478756
0.01572792548259591
0.13996487356729387
0.26252143893030233
0.13598446078243423
0.0002992286303413107
0.026993698551217263
0.24826481057291963
0.11393343913734798
0.16492091941927298
