0.0003075009930637966
32.96189578631544
142.3138535024104
0
417.42248828413994
0.005504718096299394
207.90941366755612
0
91.27785649094496
0
704.6247446906054
0
29.061165160954406
0
34.179101860762906
0
27.584948233881676
17.37874118151502
185.65677190513264
547.8522460581839
1.342872365577837
56.356984244002966
1.465650000535208
1.1106691660632741
0
6.455212703820439
0.6501927312010899
7.601225648637094
0.0065036460020543065
2.9841109022715986
55.158464543362484
17.53990112785343
52.139951447286585
0.4131488466871976
37.75653901305418
1.6775827343875471
16936928960334013e-21
45.141130678777415
61.22743628861254
64.78385450307728
46.65920022840044
0
2.6789149085582347
0
238.27660996700814
34.65215878518234
4.856043788992975
0
14.467849764861661
0
3.6383543877291795
11.393260202375826
32.125587196239174
31.630558175396434
18.382920115939203
105.28541736675959
1177.4844039359282
2.015355346367411
0.07707361849027833
0.25488305755696655
13.138205187493387
51.535931173920396
0.9974406273496115
2.238649238539024
0.004526845294615194
0.007354345650272324
333.9438841595191
0
272.66632416529615
0
7.334746895600897
0.032993308929501745
287.5675477885393
8.92920238065241
5.133513463855118
0.9906269419989548
2.9841521270998617
0
6446879178435093e-20
5.996133854641972
0.0769654493953517
0.0019136434323369926
0.04691766345108179
0.008043132278179385
0.000623064737159564
0.001736904298343955
0.18478369356739946
0.6788128972013526
0.8413654935541737
0.09605167365777172
0.010697689546985625
0.08754040630502603
0.0174789459022747
2.2883731069058486
0.025199673072662115
3.3481216767891717
0.012645268228401788
0.026926916200191803
10.702282397096884
0.000458532535789675
0
1.2639214455578416
1.546885214491354
0.22235646193665687
0
2.7419242427605997
0.013105496284611858
0.05280052510120364
0
0.003615817930661358
0
0.13422161726513832
1.2390928210684549
0
0
0
0
1.5184729526586338
0.565930700829573
1.2119539429341954
5.875786987693616
0.29650947097234936
1.1551819625070139
0.09944864961235039
0.38815919389524217
0.006546891450358516
5.508677556133076
0.0036991336219410866
1.6226450305865658
904717022040053e-21
0.04331979963573003
1.8411179388888315
0.257675031013908
0.524100250530598
0.10842890962210203
0.8721338743767693
0.19966502503003025
0.0004300642093403834
0.017715540530422853
0.9988740074247504
2.3270197625806714
0.1332292809053113
0.08547538182911343
0.2352090951476956
0.023771581048005874
0.28563904304003074
766.7535637145754
0.36280193159471896
0.6326634912776814
0.15617746536623495
42.49106680146193
0.2316420831976324
6.999083059460842
1.9907330293580172
2.812641200918627
0.18435012270420964
0.3074891205308723
2.396415050989788
4.22854503224524
0.9236506297544822
3.7981897315545807
3.6957682268214556
4.491809593041529
2.157068595970643
2.5978654140056348
0.24509090606889167
30.430023906992925
619.5850782730417
4.00230195002272
10683.386204125105
1.0999999959064342
23.21906271988563
1.182623936135805
45.43426948124363
1.1806690948766054
1.3876168526585306
63.84826672962236
0.2242127192581702
1.1244884600696927
48.06644719678008
0
0.0008799788676050769
8134072085104138e-22
0
17977534290663656e-33
0.020408903941466983
0.03317012333322586
0.0568686159263012
0.02734076931365043
0.02961993536481174
0.043618141066329864
0.033127029859338984
0.04774912192717557
0.03170175138784048
0.02921175665346128
0.04507984785231457
0.03446213057252245
0.026649777908552663
0.03086869917789819
0.02664901415538349
0.033878626625827066
0.035761216767395215
0.04979528218083649
0.03283102962888596
0.02515048613252555
0.0019047853126211492
0.0075037805792398955
0.023510155259088776
0.07835956723218149
0.04356916668379161
0.1315668960897052
9120779678848306e-20
0.010220073454175452
0.3142673482199054
4806127481999804e-21
0.0805625747732572
0.011059580509748508
0.0012712726929004564
5486382213947607e-21
120442483272125e-20
0.11584035863358007
0.09898193346942354
0.004162067736338127
0.042431168324070484
0.02071452695903049
0.00581956649912242
0.012268025624500046
0.00048312283602875404
0.6895171100328604
15699130029908991e-25
0.08637934017967842
0.0003420342533295194
0.00973053032737921
0.011047374451885817
0.0001570869616833765
0.0001709049541835437
0.8029860040099255
0.00039366547588650383
0.060552434147237676
0.3513734048099172
13179246155277976e-22
2586172797190245e-21
0.00014474778449080966
12571634845215174e-21
0.0005948472138553607
17003369263047995e-21
14432278941855529e-23
10044051127092524e-22
19077359723044857e-21
0.08372986086547005
0.08470101227790645
4350181201133296e-20
0.0002127295261803649
0.02005793035757868
0.008233861490034845
0.10203621670554035
0.020662080340206244
2782965897326705e-20
0.16398010052513637
0.04039270106948641
5573481663082826e-22
0.4431463017538383
4458965601653744e-22
0.0037797743449934666
0.0009835809751239906
2299456595310469e-27
0.4622380742691777
0.7840920035848863
0.018475577718271113
0.4255811345113614
0.9996925462805212
0.0074646907024622676
0.2519437225149964
22332184598394551e-26
4630639611203529e-21
0.0006298386768895464
9121526166686335e-20
0.15542708145880496
8645608215569531e-22
0.00011182761607249769
0.20251551208242713
0.0009300826463544434
0.012009295775060788
12200899970331521e-21
0.1654419604668643
0.10917041931891337
0.021763994560581718
31470111612984014e-21
0.00015347414778819508
12006681091680558e-23
0.013890238563083633
0.20448897600286167
833331459043108e-23
11103428878506824e-21
9106422657585228e-21
9651206964046957e-20
10586522101017477e-21
0.5452908364431646
0.20244974568161433
0.005184087119222783
0.001550923300505298
0.043913227553840355
0.005921102514989269
6760886243654035e-20
0.029338212961298807
8324416442540342e-20
0.0007215228722871842
0.08942215853213564
9970389353148875e-22
0.8835495576950563
0.8957305169330132
0.0018317222275594566
0.0005373931686671361
5829910130229163e-24
0.0010319330485886885
10390421410980058e-24
0.010395533789010286
0.030306046449074402
0.0009047840581725623
0.0003377556539339956
0.00015457507931544294
2618188267239967e-21
0.006164527219540758
0.03171650758138725
0.02199222079853494
11257176079711415e-24
0.9959882765509577
0.07307510872631108
0
0
8178632883542137e-20
6662207473700145e-20
10336393269051876e-22
7596610417613557e-22
0.0001935233994249412
0.00985861804524501
0.00542246542105607
15204233914767584e-24
0.00013151727349571405
7328787629430085e-21
0.06037445630365697
0.013606882980641614
0.11395100580943182
3845637393648583e-22
0.06526931844064944
0.007753942799526806
0.00012015907869885346
0.14525032216478365
0.0002965204778703728
18549559457239284e-29
8515603453046603e-20
37361715977023992e-22
0.00012473254555858327
0.016644973787567005
0.003920459264669649
0.00016357987455155635
0.00015214004574964292
379987452618056e-23
0.0005147652648343916
0.023540363405348073
13135133747358963e-24
0.0018094194164871226
0.0018043447509104057
4418946889946341e-20
0.1240434615652554
4337441940008379e-20
0.5723743815537926
0.001914639348609193
0.23578817384106618
0.003314517441428552
0.0007014088141290723
0.0005696386783614753
447533735145855e-19
0.7078605179201216
1210214806645166e-20
21568126322910724e-21
0.008377314774219847
0.006489681582636098
21715985268600417e-24
8723830405371536e-20
0.0030657824423932266
0.15721213312761817
0.03130942278076649
0.00010012357878109312
0.023621127736161582
0.0003542561315851402
0
0.13001303395583574
0.012507880264030992
0.6277070244765155
0.5318539287694941
0.5802772556933968
0.055601769714782395
0.03073126677276149
0.9466109816101584
0.6085159040886943
0.9729650355195907
0.5150456294467277
0.28928640530475863
0.000765838514034294
0.016013886491488126
0.16934608638548349
0.42216933745820445
0.16344032493789704
0.0002993294264349879
0.02785306863350677
0.3812912853039715
0.1322080672882363
0.20853812466067728
