1.1410359684347684
31059923877837086e-25
0.0026478702600554725
0
0.006570686647739614
48204140451409736e-24
0.006766004634344525
0
0.007122904050615437
0
0.06137185877905629
0
9.210407552452658
0
8.713673074526117
0
31.2107631314047
23.922314297497863
0.0626773444953683
3.0273530585621202
2011304102645891e-67
18.89558674017558
2.3564046492153827
18725612039582323e-21
0
0.02358515619065093
0.0006422465311322661
0.010536706427959735
0.006934333031207777
0.0946596725923117
0.09249054155028091
656674670396558e-19
5649446764576564e-22
0.01651706891109965
7316633516278412e-20
10888280391931856e-21
3987819235071556e-27
0.027106235132439715
0.03098507652175335
0.7064879230174581
0.5660693783110782
0
0.1259477817565286
0
3.9765435942798306
3.873964858664292
4.472372714565673
0
5.5313563899755875
0
4.432804179313431
0.30511306660696136
22.581975093910653
21.71467640226806
0.9302296083025654
45.92388114666046
39.15407264916873
1.4622878963685937
0.0008124135117740124
0.018527722510397245
0.28349184326146226
34.70568212179943
0.07917372957489459
0.35120498366519376
2.322945926976668
1.6152531635883949
33.95928782293693
0
33.91689094588584
0
15.086382714633702
0.00023076821291819798
0.000230740205593769
0.10166650675876077
6.363018504699728
1.2736060113842442
2.3794475157920116
0
0.00036717462028240503
0.1666142599965057
0.0688811252391342
0.029528010902489077
0.010986886350023008
0.0001652410462357866
0.00012030608952120742
0.001543351403123156
2.005146101112565
0.4400606735838732
0.05045061401829361
0.1404050531715356
0.005276835857790838
0.06675701278327999
0.007478706292413522
3498485538140465e-20
0.05420410516884954
1.041356012745347
0.0187461472250298
55707055091860026e-24
0.0005188976375826664
0.0008541616366996095
0
0.8752168498489082
0.49797738010101883
0.05179161332668757
0
0.3978514076953959
0.02183277069515217
0.07022325538263316
0
0.00036659106345882537
0
0.1261414711615779
0.6994864390625899
0
0
0
0
5871903348086528e-20
0.38535829812495137
6633498747838951e-20
0.0007841806311021302
0.3896628745559865
0.33146453648826923
0.17625619204163046
0.5517627402009608
0.000690271870844007
0.6057093472915795
0.0009477560174832524
0.43669442609870207
9569954418414027e-22
9795755225986864e-20
0.3818431913897038
0.011639885872073083
1932461238036881e-26
0.19293703461913775
0.06362391973498151
0.21382657473012942
0.020553144549333754
0.03190899473585709
0.13132914091761702
0.2618371821857297
0.25240238301518275
0.16691137188771227
0.2587846908855769
11753303459418172e-28
0.19219954007699772
0.1922561754381589
0.45908125593557814
0.5584406065601679
0.00042927774137210383
0.5583997248068554
0.5501791604953208
11.617240955202226
2.10002849672423
2.8051586618313573
0.10115288946595385
0.4846297248992013
2.6220557544395686
4.205297362356529
0.6237124418227545
5.069905875702841
7.118315191625282
4.968155700758536
2.4757560285524645
2.8992946020788164
0.6184665167984476
31.414835702600126
619.1826007046178
4.002097631928707
4763.760516156817
1.0999848102199616
23.218491459586208
1.1713762954719038
45.09916245044
1.3046459197489948
1.3969332067997853
1.0999837996106114
0.9110346353982212
1.0850355527251967
57.648822521846974
0
0.0008443819322466549
0.0008566221534807786
0
0.009013360440518578
0.007837245168157415
0.007651302926294266
0.006686487753569628
0.006715622647880009
0.009706558891999069
0.006567627426185245
0.010321590714220025
0.0055497393845286855
0.007431848663864594
0.009368925802789058
0.017625353681768388
0.007747562438109569
0.008956682545760014
0.008192951793390947
0.009379849990470443
0.0056676295718955565
0.012072357083292065
0.01845192572798604
0.01271662212615509
0.007817078729406337
0.0019006510043171414
0.007439823867924849
0.022888018618909316
0.07165901220349666
0.04145665648544053
0.11323069223097593
9119830771893993e-20
0.010101615955866393
0.21957979377642206
4806101132543296e-21
0.07348871886831757
0.0109209290610691
0.0012694304579292286
5486347877683462e-21
12044231779369874e-22
0.10150072309047771
0.08841329879206118
0.004142353926603934
0.04042628212099549
0.020230784682457533
0.005781060927022578
0.012097536007398204
0.0004828566545648024
0.3139622929105474
15699130001794262e-25
0.0782736123528756
0.0003419008284540038
0.009623119388811954
0.010909027922853982
0.00015705881523060778
0.00017087163845817192
0.3212186460348414
0.0003934887340021159
0.05651095415525211
0.2353289985583152
13179226341691544e-22
25861651676789984e-22
0.00014472388600997026
1257145455893283e-20
0.0005944437116768994
1700303946502856e-20
1443227656582465e-22
1004403961909237e-21
19076944564391616e-21
0.07610242873280836
0.0768998695646839
4349965334158889e-20
0.00021267791008354426
0.01960419965360965
0.00815688599201557
0.09082445219630884
0.020180770180482546
27828775504585115e-21
0.13600326333597268
0.038573728106281756
5573478119559528e-22
0.2672865936812108
4458963333615287e-22
0.00376351217139758
0.0009824780169731273
2299456595304427e-27
0.2727940122657173
0.3204975271471809
0.018090265925266056
0.26188868583972486
0.31948787096949915
0.00740139719391441
0.18900700814187701
2233218459270525e-25
4630615150829244e-21
0.000629386316040528
9120577104403628e-20
0.13017349286165067
8645599689023015e-22
0.00011181335169813873
0.1607397968975375
0.0009290963779517506
0.011845897459280934
12200730160436992e-21
0.13698706227768132
0.0963870788035638
0.02123031269189927
31468981892365854e-21
0.00015344728106225043
12006679447202145e-23
0.013671881433463897
0.1619411506177343
8333314511214088e-24
11103288243395598e-21
9106328060962392e-21
965014448189337e-19
10586394255273214e-21
0.2927111218914534
0.16069965404990982
0.005153520735860499
0.0015481818588235616
0.041767638474582335
0.005881243885557087
6760364841526278e-20
0.028372592497328805
832362600188846e-19
0.0007209292586516494
0.08075010826819636
9970378013326099e-22
0.32239686998296996
0.32232899602198106
0.0018278988419125693
0.0005370638369750742
58299100914582156e-25
0.001030719017329607
10390421287825942e-24
0.010272986204158977
0.02927623085817857
0.0009038507003339358
0.0003376255459586179
0.00015454782577253208
2618180447660892e-21
0.0061213299244323545
0.030589506132229893
0.021447358024700793
11257175935153786e-24
0.3196527276441502
0.06723050371662931
0
0
8177869885435072e-20
666170118050222e-19
10336381081399162e-22
7596603834644669e-22
0.00019348068236659178
0.009748368725062318
0.00538902789798865
15204233651066872e-24
0.00013149754403048435
73287263598732235e-22
0.0563562961385698
0.013397310026566658
0.10006068692805144
3845635706633954e-22
0.060586131058804366
0.007685660330913794
0.00012014260975641809
0.12307082901705378
0.0002964201969631747
18549559457235503e-29
8514776288224418e-20
3736155674332516e-21
0.000124714799129788
0.016331909033481154
0.003902965393094295
0.00016354935335722632
0.00015211364406133343
3799874509709516e-24
0.0005144630795494849
0.022916637667031815
13135133550547197e-24
0.0018056885226895069
0.0018006347442350193
4418724144464539e-20
0.10767599754167732
4337227335475744e-20
0.29789902618142045
0.0019104621770363022
0.18017778312434632
0.003302009018079417
0.0007008478293474846
0.0005692686455795592
44751088848388064e-21
0.3156375630146322
12101980994245417e-21
21567595680720305e-21
0.008297640227282556
0.006441815996794204
21715984730650937e-24
8722962294669184e-20
0.003055079426697162
0.13140064750926
0.030210912670656502
0.00010011214393770014
0.02299314357464499
0.00035411300202705585
0
0.11209191540797986
0.012330683096728929
0.30670672963705814
0.28990947438916165
0.2993007996475752
0.0521845995786042
0.029672605185909803
0.3214196746831788
0.3039130705548298
0.32057844953847875
0.28618407227116005
0.20796933112398364
0.000765169758946013
0.015724007199007458
0.1395965543107079
0.2608024948284167
0.1356390802433755
0.00029922723676348273
0.026982002892077177
0.246796172183427
0.11369930763907565
0.16438664511630505
