0.0003152336255720348
32.92405482589011
142.29405817846515
0
398.46779915111256
0.005513149736485794
207.9745294970224
0
91.46762883699874
0
697.7011754599333
0
29.090685803750162
0
34.178538508514755
0
27.591006511172736
17.411410302196344
186.11340199849454
542.5206801317905
1.3800085224851266
56.18133699917481
1.4601729944722182
1.1104506520066972
0
6.4550577661305555
0.6500580221808235
7.578735464040321
0.006505277801304534
2.9865280585275324
55.023491927366045
17.330129001190024
50.05862479060791
0.4141912134810755
37.241663364018166
1.6690203544111173
16215505697258736e-21
45.132296921851704
61.2182815345014
64.2062792870382
46.6654663003144
0
2.678962400147029
0
237.36560432205096
34.7323189254723
4.857119214628308
0
14.547931598758876
0
3.6408357874171524
11.386058456723399
32.19257967808498
31.70791847821852
18.382255484793085
107.10720272382893
1147.388777073525
2.0117556009607456
0.07841025818324537
0.24582557259440682
13.249918786422155
51.531179707522895
0.9975701919466003
2.2321867734817276
0.004636541303507292
0.007547487321286534
333.93252602996137
0
272.77784698877565
0
7.314907674820218
0.033169780058431186
286.96176321092264
9.022919364581362
5.147257293511669
0.9899546207306237
2.9847010027925736
0
6433892218808507e-20
5.930182832179211
0.0766749449118776
0.001913680633038027
0.04689118404547696
0.008035073788511737
0.0006222299976876017
0.001736812441515488
0.18430352313986542
0.6788095567268966
0.8381914531901243
0.09641699133779988
0.010687137944726127
0.08736512247166671
0.01745499032586601
2.288025723632238
0.025125623514031265
3.3429663676115937
0.01260152452089497
0.026839110378909615
10.69298122377018
0.0004590991859200755
0
1.2639308023953029
1.5466119526578683
0.222225038844145
0
2.7419014568689266
0.012421001262840577
0.05267597281800468
0
0.0036301904105650856
0
0.13422154985189216
1.2390882287398286
0
0
0
0
1.510909540377783
0.5659360526518707
1.2118326766210121
5.875636887604318
0.296521618551845
1.1526373439533133
0.09946150783641357
0.3874345935607239
0.006660541373670695
5.5079256846132045
0.0036992879715246983
1.6226831092667557
9047192791182223e-22
0.04373686811447271
1.8414003915517378
0.2570915214642117
0.5232705246352377
0.10411941063046674
0.8721180339095602
0.19966632340445883
0.00042851400138467895
0.01765306674133251
0.9988404334684653
2.326850484059545
0.13323280776410826
0.0851987302407226
0.23433517852096247
0.02368483695403514
0.2844905225580115
755.6371777150252
0.36361974781499934
0.6326625005257203
0.1561084944234678
42.43006198453505
0.2310096338210758
6.972364143468338
1.9907281633072598
2.8126090377535533
0.18435304906490346
0.30640975319135416
2.39640511980979
4.2284645134933525
0.9236598396066192
3.785148139930036
3.6813634644425974
4.476100365404768
2.1584706819019246
2.587212616434501
0.24433449495507467
30.32081863793326
619.5850755438888
4.002301948637678
10683.327714700024
1.0999999958034945
23.219062716013195
1.182623859526773
45.434267201241965
1.1826466958477215
1.3878435340863178
63.1508506148521
0.22474558170298728
1.1244881878243336
48.22826282322963
0
0.0008771600006970745
8310539005296996e-22
0
24148538375842887e-33
0.020316455157193637
0.03301965044550349
0.05661433822544165
0.02721938103293808
0.029513798769714942
0.04342165599273508
0.03297615369853679
0.04753430077493326
0.031557988529860775
0.029079935327075736
0.04487546806845377
0.03430578236217838
0.026530149887901006
0.030729900126160982
0.02652980895737804
0.03372805194080833
0.035600835459301365
0.04956999960117498
0.03268630797940266
0.025036418460100546
0.001904785284565541
0.007503780143839707
0.023510150985020403
0.07835951975097326
0.04356915200495544
0.1315667622336633
9120779672415636e-20
0.010220072646500242
0.31426658444156486
480612748182119e-20
0.0805625245847047
0.011059579563933638
0.0012712726804034792
5486382213714852e-21
12044248327100327e-22
0.115840254865822
0.09898185770727375
0.00416206760238705
0.04243115440202827
0.020714523641001757
0.005819566237238153
0.012268024460700086
0.00048312283422389797
0.6895134329077245
156991300299088e-23
0.08637928248197509
0.0003420342524248985
0.0097305295952265
0.01104737350815752
0.00015708696149256362
0.00017090495395768505
0.8029810168966176
0.00039366547468815827
0.060552405794267045
0.3513724500119529
13179246155143666e-22
2586172797138527e-21
0.00014474778432879614
12571634843993063e-21
0.0005948472111192208
17003369260812377e-21
14432278941839422e-23
10044051127014515e-22
190773597202306e-19
0.08372980665300546
0.08470095680055212
43501811996699665e-21
0.00021272952583043346
0.020057927246562614
0.008233860965788306
0.10203613619559691
0.02066207703895797
27829658967278206e-21
0.16397989258836704
0.040392688452998135
5573481663058806e-22
0.4431447830255799
44589656016383703e-23
0.0037797742345195844
0.0009835809676431958
2299456595310469e-27
0.462236421851761
0.7840872484280975
0.018475575078745612
0.42557973380134506
0.9996848160553271
0.007464690271586579
0.2519432316436518
22332184598394513e-26
463063961103772e-20
0.0006298386738220357
912152616025261e-19
0.15542689464831833
8645608215511733e-22
0.0001118276159757979
0.2025151949280814
0.000930082639665299
0.012009294659831832
12200899969180425e-21
0.16544174880602014
0.10917032715694872
0.02176399089783019
3147011160532586e-20
0.00015347414760605822
1200668109166941e-22
0.013890237071153066
0.20448865263702265
8333314590430545e-24
11103428877553499e-21
9106422656943983e-21
9651206956844335e-20
10586522100150848e-21
0.5452885368252264
0.2024494287332316
0.005184086911409819
0.0015509232819055005
0.04391321264225296
0.0059211022438869
676088624011948e-19
0.02933820630552502
8324416437181944e-20
0.0007215228682616115
0.0894220966978339
9970389353072005e-22
0.883543519519425
0.8957243110974791
0.0018317222016148648
0.0005373931664340179
58299101302289e-22
0.0010319330403543152
10390421410979222e-24
0.010395532953364301
0.030306039346922834
0.0009047840518423631
0.00033775565305186543
0.00015457507913068362
26181882671869606e-22
0.006164526925689379
0.03171649980277232
0.021992217058562125
11257176079710434e-24
0.9959806035155543
0.07307506743335752
0
0
8178632878369777e-20
6662207470268016e-20
10336393268969258e-22
7596610417568933e-22
0.000193523399135344
0.009858617293690038
0.005422465193692087
15204233914765798e-24
0.0001315172733619643
7328787629014757e-21
0.06037442811711501
0.013606881548959943
0.1139509053990257
3845637393637147e-22
0.06526928549833311
0.007753942334611783
0.00012015907858720814
0.14525015901716687
0.00029652047719048573
18549559457239284e-29
8515603447439247e-20
37361715975944597e-22
0.00012473254543827737
0.0166449716451905
0.00392045914581894
0.00016357987434464366
0.0001521400455706588
3799874526180448e-24
0.000514765262785373
0.023540359120289123
1313513374735763e-23
0.0018094193911704804
0.0018043447257355698
4418946888436384e-20
0.12404334258045589
4337441938553607e-20
0.5723718478068598
0.0019146393202625531
0.235787743906361
0.003314517356477566
0.0007014088103248149
0.0005696386758523267
4475337349909809e-20
0.7078566425238811
12102148065319122e-21
2156812631931363e-20
0.008377314231546935
0.006489681256968161
2171598526859677e-23
8723830399486599e-20
0.003065782369713976
0.15721194200141872
0.03130941520054978
0.00010012357870357557
0.023621123421648977
0.00035425613061471474
0
0.1300129032429803
0.01250787905427871
0.6277039771138809
0.5318517410972353
0.5802746514894015
0.055601745808506214
0.03073125946991202
0.946604050619545
0.6085130402305926
0.9729577131747361
0.5150435778749716
0.2892857581299984
0.0007658385094990372
0.01601388450848694
0.16934586461689505
0.4221679591180065
0.16344011836784522
0.00029932942574215863
0.02785306263453052
0.381290160980143
0.13220793212433504
0.20853778836150427
