1.1418271470676657
2704892149936063e-24
0.0024982503618840714
0
0.0063299083574004985
464402804232782e-22
0.0065166813550052065
0
0.006857780098478918
0
0.06029675771156894
0
9.206374587164968
0
8.703699161886744
0
31.223251017909423
23.947530080798973
0.06099196597152826
3.0009793041350203
13875935834859142e-68
18.917722664551132
2.356293034039434
17672619614330787e-21
0
0.02326977181801246
0.0006339454734714804
0.01045009552574326
0.006934271488767985
0.09382857614243942
0.09173050921537021
6464638417739273e-20
5457457261711286e-22
0.01637076974907721
7202874126058762e-20
10689638876022818e-21
38565171203437924e-28
0.02674394754018468
0.03057176508406064
0.7219176880700361
0.5795603507686592
0
0.12740082675320696
0
3.9793063847796035
3.873448951614336
4.472073735429999
0
5.531469268669115
0
4.432774359878639
0.3104764594448277
22.57344830515208
21.70590381218526
0.9081346212723025
45.89447021610376
39.16892275357791
1.4616344902893161
0.0008115471170184799
0.01853557629505417
0.283606423605005
34.70600648746019
0.08001284275918
0.35136069363440925
2.32243075865383
1.6152886731953133
33.9682902905867
0
33.92612953818941
0
15.08857985079774
0.00023107931826211225
0.00023105104745271493
0.1016819542810215
6.362924889437219
1.2735780992960386
2.3790625818513687
0
0.00036735439432494517
0.1701012620659035
0.06887047242931277
0.029519782919055423
0.011000014773317274
0.0001653811092702411
0.000120386403625539
0.001543732323489866
2.0052278432145387
0.440007841103151
0.05001717344374751
0.14031491007989771
0.0052797599225471
0.06672707906614099
0.007478453451789255
3402068690963068e-20
0.05415952083185921
1.040220694746832
0.018733930970257773
537398148292885e-22
0.0005048123805867446
0.0008535458167619488
0
0.8749363348144593
0.4978078885827102
0.05183951870566698
0
0.39762715592168996
0.02182492243915188
0.07021059908071633
0
0.00036635400646294796
0
0.12613612976190933
0.6991677457614116
0
0
0
0
5778742812364956e-20
0.38527419240864025
6455350890388894e-20
0.0007720813244302328
0.38960513997405755
0.3312335632842568
0.17624190021923852
0.5516811006329175
0.0006906679233987045
0.6059839870907677
0.0009489280626321552
0.4372280346183139
9569653210960751e-22
979903848033313e-19
0.3817940375847756
0.011537598100733933
1892161773417434e-26
0.19289446898232632
0.06347986638205129
0.21378844966948726
0.02055821390113764
0.03192402276003598
0.1310151475486271
0.2614132802379879
0.2523641620134176
0.16697004614792643
0.2587256250848817
11506757537951542e-28
0.19205496192195154
0.19211143517847704
0.4590158605340271
0.5583923928578925
0.00042896484631588927
0.5583519388432968
0.5503934017800329
11.617241899484512
2.100091596961708
2.805194473957602
0.10112103910423667
0.48462981018592854
2.622190366364021
4.205383448397733
0.6235749177950521
5.069702977365859
7.118045062158321
4.966794606158512
2.4757762295490267
2.8992328906426765
0.6185628345485954
31.41608231264641
619.1823216477327
4.002097490222782
4761.092766457708
1.09998479968765
23.218491063380284
1.1713685316512452
45.09893088903991
1.304649344922368
1.3969331119700072
1.09998378907583
0.9109270336854665
1.085008675066118
57.56798133302312
0
0.0008441763668763458
0.0008565967892243227
0
0.009011626708545675
0.00783468244324682
0.007647571781056878
0.006680150128974761
0.0067120445430907325
0.00970511624506427
0.006562355157277906
0.010321265056435542
0.005544589840164933
0.007428319384779728
0.009366434245993552
0.017623363426077697
0.007743287439991094
0.008954801553601363
0.008189121618707973
0.009378023160060372
0.0056680906674581736
0.012069807786517133
0.018444780089161155
0.01271353702430821
0.007815007883942836
0.0019006481399882068
0.007439779698978111
0.022887592885879278
0.071654569632283
0.04145522743877922
0.11321890585452893
9119830113791871e-20
0.010101534275245653
0.21952519861416975
4806101114268071e-21
0.07348403477561015
0.01092083350189945
0.0012694291811314042
54863478538688256e-22
12044231767892743e-22
0.10149142060184839
0.08840637499562387
0.004142340286089882
0.040424924990157214
0.020230453122935088
0.005781034309201045
0.012097418586424224
0.0004828564699993895
0.31379102708554696
1569913000177476e-24
0.07826826305841786
0.00034190073593215746
0.009623045304447068
0.01090893257317058
0.0001570587957107342
0.00017087161535353333
0.32101458853881065
0.00039348861144623197
0.05650824685465161
0.2352635793263281
13179226327949384e-22
25861651623873824e-22
0.00014472386943599504
12571454433892003e-21
0.0005944434319136292
1700303923629173e-20
144322765641767e-21
10044039611110737e-22
19076944276451856e-21
0.07609738734353137
0.07689471626364318
4349965184443069e-20
0.00021267787428835207
0.019603888547157312
0.008156832854385116
0.09081712010641414
0.02018044027803166
27828774891844693e-21
0.1359856188604287
0.038572495377559364
5573478117101836e-22
0.2671928845519801
44589633320422364e-23
0.003763500916705872
0.0009824772524203436
2299456595304423e-27
0.27269425204187026
0.3202987180463966
0.01809000149155407
0.2618005084226813
0.319235198960046
0.007401353482003451
0.1889693337404577
22332184592701305e-26
463061513386423e-20
0.0006293860024079641
9120576446193784e-20
0.13015748557013743
8645599683109235e-22
0.00011181334180538316
0.1607140426709627
0.0009290956942655369
0.011845784905626457
1220073004266223e-20
0.1369691317347241
0.0963787536132513
0.02122994712344138
31468981108836044e-21
0.000153447262429843
12006679446061578e-23
0.013671731184319812
0.1619149510667845
8333314511159145e-24
11103288145855478e-21
9106327995353055e-21
965014374502487e-19
10586394166603376e-21
0.29258484580531213
0.16067391461652816
0.005153499598504073
0.0015481799591158508
0.041766187338471976
0.005881216334003506
6760364479909718e-20
0.02837193392101826
8323625453686098e-20
0.0007209288471066996
0.08074439533177089
9970378005461106e-22
0.3221715174318881
0.32210058501508576
0.0018278961928863732
0.0005370636086295092
5829910091431325e-24
0.0010307181758059667
10390421287740526e-24
0.010272901711757992
0.029275528889332606
0.0009038500533162468
0.000337625455736615
0.0001545478068718742
26181804422374498e-22
0.006121300069239829
0.030588738538954385
0.02144698484621578
11257175935053525e-24
0.3194008619092557
0.06722661677884081
0
0
8177869356264776e-20
6661700829364206e-20
10336381072946137e-22
75966038300789e-20
0.00019348065274245958
0.009748292688554691
0.005389004778322128
15204233650883976e-24
0.0001314975303476842
7328726317378481e-21
0.056353604182827165
0.013397165798332373
0.10005166598723615
38456357054638864e-23
0.06058300242775809
0.007685613181311589
0.00012014259833478522
0.12305668602740427
0.00029642012742280076
185495594572355e-27
8514775714552994e-20
37361556632885177e-22
0.00012471478682221778
0.016331693956475758
0.003902953286944423
0.00016354933219052186
0.0001521136257514214
3799874509698093e-24
0.0005144628700234584
0.02291621085396134
13135133550410694e-24
0.0018056859377132133
0.001800632173723069
441872398997815e-19
0.1076654302769945
4337227186635488e-20
0.2977641292956524
0.0019104592830271466
0.18014417155522572
0.003302000358974798
0.0007008474404192478
0.0005692683890181912
44751087263845414e-21
0.3154608030765741
12101980878369421e-21
2156759531268566e-20
0.008297585230958263
0.006441782921325609
2171598473027783e-23
8722961692600892e-20
0.0030550720163548366
0.13138430374455448
0.030210164307740303
0.00010011213600725303
0.022992713867449978
0.00035411290277630853
0
0.11208038536942638
0.01233056107282287
0.30655441879121803
0.2897874886721432
0.299163396786435
0.052182303940668646
0.029671883730465712
0.3211789712241781
0.3037667610360202
0.32033169287724983
0.28606745952805596
0.20792173289402996
0.0007651692953181574
0.0157238079785573
0.1395778510238652
0.26071538707207587
0.1356215409395791
0.0002992271658995788
0.026981408297809237
0.24672172380173277
0.11368741480749629
0.16435952331262957
