0.00033069889058851123
32.85437931324137
142.25444593601887
0
364.40129466955034
0.0055279227372691635
208.08662931119565
0
91.84385232668951
0
683.6195338658501
0
29.14429629241068
0
34.17741854112586
0
27.60313382153855
17.474898796689892
186.9737798068023
532.201982871477
1.4489390102853201
55.82087379596644
1.4501585282752572
1.1100129096958387
0
6.454747859870043
0.6497879090666778
7.533666079026911
0.006508463180884389
2.9912979422639574
54.75259500258113
16.911452754124756
46.32730655940557
0.4162442392446773
36.218781358981246
1.6531235010351233
14902642059166241e-21
45.11462546242135
61.19996963694283
63.052500869360394
46.67738059771089
0
2.679082853685803
0
235.5102468880011
34.88937018968409
4.8588892383403035
0
14.704184905966546
0
3.6432560023415856
11.371014552925455
32.318761012069025
31.853779669174678
18.380968471102676
110.64254013237658
1084.400165551986
2.003990826241949
0.08115527347914878
0.22753870889743646
13.479962736518385
51.52161914187533
0.9978320561512986
2.2192132580482764
0.004853815908122902
0.007935086378551233
333.88344125119096
0
272.99932783352176
0
7.27749174689265
0.03353033618627386
285.73507345178047
9.216946858667242
5.172244042917526
0.9886124808061747
2.9857153172978212
0
6410649507559884e-20
5.79933242285548
0.07614382827520216
0.001914007270705471
0.04683788221801303
0.008018982632162684
0.0006205659130594714
0.0017366279143581586
0.18344684520362758
0.6788028899685513
0.8321512692900922
0.09710498182027054
0.010664335300931247
0.08705180352705677
0.01741491370162502
2.2873311853590703
0.024992046184939824
3.331888061277473
0.012522157513186014
0.02668055854049162
10.673085570835692
0.0004601852298580109
0
1.2639491978223394
1.5460633969060995
0.22196052939438163
0
2.741855790900785
0.011104804509391155
0.05241889092538345
0
0.0036565351283685274
0
0.13422141542591134
1.2390790580239306
0
0
0
0
1.4972605263565617
0.5659466630873657
1.2115902866462644
5.875336660701705
0.29654591063578073
1.1479636008843084
0.09948728564801429
0.38587858113029083
0.0068908884342719695
5.506417657873417
0.003699596920581833
1.6227592376269497
9047237885003069e-22
0.044598956184675305
1.8419673435061292
0.2560504398799649
0.5217402051127003
0.0955246863275364
0.8720862239553785
0.19966892003086467
0.0004257426070932202
0.017538704356936063
0.998773368606957
2.3265318594807263
0.13323985826951215
0.08469213672856188
0.23273767689310243
0.023526067160095216
0.2823931825374272
733.5963211460192
0.36520071584528424
0.6326605278693321
0.15597075403994265
42.30053437172322
0.22986046178904704
6.923539287606832
1.9907182095291855
2.8125443375328882
0.18435885060624851
0.30443564871406287
2.3963848066596176
4.228302544041995
0.9236780997361318
3.7613025717746025
3.655122198608875
4.447306288058362
2.1611782743224497
2.567768185591512
0.24294983640123238
30.120321468435392
619.5850700855831
4.002301945867593
10683.210736810512
1.0999999955976154
23.219062708268318
1.182623706308724
45.434262641238966
1.1863813167261117
1.3882661097785058
61.755462191306115
0.22580932077021623
1.1244876433340294
48.52973077726646
0
0.0008720013091775438
8661843240275036e-22
0
42496836441685055e-33
0.020147767405745764
0.03274505496458201
0.056150136603415696
0.026997871740838262
0.029319579435056784
0.043063045738116645
0.03270071808818602
0.04714216435367571
0.03129564500617147
0.02883936610686078
0.044502517685746944
0.034020463487715744
0.026311821397676193
0.030476625785305484
0.026312242445510482
0.03345320895182498
0.035308126207821214
0.04915896962894805
0.032422488737116416
0.024828262481300902
0.001904785228454326
0.007503779273039406
0.023510142436885983
0.07835942478864309
0.043569122647297925
0.131566494521988
9120779659550294e-20
0.010220071031150014
0.31426505689045253
48061274814639586e-22
0.0805624242076935
0.011059577672304139
0.0012712726554095254
5486382213249341e-21
12044248326875984e-22
0.11584004733058474
0.09898170618314814
0.0041620673344849105
0.04243112655795754
0.020714517004945882
0.005819565713469654
0.012268022133100501
0.00048312283061418594
0.6895060787162817
1569913002990842e-24
0.08637916708668401
0.0003420342506156567
0.009730528130921243
0.01104737162070117
0.00015708696111093787
0.00017090495350596777
0.8029710427629221
0.0003936654722914671
0.06055234908836561
0.3513705404238078
13179246154875045e-22
2586172797035091e-21
0.0001447477840047691
1257163484154884e-20
0.0005948472056469408
17003369256341144e-21
14432278941807208e-23
10044051126858498e-22
19077359714602083e-21
0.08372969822818159
0.08470084584595244
43501811967433084e-21
0.0002127295251305706
0.020057921024531928
0.008233859917295333
0.10203597517590063
0.020662070436463
27829658955300513e-21
0.16397947671561938
0.040392663220033403
5573481663010764e-22
0.443141745584678
4458965601607622e-22
0.00377977401357183
0.0009835809526816063
2299456595310469e-27
0.46223311703464887
0.7840777382010334
0.018475569799695744
0.4255769323951429
0.9996693557842627
0.007464689409835277
0.2519422499038317
22332184598394432e-26
4630639610706101e-21
0.0006298386676870139
9121526147385163e-20
0.15542652102801863
8645608215396135e-22
0.00011182761578239832
0.20251456062087994
0.0009300826262870101
0.012009292429374232
12200899966878236e-21
0.16544132548514415
0.10917014283325281
0.02176398357232898
3147011159000956e-20
0.0001534741472417845
12006681091647116e-23
0.01389023408729241
0.20448800590687874
8333314590429471e-24
11103428875646844e-21
9106422655661496e-21
9651206942439089e-20
10586522098417584e-21
0.5452839376184438
0.20244879483795478
0.005184086495783916
0.0015509232447059062
0.043913182819093365
0.005921101701682199
6760886233050372e-20
0.02933819299398197
8324416426465147e-20
0.0007215228602104663
0.08942197302935868
9970389352918268e-22
0.883531443291957
0.8957118995553971
0.0018317221497256822
0.0005373931619677814
5829910130228374e-24
0.001031933023885569
10390421410977553e-24
0.010395531282072537
0.030306025142624694
0.0009047840391819651
0.0003377556512876051
0.000154575078761165
26181882670809476e-22
0.006164526337986664
0.0317164842455482
0.02199220957861841
11257176079708475e-24
0.9959652576220849
0.07307498484752041
0
0
8178632868025054e-20
6662207463403756e-20
10336393268804027e-22
7596610417479686e-22
0.0001935233985561496
0.009858615790580264
0.0054224647389641495
1520423391476222e-23
0.0001315172730944648
7328787628184101e-21
0.06037437174407058
0.013606878685597052
0.1139507045784789
38456373936142754e-23
0.0652692196137503
0.007753941404781822
0.00012015907836391747
0.14524983272248304
0.00029652047583071157
18549559457239284e-29
8515603436224533e-20
373617159737858e-20
0.00012473254519766553
0.016644967360438318
0.003920458908117531
0.00016357987393081827
0.0001521400452126906
3799874526180225e-24
0.0005147652586873358
0.023540350550173558
13135133747354961e-24
0.0018094193405371972
0.0018043446753858987
44189468854164673e-21
0.1240431046111993
4337441935644065e-20
0.5723667803466426
0.001914639263569275
0.23578688403930256
0.0033145171865756
0.0007014088027162999
0.0005696386708340294
4475337346812326e-20
0.7078488917950511
12102148063054048e-21
21568126312119436e-21
0.008377313146201215
0.0064896806056323345
21715985268589475e-24
8723830387716725e-20
0.00306578222435548
0.15721155974971693
0.031309400040121865
0.00010012357854854045
0.023621114792626133
0.00035425612867386394
0
0.13001264181766364
0.012507876634774493
0.6276978824329942
0.5318473657797133
0.5802694431164727
0.05560169799598468
0.030731244864218292
0.9465901887905618
0.6085073125548236
0.9729430686503462
0.5150394747559752
0.2892844637848214
0.0007658385004285238
0.016013880542485304
0.16934542108058945
0.422165202451111
0.16343970522852483
0.0002993294243565001
0.027853050636581896
0.3812879123424321
0.1322076617969471
0.20853711576478523
