1.1482806131911512
8755695904932024e-25
0.001554508353991958
0
0.004716525831521137
34616570163201226e-24
0.004847176738112212
0
0.005085070659721031
0
0.052530156439353805
0
9.172983928993306
0
8.626814875456333
0
31.324849182271386
24.144203258053018
0.049192277660753035
2.78281672411381
7438966664173087e-69
19.10161975706057
2.35542573175911
11019619237363434e-21
0
0.02084898234711765
0.0005698193560740469
0.00977240685832845
0.006933770867862408
0.08732488051674346
0.08578349267101602
5720118188401551e-20
41637647793980323e-23
0.015226720928238253
6373296888442075e-20
9260754778711502e-21
29674363182750463e-28
0.02396278000175525
0.027397588614398064
0.8529727167355332
0.6960570612019855
0
0.14086042946162491
0
4.005257740328995
3.8720970575990616
4.469633784554321
0
5.532005205347657
0
4.4325299162292096
0.3545517390168087
22.52478107572117
21.656810620587255
0.7533434915645232
45.65052663941892
39.29829433883291
1.4564375067484507
0.0008040865935490354
0.018600990348073117
0.2846334304344352
34.70902253387109
0.08777494578759878
0.3525862332673027
2.318275536610881
1.6147565647325908
34.0386853569622
0
33.99807838903006
0
15.106242987891898
0.00023372151951664907
0.0002336911128084174
0.10185670572048372
6.362148181608568
1.2733384066429905
2.3759250000719256
0
0.00036890413865361157
0.19955246103363627
0.06878847861921505
0.029454173418092474
0.011106465746991053
0.00016673113047282413
0.00012117259980484824
0.001546480012959492
2.0059011937917
0.4395694320089725
0.046622162713832536
0.13964391518071625
0.005305628052094975
0.06653051906182714
0.007482600527161589
2712204748418247e-20
0.05382926880147486
1.0314626292625724
0.018640719187327452
4013676170668663e-23
0.0004038505222919516
0.0008490835032627653
0
0.8726926259698329
0.4964331663050537
0.05222722677977814
0
0.39579004866432366
0.02174088134853276
0.07010622165614275
0
0.0003643982052335778
0
0.12609257360306395
0.696571465808917
0
0
0
0
5103165686312046e-20
0.38458327490727673
51767904198635766e-21
0.0006797131237404961
0.3891335562906738
0.32935998232892905
0.1761407778948322
0.5510170477186652
0.0006941024332608059
0.6078941620139234
0.0009584087318903622
0.44153929075802795
9567217632489611e-22
9828805843479858e-20
0.38138723374523825
0.010737290868313388
15930376569703377e-27
0.19247965615994284
0.06231038854473756
0.2134767915342814
0.02059943123650724
0.03204677492389056
0.1284681765537027
0.257971185473827
0.252054488502941
0.16744936599532775
0.25824763238067683
9677856834101585e-28
0.19089106366151934
0.19094622398336197
0.45848397713370426
0.5579985376411383
0.0004264366599185684
0.5579615703089522
0.5521447343086976
11.61734998164878
2.1005994624344657
2.805475145961257
0.10085968229775631
0.4846341603217131
2.6232736056420647
4.206057175459382
0.6224450176173592
5.068217643845518
7.116114711640462
4.955791829949068
2.4759308540904748
2.8988060291244033
0.6193515159406064
31.426424155450633
619.1800454481948
4.002096334359629
4739.388249748497
1.0999847137779573
23.218487831617928
1.1713052058343658
45.09704213919262
1.3046769452169027
1.396932338378481
1.0999837031459796
0.9100495336823293
1.0847894649005703
56.888279582618566
0
0.0008424925748861386
0.0008563760960177329
0
0.008997234725848853
0.007814051451853397
0.007617481630248263
0.006628911196306926
0.006683605526083117
0.009693667585191483
0.006519740646357816
0.010318947263068062
0.005502981549473715
0.007399824659058587
0.009346465987757666
0.0176077746092138
0.007708762904325912
0.008939796048185268
0.008158248840649255
0.009363468566105853
0.005671874477679609
0.012049476006443927
0.01838721359981975
0.01268885418907258
0.007798421450054867
0.0019006247764626544
0.0074394194326084595
0.022884120573045317
0.07161834286236679
0.04144357286611885
0.11312281283904939
9119824745802684e-20
0.010100868049461673
0.21908038478576508
4806100965201172e-21
0.07344583883309526
0.010920054078475114
0.0012694187666267408
5486347659618199e-21
12044231674276362e-22
0.10141557412690123
0.08834991939082021
0.004142229025162783
0.040413856880492434
0.020227748869418537
0.005780817198195615
0.01209646085251607
0.00048285496454347163
0.31239753469456844
15699130001615702e-25
0.07822464371707742
0.00034189998125320554
0.009622441036247906
0.010908154858375608
0.00015705863649160718
0.00017087142689431077
0.3193549711230743
0.0003934876117868827
0.05648616885577369
0.23473064806883912
1317922621585767e-21
2586165119224859e-21
0.00014472373424587867
12571453413962152e-21
0.0005944411499524858
17003037370536976e-21
14432276550734728e-23
10044039546006328e-22
19076941927792188e-21
0.07605627833525934
0.07685269484092529
4349963963245003e-20
0.00021267758231524695
0.01960135110617985
0.008156399435614633
0.090757335998986
0.020177749539349685
27828769893859424e-21
0.13584178230312885
0.03856244175778494
5573478097054996e-22
0.2664297461642158
4458963319211219e-22
0.0037634091159743947
0.0009824710161575013
22994565953043893e-28
0.27188189157034787
0.31868167564907496
0.01808784470959886
0.26108237291659636
0.3171816587711702
0.0074009969434200235
0.18866231243387468
2233218459266913e-25
46306149954844305e-22
0.0006293834441835329
9120571077325922e-20
0.1300269911823557
8645599634871853e-22
0.00011181326111243421
0.16050412528033603
0.0009290901176096828
0.011844866870723898
12200729082000029e-21
0.13682296394941262
0.09631087375666929
0.02122696549883774
31468974717760366e-21
0.00015344711044957169
12006679436758242e-23
0.013670505697513526
0.16170140545543654
8333314510710992e-24
11103287350242708e-21
9106327460192475e-21
9650137734556395e-20
1058639344334347e-20
0.2915568724748379
0.16046411775219288
0.0051533271890804155
0.001548164463714469
0.04175435263032809
0.00588099160699902
676036153028551e-19
0.028366562633055318
8323620982124095e-20
0.0007209254902358998
0.08069781128607613
9970377941308133e-22
0.32033924011368414
0.32024352218265983
0.0018278745855189891
0.0005370617460697303
5829910091211985e-24
0.0010307113117126003
10390421287043805e-24
0.010272212552202144
0.02926980371590331
0.0009038447757558093
0.000337624719816934
0.00015454765270354586
2618180397999653e-21
0.0061210565525884365
0.030582478172560188
0.021443941155742493
11257175934235718e-24
0.3173538470945424
0.06719492029283326
0
0
8177865039942998e-20
6661697965211109e-20
10336381003996722e-22
7596603792836951e-22
0.00019348041110524693
0.00974767249801534
0.005388816200107426
15204233649392142e-24
0.0001314974187402148
7328725970758442e-21
0.056331651306899926
0.013395989419054462
0.09997811456769097
38456356959199056e-23
0.06055748892085431
0.007685228603415149
0.00012014250517113581
0.12294138552159076
0.0002964195601982241
1854955945723548e-28
8514771035245676e-20
373615557320511e-20
0.0001247146864321816
0.01632993972749832
0.003902854541205652
0.0001635491595385777
0.00015211347640167058
379987450960491e-23
0.0005144611609699812
0.022912729732611603
13135133549297267e-24
0.0018056648527813054
0.001800611206772397
4418722729867635e-20
0.10757927419623362
4337225972579192e-20
0.29666608449530185
0.0019104356774092227
0.17987024360017714
0.0033019297294543913
0.0007008442680271747
0.0005692662963091478
44751074339089584e-21
0.31402270375624286
12101979933195034e-21
21567592310710104e-21
0.008297136651925552
0.006441513138511047
21715984727234476e-24
8722956781666827e-20
0.0030550115725307826
0.1312510672268255
0.03020406077204094
0.00010011207132040354
0.02298920914241567
0.00035411209321132946
0
0.11198638171918146
0.012329565796366355
0.3053148748229013
0.2887943935409167
0.29804498565186954
0.05216358270940174
0.029665999635750343
0.319222326922379
0.30257597461685426
0.3183260343670811
0.28511804839863425
0.2075338914483883
0.0007651655136205283
0.015722183076421297
0.1394253860726861
0.26000595434231016
0.13547856145562504
0.0002992265878792831
0.026976558815427
0.24611530319026056
0.11359045410035455
0.16413846390535644
