1.151777696240974
4751614420936319e-25
0.0012021053531587691
0
0.0040520441231623825
2974539562136408e-23
0.0041604260231280395
0
0.004357350330986326
0
0.04894749108851753
0
9.154698597487277
0
8.588178214131013
0
31.379556698899318
24.24445524347884
0.04402118499250451
2.6632473365357057
16430216471969876e-70
19.20382255073926
2.354984583416318
8529477849302949e-21
0
0.019643593183303377
0.0005376155137619137
0.009425786730439362
0.006933500561806672
0.08399785708683258
0.08274165990939139
5372057111659442e-20
3624786829055981e-22
0.014642024561540035
5985404495234123e-20
8605180246945988e-21
2594582923135537e-27
0.022577766538160085
0.025816079430188578
0.9271431868160764
0.763504102307351
0
0.14938186084138136
0
4.021699084621496
3.8735496757650307
4.468310875628347
0
5.532027832579822
0
4.432396620125796
0.3783903607433271
22.511960767000303
21.64477713102976
0.6858963067073074
45.516483724374794
39.37456053326775
1.453721491866769
0.0007997695593578417
0.01863770404492398
0.28525597032831834
34.71089765342191
0.09267121292109104
0.35322491427516817
2.316059240450981
1.613860049882942
34.075149724076816
0
34.03508170199581
0
15.115605666831405
0.00023523001935331852
0.00023519849405781475
0.10198491590039106
6.3617173346774125
1.273199041693154
2.3742264289958226
0
0.0003698145854136474
0.21608542571643133
0.06874771546512821
0.02941978519111834
0.011163869493668646
0.00016761217637555599
0.00012169195885806044
0.0015477028041103237
2.006269362708504
0.4393267415790265
0.04488315560499621
0.13932852649571498
0.005321281919601084
0.06645965224765267
0.007489513264950309
24013959771251178e-21
0.05367522480226997
1.027057052319336
0.01859503676823941
3430484044338498e-23
0.00035824547962411233
0.0008470848151729064
0
0.8715108535849377
0.4956932741980565
0.05243593529376181
0
0.39478936302025674
0.021682574400897
0.07004875065443042
0
0.00036333107586659035
0
0.12606897926460714
0.6951670337698004
0
0
0
0
4789541605356132e-20
0.38420550088796895
4598207998293362e-20
0.0006341076507595473
0.38887752152427635
0.3283522318452515
0.17609772886822453
0.550658631468919
0.0006961079132328464
0.6086930139687183
0.0009634811059185315
0.44384198440979017
9565913592320192e-22
9847044141759356e-20
0.3811690623645843
0.010327974195046581
14510139741382806e-27
0.19221280510539335
0.061680846143957246
0.21330740363980308
0.020621649063985
0.032113394162781396
0.1270987538898028
0.2561174998853583
0.2518882202139306
0.16770948525978843
0.2579911700847987
8810230146834414e-28
0.19027174593935
0.1903262223844979
0.4581969245382591
0.5577846765455823
0.00042508539592209146
0.5577495915547322
0.5530960699650316
11.61747114195093
2.10086988654827
2.8056196774237607
0.10071699315395873
0.4846387963479192
2.623850267337595
4.206403450073115
0.6218271139636875
5.067527817745251
7.115249653299672
4.949895573733859
2.4760074066040345
2.898623556074756
0.6197806888861284
31.43211327516314
619.1788119968819
4.002095708006524
4727.668106142212
1.0999846672241664
23.218486080351255
1.1712708914974517
45.09601867340121
1.3046916562415622
1.3969319191115888
1.0999836565812646
0.9095741616050199
1.0846706951149685
56.50697925968713
0
0.0008415749382101048
0.0008562462769766526
0
0.008989252340808065
0.007803054560449119
0.007601411794784796
0.006601465380766003
0.006668742427083042
0.009687681002636962
0.006496920444160419
0.010317915060551266
0.005480712545623505
0.007384583237123645
0.009335886145368044
0.017599763091561707
0.007690291789614366
0.008931893247904322
0.00814177226081592
0.00935581649665463
0.005673937758934384
0.012038771107377267
0.018356508366274036
0.012675805559294337
0.0077896403208765575
0.0019006121160700317
0.007439224214355867
0.022882239173835785
0.07159871950997825
0.04143725871282049
0.11307077485880954
9119821836932455e-20
0.01010050704525293
0.218839720290038
4806100884422981e-21
0.0734251490441481
0.010919631738229373
0.0012694131231234394
54863475543553e-19
12044231623546373e-22
0.10137449719514206
0.08831934160104682
0.004142168734981065
0.04040786042408979
0.020226283606511658
0.005780699550838473
0.012095941895644181
0.0004828541487505911
0.31164499904096454
1569913000152951e-24
0.07820101689215149
0.0003418995722992529
0.009622113603867366
0.01090773344394628
0.00015705855021206928
0.0001708713247698121
0.3184592246975903
0.000393487070080325
0.05647420856394756
0.2344423612854611
13179226155116044e-22
2586165095835424e-21
0.00014472366098745987
12571452861270143e-21
0.0005944399133791679
17003036359499087e-21
14432276543450626e-23
10044039510726755e-22
19076940655071917e-21
0.07603401096220862
0.07682993335351397
4349963301487422e-20
0.00021267742409746183
0.019599976223882005
0.008156164578978537
0.09072495589973634
0.020176291598891272
27828767185490495e-21
0.13576390196261415
0.038556994874266365
557347808619177e-21
0.266017118391864
44589633122581906e-23
0.0037633593708081975
0.000982467636791756
22994565953043708e-28
0.2714426912328852
0.31780882614831346
0.01808667607367694
0.260694044182829
0.3160743854104756
0.007400803745112775
0.18849614842260023
22332184592651695e-26
46306149204974964e-22
0.0006293820579059744
9120568167979549e-20
0.12995633195564454
8645599608732391e-22
0.00011181321738557773
0.16039048724949756
0.0009290870956772753
0.011844369424480696
12200728561424691e-21
0.13674382194061765
0.0962741101657358
0.02122534995462371
3146897125448677e-20
0.0001534470280927088
12006679431716834e-23
0.013669841661646006
0.16158580443554205
8333314510468143e-24
11103286919106365e-21
9106327170193138e-21
9650134477531887e-20
1058639305141458e-20
0.2910013314002287
0.16035054493066248
0.00515323376416568
0.0015481560669418897
0.04174794089514763
0.0058808698327722925
6760359931907654e-20
0.028363652398757752
8323618559020461e-20
0.0007209236711802779
0.08067257898328736
9970377906544132e-22
0.319350700524878
0.3192416712350656
0.0018278628767615308
0.0005370607367657854
5829910091093126e-24
0.0010307075921329415
10390421286666255e-24
0.010271839121318873
0.029266701756753773
0.0009038419158997696
0.00033762432102845845
0.0001545475691609933
2618180374027537e-21
0.006120924596858097
0.030579086264039462
0.02144229198403127
11257175933792554e-24
0.31625007186523973
0.0671777504576369
0
0
8177862700962781e-20
6661696413149358e-20
1033638096663357e-21
7596603772655829e-22
0.0001934802801640487
0.009747336438074475
0.0053887140137978806
15204233648583732e-24
0.00013149735826103556
732872578292775e-20
0.05631975878727091
0.013395351991436634
0.09993828021748084
38456356907480966e-23
0.06054366783914415
0.007685020211686667
0.0001201424546865097
0.12287895021459867
0.00029641925282409545
18549559457235468e-29
8514768499566544e-20
37361555243896135e-22
0.0001247146320316363
0.016328989203192788
0.003902801032702298
0.00016354906597990942
0.00015211339547026458
3799874509554414e-24
0.0005144602348495792
0.02291084356097774
1313513354869391e-23
0.0018056534271237165
0.001800599845047059
4418722047023708e-20
0.10753261569300004
4337225314691679e-20
0.29607275514776227
0.001910422885830499
0.1797219782304887
0.0033018914564983104
0.0007008425489386076
0.0005692651622896236
44751067335266586e-21
0.3132461496970028
12101979421012425e-21
21567590683963095e-21
0.008296893580571408
0.00644136695002441
21715984725585306e-24
8722954120471044e-20
0.0030549788189927016
0.1311789238507923
0.030200753828745076
0.00010011203626712086
0.022987310182389944
0.0003541116545151432
0
0.11193547481514897
0.012329026497365073
0.30464527077844994
0.28825766556749316
0.2974406751165739
0.05215344062604989
0.029662811578122207
0.31816702107072553
0.30193264802990527
0.3172444349370445
0.2846048869344074
0.2073240255101273
0.000765163464355833
0.015721302624756295
0.1393428360904062
0.25962232508301597
0.13540114496974948
0.0002992262746550514
0.026973931282824534
0.2457873115139957
0.11353794639998553
0.1640187977701039
