1.1523605434159445
429142525025441e-24
0.001151686574270671
0
0.003952797072021958
29017669277637534e-24
0.004057891812469669
0
0.004248818818675109
0
0.048386398841282194
0
9.151640665103166
0
8.581927247058942
0
31.388641525304543
24.260756041928907
0.04322960292025014
2.643302457886643
1283881451179659e-69
19.221035272452312
2.354912920634824
8172898486517909e-21
0
0.01944954990870875
0.0005324141720326854
0.009369372857834775
0.006933455574868087
0.0834563330530114
0.08224658325996402
53172475390471636e-21
3543814068588077e-22
0.014546891563000314
5924318452421873e-20
8502705057148328e-21
25384307707625724e-28
0.022354799618936255
0.025561436327511497
0.9396745632686139
0.7750039599391431
0
0.15088741911720518
0
4.024588079855638
3.873941604231726
4.4680903536409815
0
5.532014497521084
0
4.432374350885668
0.38234352796780907
22.510632099043413
21.64364004351178
0.675626349725049
45.49403953003777
39.387696528500385
1.4532757639151164
0.0007990330195904258
0.018643925590338162
0.28536410827817854
34.7112243097453
0.09353443364013657
0.3533301795940068
2.315692295202639
1.6136692277231857
34.08115486355534
0
34.04115149628936
0
15.117151025043402
0.00023548670489360733
0.00023545499987731128
0.10200842261895697
6.361644831898294
1.2731751327212308
2.373943446921206
0
0.0003699717831410076
0.21886879725180208
0.06874117557736954
0.029414136095556882
0.011173431827093093
0.0001677687896050301
0.0001217845307657312
0.0015478884633990224
2.0063309171066965
0.43928597051502066
0.04459995578039413
0.13927928439611087
0.005324012524516524
0.06645028157535096
0.007490985177070927
2353365676810508e-20
0.053651260815487246
1.026343998922353
0.018587756330188093
33421687950122954e-24
0.0003511905372240373
0.0008467805321680319
0
0.8713162758588893
0.4955702565685811
0.05247069100193114
0
0.3946222742808362
0.021672108309993852
0.07003910621857136
0
0.00036315286281784196
0
0.12606504739401833
0.6949331352846853
0
0
0
0
474027928985276e-19
0.3841423252294695
4508637093947392e-20
0.0006267938469447123
0.38883481582281537
0.32818477992882744
0.1760913734449374
0.5505989957938521
0.000696451708665722
0.6088105924899918
0.0009643216707382997
0.44422329501566254
9565697324859872e-22
9850222827961944e-20
0.38113327980915584
0.010261357052761093
14285931806614988e-27
0.19216592953710984
0.06157621355006708
0.2132791382222808
0.020625343971058047
0.03212450369413042
0.12687126453132555
0.2558093400439634
0.25186061328395776
0.1677528595948815
0.25794859499610556
8673307997869173e-28
0.19016930689601474
0.1902236517872932
0.45814916429088676
0.5577490035612419
0.0004248615141762216
0.5577142315068768
0.5532547651949168
11.617495343990907
2.1009146490414055
2.805643307684426
0.1006931454522624
0.48463971495840297
2.623945711932256
4.206460022404081
0.621723774565535
5.067420187537007
7.115116787743771
4.948917055001233
2.4760196964161407
2.8985961243714526
0.6198523295958734
31.433065628020035
619.178606421902
4.002095603614349
4725.717568605539
1.0999846594652016
23.21848578847349
1.1712651725390342
45.09584809802753
1.3046940917426086
1.396931849229463
1.09998364882048
0.909494942522971
1.0846509014145895
56.44269697281291
0
0.0008414216737896652
0.0008562239447500517
0
0.008987909588952786
0.007801233418467614
0.007598748751706833
0.0065969121212958596
0.00666630242515429
0.009686697194600295
0.006493134897980457
0.010317757111229842
0.005477019343499297
0.007382055905895474
0.00933413834421018
0.017598455814978334
0.007687228683319526
0.008930590803551212
0.008139042551627854
0.009354556271469435
0.0056742825547567615
0.012037007006750346
0.018351422448005673
0.01267365181091225
0.0077881901094366485
0.0019006100060127936
0.007439191678478482
0.022881925622339316
0.07159544947402896
0.04143620644746873
0.11306210418972094
9119821352120841e-20
0.010100446879139205
0.2187996352517324
4806100870959949e-21
0.0734217013126788
0.010919561349776487
0.0012694121825419951
5486347536811483e-21
12044231615091372e-22
0.10136765265757781
0.0883142463317464
0.00414215868670276
0.040406861101194604
0.02022603940634666
0.005780679943178395
0.012095855404996785
0.00048285401278524504
0.3115197527931857
15699130001515144e-25
0.07819707978185281
0.00034189950414030833
0.00962205903288719
0.010907663209790901
0.0001570585358321509
0.00017087130774906826
0.3183101780826784
0.0003934869797959712
0.05647221542820175
0.23439434792270364
13179226144992442e-22
2586165091937185e-21
0.000144723648777727
1257145276915481e-20
0.0005944397072838649
17003036190992775e-21
1443227654223661e-22
10044039504846826e-22
1907694044295188e-20
0.07603030036724204
0.07682614042773461
43499631911945016e-21
0.00021267739772784242
0.019599747086208395
0.008156125436863325
0.09071956033979559
0.020176048619056784
278287667340957e-19
0.13575092624753393
0.038556087135148784
5573478084381232e-22
0.265948409252989
44589633110993526e-23
0.003763351080011092
0.0009824670735652618
2299456595304368e-27
0.2713695601856154
0.3176635838359035
0.018086481308364113
0.26062937890523874
0.3158902160243755
0.007400771545885226
0.18846846865254657
2233218459264879e-25
46306149079996735e-22
0.0006293818268600115
9120567683088576e-20
0.12994455915152445
8645599604375814e-22
0.00011181321009776997
0.16037155540139092
0.0009290865920228297
0.011844286518804602
12200728474662139e-21
0.13673063605715557
0.09626798426507578
0.021225080709209018
3146897067727454e-20
0.00015344701436656926
120066794308766e-21
0.013669730992137375
0.16156654563528924
8333314510427667e-24
11103286847250309e-21
9106327121859916e-21
9650133934694576e-20
10586392986093098e-21
0.29090884418968166
0.16033162394374528
0.005153218193511224
0.0015481546674842208
0.04174687236834433
0.005880849537312985
6760359665511381e-20
0.028363167388736826
8323618155169924e-20
0.0007209233680047871
0.08066837436659507
9970377900750133e-22
0.3191862407624765
0.31907500105561387
0.0018278609253092463
0.0005370605685486457
5829910091073317e-24
0.0010307069722043033
1039042128660333e-23
0.010271776884158184
0.029266184795523943
0.0009038414392579761
0.0003376242545637583
0.0001545475552372389
26181803700321846e-22
0.006120902604512938
0.030578520982528532
0.0214420171344105
11257175933718693e-24
0.31606648292379363
0.06717488924500933
0
0
8177862311132811e-20
6661696154472435e-20
10336380960406377e-22
7596603769292309e-22
0.00019348025834052426
0.009747280429210756
0.00538869698293468
15204233648448998e-24
0.00013149734818117506
7328725751622634e-21
0.05631777694477648
0.013395245756449216
0.09993164270231936
38456356898861283e-23
0.06054136463222262
0.007684985480281301
0.00012014244627240742
0.1228685474132114
0.000296419201595105
18549559457235465e-29
851476807695343e-19
37361555162536977e-22
0.00012471462296488107
0.016328830787854357
0.0039027921146897286
0.00016354905038680327
0.0001521133819817011
3799874509545998e-24
0.000514460080496341
0.022910529214134733
1313513354859335e-23
0.0018056515228544808
0.0018005979514331392
4418721933216397e-20
0.10752484124345811
433722520504377e-19
0.2959739823563715
0.0019104207539090386
0.17969727922015616
0.003301885077715427
0.0007008422624242563
0.0005692649732865891
4475106616796286e-20
0.31311691085039073
12101979335648658e-21
21567590412838606e-21
0.008296853069371373
0.006441342585599194
21715984725310444e-24
8722953676938492e-20
0.0030549733601038286
0.13116690381065288
0.030200202706731065
0.00010011203042490827
0.022986993704302787
0.00035411158139916503
0
0.11192699258127842
0.012328936616491606
0.3045338129669514
0.2881683079360502
0.29734007588649364
0.05215175047054835
0.02966228026849397
0.31799147625307306
0.3018255599930771
0.31706452599758306
0.28451944986296085
0.2072890684924563
0.0007651631228122507
0.015721155887605826
0.1393290825126025
0.2595584419264868
0.13538824652371145
0.00029922622245104466
0.02697349338560622
0.24573268874680143
0.11352919747666393
0.1639988618979359
