0.0005140149131060387
32.469730019873175
141.7834802874895
0
177.66002567870248
0.005579891872575902
208.38076581384183
0
95.97840857672516
0
515.099610876001
0
29.439525128179678
0
34.16465192690252
0
27.74759526219758
18.07385398913892
193.59228715833157
430.62162340386135
1.8398241018043586
50.4850041336983
1.396420838669866
1.1047626962301385
0
6.451071261064375
0.6465217779249745
6.991323412732924
0.006539397699196227
3.0418972152710646
51.448459873359795
12.627053348115858
26.210076489477284
0.43763127737910223
26.120091035522222
1.5303882091018062
7265525528505475e-21
44.9047597230263
60.98266758404327
49.5046473739587
46.75665064766245
0
2.6825600008134844
0
209.59738032074745
36.49213419497538
4.82492110432916
0
16.194258217405693
0
3.4431866661196473
11.073562617601013
33.12123059862305
32.786122262944744
18.370347594120634
143.50066147326115
315.2566772267469
1.8447264383381636
0.11649364070761796
0.053452571146545835
16.342743735366536
51.40444390672141
1.0011546729470853
2.067607164527594
0.00705898149808339
0.012645340613776307
331.53896884798144
0
275.464690068755
0
7.002170972704312
0.03761615207003654
269.23846410837183
11.763449359625662
5.235478536694469
0.973635488764462
2.9927903760102774
0
6328491737173316e-20
4.346159901566867
0.0732864657694164
0.001936689775543397
0.046166508989908886
0.007833143342811849
0.0006016970728499711
0.0017343647221188905
0.18056367813308719
0.6787249688569192
0.7735613801300004
0.10260059207956883
0.010189605458767955
0.0859847661621415
0.017486041349699846
2.2791832508334506
0.02442556805794219
3.1072436022146364
0.01214355301310888
0.025973930976151503
10.272256768362785
0.00047029122561524883
0
1.2641355131512229
1.5394212268239396
0.21863339512047256
0
2.7412965762936987
0.0018736466681531956
0.04839593059279114
0
0.0038098696446362615
0
0.13421984469184214
1.2389712095168506
0
0
0
0
1.4226752719852096
0.5660667001242655
1.2087464748945567
5.871775241545068
0.29683354235403764
1.122298891677891
0.09979831795461919
0.35474218954453474
0.009697096301057055
5.488139591724216
0.0037032787272153448
1.623658640574483
9047768413302425e-22
0.05569113238146101
1.8488632156742197
0.2525143093712294
0.512988513866217
0.0203924172461325
0.8716982672783716
0.19969968623866693
0.0004154155239365385
0.016917225327978902
0.9979848851720532
2.324261079115226
0.1333231687171177
0.0819479554268172
0.2241767790172882
0.022661928170530688
0.2712138724844389
496.75504803349463
0.37938085679256045
0.6326378861211969
0.15437428066838527
39.83502525820315
0.22436487307769265
6.6623927390767745
1.9905868444819583
2.8117552594748005
0.18442447426498917
0.29383896648273045
2.396116827032351
4.2263275988596565
0.9238847307965505
3.634044434118478
3.520294373790467
4.288170762737131
2.184435459959039
2.464537348174303
0.23551299866881528
28.98526417351008
619.5850053860877
4.002301913032665
10681.82424828519
1.0999999931572457
23.219062616465195
1.1826218901549168
45.434208589719546
1.2159600616631951
1.39137969606303
45.5449390651668
0.23821987484235824
1.1244811893103561
50.22130391128419
0
0.0008443122898300275
1272681473842408e-21
0
62956896207398454e-31
0.019246345583524425
0.03127508734323492
0.053656976448099795
0.02581543037739775
0.028267528576400233
0.041141515131557144
0.031218258105212966
0.04503702559608094
0.02989179014476998
0.027551579786668744
0.04250750158112014
0.03249295757962446
0.025142982934516413
0.029123430408644322
0.025147269969774896
0.03198089084165687
0.03374100113160877
0.04696535243370602
0.031034337167434395
0.02371428315619049
0.0019047845633455897
0.007503768951099987
0.023510041112638512
0.07835829917061747
0.04356877466065207
0.1315633212690447
9120779507052212e-20
0.010220051883771836
0.3142469507767519
4806127477229564e-21
0.08056123440803045
0.011059555250081534
0.0012712723591461483
5486382207731458e-21
12044248324216741e-22
0.11583758736005391
0.09897991012425608
0.004162064158934132
0.042430796512351154
0.020714438345261606
0.005819559505034022
0.012267994543157652
0.00048312278782681545
0.6894189124946256
15699130029903916e-25
0.08637779927150999
0.0003420342291699849
0.00973051077393733
0.011047349247944493
0.00015708695658737414
0.00017090494815158084
0.8028528247717154
0.00039366544388252136
0.06055167693449501
0.3513479060960529
1317924615169097e-21
2586172795809022e-21
0.00014474778016394603
12571634812576485e-21
0.0005948471407818039
17003369203341805e-21
1443227894142538e-22
10044051125009156e-22
1907735964788501e-20
0.08372841303571818
0.0846995306674128
4350181162052448e-20
0.0002127295168348143
0.02005784727244023
0.008233847489095473
0.10203406656386704
0.020661992174588445
278296588133241e-19
0.16397454728858793
0.04039236412472819
5573481662441317e-22
0.4431057431587905
44589656012431506e-23
0.003779771394589986
0.0009835807753358719
2299456595310469e-27
0.4621939455046809
0.7839650184314744
0.018475507225103813
0.4255437276025045
0.9994861171699277
0.0074646791951571735
0.25193061323728067
22332184598393492e-26
4630639606775289e-21
0.0006298385949661332
9121525994862117e-20
0.15542209242436314
8645608214025914e-22
0.0001118276134899552
0.2025070420731854
0.0009300824677087729
0.012009265990892436
1220089993958945e-20
0.1654363077746125
0.10916795799386549
0.021763896740397026
3147011140845926e-20
0.00015347414292390133
12006681091382834e-23
0.013890198718437682
0.20448034010950542
8333314590416749e-24
11103428853046515e-21
910642264045965e-20
9651206771687918e-20
1058652207787253e-20
0.5452294243208482
0.20244128117282117
0.005184081569205022
0.0015509228037641812
0.04391282931469955
0.005921095274715028
6760886149257385e-20
0.029338035207354507
8324416299434638e-20
0.0007215227647770014
0.08942050715008203
997038935109595e-21
0.8833883114712668
0.8955647936426787
0.001831721534662388
0.0005373931090276818
5829910130222145e-24
0.0010319328286748977
10390421410957754e-24
0.010395511471597754
0.03030585677385817
0.0009047838891131749
0.00033775563037511693
0.00015457507438111176
2618188265824334e-21
0.006164519371713656
0.03171629984007864
0.021992120916023084
11257176079685246e-24
0.9957833745697596
0.0730740059314009
0
0
817863274540489e-19
6662207382038921e-20
10336393266845467e-22
7596610416421794e-22
0.00019352339169072485
0.009858597973631448
0.005422459348893451
15204233914719846e-24
0.0001315172699236854
7328787618337998e-21
0.06037370353565265
0.013606844745047987
0.1139483241985184
3845637393343167e-22
0.06526843866228904
0.007753930383140842
0.00012015907571716325
0.14524596507585735
0.00029652045971276047
18549559457239284e-29
8515603303292005e-20
37361715948196755e-22
0.0001247325423455967
0.016644916571626905
0.0039204560905479816
0.00016357986902557902
0.00015214004096954898
37998745261775746e-25
0.0005147652101116503
0.02354024896537561
1313513374732333e-23
0.0018094187403605824
0.0018043440785710534
4418946849620182e-20
0.12404028390041832
4337441901156079e-20
0.572306717114853
0.001914638591561116
0.23577669192719533
0.0033145151726597486
0.0007014087125295113
0.0005696386113501323
44753373100966094e-21
0.7077570257455725
12102148036205216e-21
21568126226843754e-21
0.008377300281171467
0.0064896728850911195
21715985268502998e-24
872383024820367e-19
0.0030657805013631365
0.15720702883695603
0.03130922033801569
0.00010012357671084666
0.02362101250957888
0.00035425610566817696
0
0.130009543078011
0.01250784795545102
0.6276256442305829
0.5317955061186738
0.5802077097330302
0.05560113125801893
0.030731071737569653
0.9464258944044649
0.6084394242110809
0.9727694979879535
0.5149908413219729
0.2892691218306627
0.0007658383929120787
0.016013833531943435
0.16934016375439906
0.42213252793799944
0.16343480820111805
0.00029932940793173085
0.027852908420452495
0.38126125934308935
0.13220445753951637
0.20852914336990747
