1.1581890151656493
154954296992049e-24
0.0007503350782036151
0
0.003109050392211565
22830407966985016e-24
0.003186879440361625
0
0.00332790783833448
0
0.04326325674440454
0
9.120992577816015
0
8.522135515935226
0
31.478849417473413
24.417690037090363
0.03626192701806884
2.4447540125138207
11788273622599101e-71
19.396049580199676
2.3542233757842506
5331191189932456e-21
0
0.017611059663370583
0.00048289468695309384
0.008825796785378778
0.006933006674618327
0.07823792049448033
0.07747618900691998
4812652692559422e-20
2848693227785315e-22
0.013630645132498865
5361884536713979e-20
756940433133082e-20
20547874220505527e-28
0.02024219908028418
0.02314816584022056
1.067011590389205
0.8934932128500408
0
0.1672893730289595
0
4.055665803832177
3.880214083334459
4.465884690415844
0
5.531628897165068
0
4.4321508748632965
0.4213572420864144
22.508589675953235
21.644355004308416
0.5862550648824506
45.268652166437
39.525648329576796
1.448928852124438
0.0007914313731474741
0.018707880516968582
0.28651203163829897
34.71468245399943
0.10289856050706202
0.35437263960523363
2.3120611992733866
1.6111117432769644
34.14072201201462
0
34.10098118975725
0
15.132355787598438
0.00023813715558344557
0.00023810353647660433
0.1022749660073545
6.360908646205104
1.2729249026520544
2.371115399111469
0
0.00037163884973408695
0.24698214172039554
0.06867977024976797
0.029358964271021228
0.011269197926419637
0.00016948427929243355
0.0001228009917930889
0.0015494601313473862
2.006948585072517
0.4388735519160451
0.04186866447268963
0.1388394944748128
0.005353380074261036
0.06639474716152802
0.007510700964753326
19255140319102906e-21
0.05343860599968048
1.0195194651091306
0.018520226939512725
25786698189412757e-24
0.0002882467549182657
0.0008441936802198351
0
0.8694085120892405
0.4943441212081064
0.05281880927725756
0
0.39294715383589496
0.021557176759688636
0.06994157745335003
0
0.00036136997785885346
0
0.12602573607460507
0.6925969455290603
0
0
0
0
42882825737029263e-21
0.38350745742020176
37086119256047275e-21
0.000557928271962365
0.3884072373568806
0.32651806495751085
0.17604092831826562
0.550004255390112
0.0007000350426370277
0.6097496077645757
0.000972646203664951
0.4479951026612689
9563551401588062e-22
9884119069420543e-20
0.3807903706930009
0.009619472085567831
12224079273312966e-27
0.1916650511053827
0.06053453784541563
0.21299595201902816
0.020662158150184358
0.03223568218057968
0.12460829615383917
0.25274009179860013
0.2515861703379023
0.16818683043428545
0.2575253371115732
7414801209053566e-28
0.18915709889924517
0.1892102613160595
0.45767287104271864
0.5573918135331368
0.0004226441151589702
0.5573601555934075
0.5548435424675544
11.617793282740141
2.101357687704097
2.805873186582123
0.10045371859215778
0.4846509368120293
2.624890255011952
4.207009766887168
0.6206851984158346
5.066450817863207
7.113949356739199
4.93919202658323
2.4761353655120253
2.8983629755289666
0.6205702180474522
31.442623172911034
619.1765506758568
4.002094559692753
4706.256399817254
1.0999845818755551
23.218482869696032
1.1712079844906542
45.09414237977637
1.3047181965776122
1.3969311503410582
1.099983571212628
0.9087029046105917
1.084452984270315
55.790953327761144
0
0.0008398841725165197
0.0008559897414195399
0
0.008974290614159301
0.00778319084905103
0.007572343311400366
0.006551696073150103
0.0066424781479518975
0.009677063267429856
0.006455546019389016
0.010316377930389191
0.005440362807169858
0.007356972206282191
0.009316887105863618
0.017585790330399666
0.007656825480771184
0.008917780714754749
0.008111987089678158
0.009342174918084938
0.005677742791810442
0.012019657857198286
0.018301027297872682
0.012652421474478402
0.007773882464983017
0.001900588905569255
0.007438866327530894
0.022878790343674814
0.07156275732755803
0.04142568526351726
0.11297543405979898
9119816504006113e-20
0.010099845237713274
0.21839918847923215
4806100736329635e-21
0.07338723290072291
0.010918857490202159
0.001269402776765883
54863473613733235e-22
1204423153054139e-21
0.10129923269366531
0.08826330980338039
0.004142058205260363
0.04039686923142062
0.020223597566848845
0.005780483870235491
0.012094990532536386
0.00048285265313388994
0.31027005540027836
1569913000137149e-24
0.07815771957920126
0.0003418988225516101
0.009621513340107342
0.010906960893109444
0.00015705839203303956
0.00017087113754172308
0.3168235432096709
0.00039348607695357293
0.05645228793922326
0.23391475478063242
131792260437564e-20
25861650529547927e-22
0.00014472352668045503
12571451848001518e-21
0.0005944376463347656
17003034505929777e-21
14432276530096442e-23
1004403944604754e-21
19076938321751646e-21
0.07599320437571812
0.07678822146708074
4349962088265451e-20
0.00021267713403182818
0.01959745585680017
0.008155734026042602
0.09066562238578708
0.020173618981645266
27828762220148142e-21
0.1356212372860676
0.03854701091927889
5573478066275856e-22
0.2652622931808926
44589632995109715e-23
0.0037632681730445992
0.0009824614413180789
22994565953043372e-28
0.27063933248525485
0.31621480646905237
0.01808453377058466
0.2599836076870129
0.31405441398145445
0.007400449561314677
0.18819189440895454
2233218459261973e-25
4630614783021453e-21
0.0006293795164050473
9120562834180272e-20
0.12982688975209172
8645599560810045e-22
0.00011181313721971857
0.16018235978196976
0.0009290815554933901
0.01184345749395979
12200727607036631e-21
0.13659884713390472
0.09620674669281855
0.02122238844290201
3146896490515281e-20
0.00015344687710524158
12006679422474254e-23
0.01366862434632811
0.16137408383372343
8333314510022918e-24
11103286128689778e-21
9106326638527709e-21
9650128506323142e-20
10586392332878316e-21
0.28998558724980167
0.16014253682587107
0.005153062489554237
0.0015481406729771084
0.04173618860437127
0.005880646586572167
6760357001549232e-20
0.028358317744648157
8323614116665631e-20
0.0007209203362568918
0.08062634025063271
9970377842810136e-22
0.31754629410639207
0.317413077621315
0.0018278414109009881
0.000537058886380146
58299100908752195e-25
0.0010307007729384295
10390421285974082e-24
0.010271154533291162
0.029261015685431564
0.0009038366728538656
0.0003376235899174766
0.00015454741599976415
2618180330078658e-21
0.0061206826854073035
0.030572868742122502
0.021439268831963246
11257175932980087e-24
0.3142364450329746
0.06714628382038787
0
0
8177858412834124e-20
6661693567703755e-20
10336380898134457e-22
7596603735657106e-22
0.00019348004010541543
0.009746720358273953
0.005388526677263053
15204233647101646e-24
0.00013149724738261256
7328725438571491e-21
0.05629796235508791
0.01339418345291263
0.0998652917919729
3845635681266447e-22
0.060518337381490137
0.0076846381748605285
0.00012014236213141692
0.12276456782499491
0.00029641868930568746
18549559457235445e-29
8514763850823431e-20
3736155434894539e-21
0.00012471453229736493
0.016327246718995072
0.003902702935684814
0.0001635488944558233
0.00015211324709613207
3799874509461839e-24
0.000514458536966506
0.022907385982908632
13135133547587755e-24
0.0018056324802725762
0.0018005790154034709
44187207951434497e-21
0.1074471276558027
43372241085648316e-21
0.2949880649665925
0.0019103994348252844
0.17945047572968734
0.003301821290564351
0.0007008393972871863
0.0005692630832596964
4475105449492726e-20
0.31182745142670276
12101978482011028e-21
21567587701593898e-21
0.008296447968250076
0.0064410989464156855
21715984722561832e-24
8722949241614218e-20
0.0030549187717515886
0.13104676396998596
0.030194692039707483
0.00010011197200280117
0.022983829163062713
0.0003541108502402134
0
0.1118422055866547
0.012328037843794793
0.3034214751855255
0.28727625371501175
0.29633595302367866
0.052134851927781604
0.029656967695597978
0.3162413462794396
0.3007567663848228
0.31527103850500526
0.28366648850862886
0.20693982232852862
0.000765159707384813
0.015719688591426643
0.13919162137614632
0.25892047427982207
0.135259329623547
0.0002992257004114782
0.02696911480439149
0.24518712828265227
0.11344174531412182
0.16379963639986472
