1.1654951739436306
43213819326566996e-27
0.00043853960636401406
0
0.002346449455603691
1723716347289234e-23
0.0024008729086109023
0
0.0024991038973963798
0
0.03787732610152188
0
9.08253372371275
0
8.453410045826965
0
31.589915779743496
24.599936502843764
0.029507388465405626
2.201374309180438
7181364299229266e-72
19.62314228104838
2.353423280994394
3118915085730265e-21
0
0.015549084032804172
0.000426836394572305
0.00819465821384185
0.006932446325925761
0.072177558992762
0.07193716568065946
4273030249823832e-20
22057526484043166e-23
0.012567716843826262
4760292982646799e-20
6592392560524719e-21
16046463916612431e-28
0.017872739617088396
0.020440458611781998
1.2294010205633188
1.048783109351476
0
0.19126930433301864
0
4.099494279241108
3.893985038679882
4.46311908501142
0
5.5305527743803
0
4.431868858999765
0.4682710223070822
22.530653934071044
21.671729904018445
0.5025987958478794
44.98499827587861
39.71551203638099
1.4437670081457081
0.0007814448585852174
0.01879299090707125
0.28811780516833335
34.71940592848362
0.11644795770312043
0.3556844182986151
2.307607408904202
1.606242553230398
34.21662857114358
0
34.176146804067855
0
15.150745193749595
0.00024168360228864162
0.00024164732884688324
0.10268461748533529
6.359956213714634
1.2725812750131942
2.3675748985285963
0
0.0003740073258365987
0.28234487523904844
0.06861301706641058
0.029293242184078975
0.011390463383704147
0.00017199453888828674
0.00012428847007551444
0.0015506978780383646
2.0077267738740874
0.43834564081090405
0.038691410123128336
0.13842466119293562
0.005396047685749185
0.06642167179603309
0.007547996361559963
15031842129359831e-21
0.053241740924054815
1.0116659966080233
0.01844922767278951
18707673802914577e-24
0.00022591229080133499
0.0008421318413365441
0
0.8671155122840845
0.4928153892782652
0.05326056191224154
0
0.3908383883455044
0.02139098641002037
0.069816385764464
0
0.00035914010066253975
0
0.12597647463117392
0.6896758836176603
0
0
0
0
3807659920662315e-20
0.382704450440596
29145204253667537e-21
0.0004817648503768433
0.3878699196308516
0.32444843697342385
0.17601207505265018
0.5492630116162803
0.0007048964010183609
0.6103442307453739
0.0009828558090776102
0.45260903687611664
9560904016350808e-22
9931943709403713e-20
0.3804177199368472
0.008874181750692895
10050824188870203e-27
0.1909703747509647
0.05924098019036167
0.21263961757194363
0.020707956665672708
0.03237522996106463
0.12180281535115842
0.2489243269102647
0.25124626434200564
0.1687311728980653
0.2570008698502356
6089716475930616e-28
0.1879192230949785
0.18797095205963107
0.45707925264719745
0.5569428941453582
0.00041992073589284233
0.5569150917476271
0.5568389200797536
11.618297099473278
2.101902103267291
2.80614728476475
0.10015145226688166
0.48466974884368647
2.6260506432638686
4.207663913048074
0.6193713580715541
5.065486553068765
7.1128537345267455
4.927140669281067
2.476262833477589
2.8981615662329223
0.6214733876859213
31.454614054870913
619.1739737480666
4.002093251107068
4681.9744172728415
1.0999844846146856
23.218479210924155
1.1711363015533505
45.09200430348794
1.304747794508624
1.3969302740937377
1.0999834739289354
0.9077104620509981
1.0842049403709046
54.96134064944615
0
0.0008379458057230141
0.000855668409821605
0
0.008956736377415885
0.007760968105118794
0.007539780521925674
0.006495789921263132
0.006614060839895265
0.009665467978328665
0.0064090745848025795
0.010315105191789636
0.005395086324006951
0.0073259807441778575
0.009295799147026832
0.017570872261569784
0.007619260757680321
0.008902228641765103
0.008078649264467703
0.0093271767615354
0.005682109853513015
0.011998595822306633
0.018238959153385206
0.012626534303413
0.007756406935119413
0.0019005624558807372
0.007438458510757409
0.0228748607874905
0.07152179785552633
0.041412500426752125
0.1128668843665761
9119810426757003e-20
0.010099091113312978
0.2178982518157236
4806100567566628e-21
0.07334404859863154
0.010917975245845217
0.0012693909864505265
54863471414564975e-22
12044231424555535e-22
0.10121353150411172
0.08819950087724697
0.004141932252294017
0.04038434762195583
0.020220537066428325
0.005780238096494915
0.012093906477108422
0.0004828509487767975
0.30871060193897687
15699130001191414e-25
0.07810840840257913
0.00034189796816228143
0.009620829342055265
0.010906080582602538
0.00015705821177685906
0.00017087092418210728
0.31496980606743363
0.00039348494521730594
0.05642731818420712
0.23331495660505192
13179225916854079e-22
25861650040892315e-22
0.00014472337362812063
12571450693309186e-21
0.0005944350628852483
17003032393654555e-21
14432276514878391e-23
10044039372340929e-22
19076935662765815e-21
0.07594672903522472
0.07674071538097389
4349960705712218e-20
0.0002126768034816702
0.01959458411244041
0.008155243407730736
0.09059805488568334
0.0201705737737651
27828756561784685e-21
0.1354588433856261
0.03853563663652788
5573478043580239e-22
0.2644047263390396
44589632849845995e-23
0.003763164249331637
0.000982454381178105
2299456595304299e-27
0.26972674558675885
0.3144080509393701
0.018082092771558624
0.25917637418259415
0.31176824429696187
0.007400045964081118
0.18784577374412872
22332184592583303e-26
4630614626357624e-21
0.0006293766201945624
912055675593639e-19
0.12967953822763045
8645599506199088e-22
0.00011181304586502961
0.15994551279677108
0.0009290752420958836
0.011842418369174174
12200726519442925e-21
0.13643382528808876
0.09613003863292859
0.021219014091155116
3146895766963192e-20
0.00015344670504435047
1200667941194167e-22
0.013667237260173128
0.1611331511589568
8333314509515552e-24
11103285227953329e-21
9106326032656772e-21
9650121701706056e-20
10586391514054656e-21
0.28883239534747074
0.15990582556749317
0.005152867316762561
0.0015481231306342855
0.04172280005738098
0.005880392191811097
6760353662196718e-20
0.028352239745986003
8323609054285867e-20
0.0007209165358907769
0.08057368019921753
9970377770180669e-22
0.3155024691093565
0.31534202924560445
0.0018278169493171946
0.0005370567777404713
5829910090626899e-24
0.0010306930020311015
10390421285185302e-24
0.010270374451645645
0.029254537345174827
0.0009038306980632511
0.00033762275676588855
0.00015454724146171892
2618180279995751e-21
0.006120407021575436
0.030565784970114546
0.021435824252487645
11257175932054226e-24
0.3119573981272923
0.06711044329352485
0
0
8177853526206015e-20
6661690325115432e-20
10336380820074797e-22
7596603693494402e-22
0.00019347976654170984
0.009746018338526405
0.005388313201754935
152042336454127e-22
0.00013149712102879333
7328725046152801e-21
0.05627313403732464
0.013392851943537464
0.09978218121752899
3845635670461426e-22
0.06048948442372356
0.007684202839588055
0.00012014225665832251
0.12263435066571869
0.00029641804713726036
18549559457235422e-29
8514758553249582e-20
3736155332908469e-21
0.00012471441864309076
0.016325261259678057
0.003902591150087798
0.00016354869899201681
0.000152113078013319
3799874509356344e-24
0.0005144566021135266
0.022903446460277775
1313513354632721e-23
0.0018056086101262236
0.0018005552788210645
441871936853634e-19
0.10734979074239814
4337222734096997e-20
0.29375682623751465
0.0019103727110700592
0.1791415790958883
0.003301741333256607
0.0007008358057711204
0.0005692607140649045
44751039862442095e-21
0.310218574202609
12101977411951529e-21
21567584302970322e-21
0.008295940190154786
0.006440793550632508
21715984719116363e-24
8722943681809487e-20
0.0030548503450428303
0.13089632059884904
0.030187785678624846
0.00010011189876903967
0.02297986293394298
0.00035410993371334424
0
0.11173601333577177
0.01232691129863311
0.3020328642602627
0.28616193714762767
0.29508204393076365
0.052113676846829424
0.02965030957492874
0.3140611059621233
0.2994223465596481
0.31303717196217445
0.28260088746107076
0.20650286309299407
0.0007651554260687626
0.01571784948643639
0.13901950138103308
0.2581229776036927
0.13509790191041265
0.0002992250460209917
0.026963627129450746
0.24450496282499845
0.1133322166281739
0.16355024324628648
