1.1695885309807785
21132033467460343e-27
0.00032458983416877644
0
0.002022411867989144
14860224462698271e-24
0.002067348578470159
0
0.0021482839572650333
0
0.03525998707170236
0
9.060991927426894
0
8.41752250732932
0
31.6509742677302
24.695642033921818
0.026462793921785892
2.069487681646909
16390962440409558e-73
19.754317307322676
2.3530038312556223
23091590421756777e-22
0
0.014500925361632694
0.0003981280836033853
0.007863993003735172
0.006932133457803242
0.06900180897145121
0.06903508894836786
4006871034486256e-20
19262844393944288e-23
0.012011212142044134
4463524571932301e-20
61189255741958524e-22
14080250974820693e-28
0.016668300551100673
0.019063732296980433
1.3203719027878253
1.1377170178556215
0
0.20630836833076138
0
4.125971042034671
3.904433314068684
4.461569452496411
0
5.52969291475287
0
4.4317100105779765
0.4932800051109652
22.55287472358432
21.69767946568835
0.46651840578120385
44.826032830356226
39.830003149333834
1.441016105004241
0.0007757351599149209
0.018843245931473462
0.28909606775170016
34.7221857238214
0.12485786282562573
0.35644060275567946
2.305158974167236
1.6027092332209023
34.26126464847178
0
34.21983747883594
0
15.160708812991993
0.00024378624202419695
0.00024374839659185423
0.10294802125024197
6.359407578343453
1.27237352669709
2.3655934939805365
0
0.0003754903542552102
0.3018828994516098
0.068580520313507
0.029258095872208293
0.011459524348361765
0.0001735616577119355
0.0001252137193854615
0.0015510347018025078
2.008164240925739
0.4380451905722414
0.037024073915452295
0.13825915337886116
0.005423136558673149
0.06648229289736865
0.0075747742562714965
13112602954257424e-21
0.05316551286774647
1.0075609751409198
0.01841611800797503
15664670028430514e-24
0.00019750333180156295
0.0008415556055141151
0
0.8658785453685968
0.49196179034466975
0.05351309985398351
0
0.38965361772729956
0.02128919374635484
0.06974474269204568
0
0.0003578944644070986
0
0.12594888195106368
0.6880430796038013
0
0
0
0
35714748019914575e-21
0.3822515347594234
25518843882077663e-21
0.00044356589826403866
0.38756823413064745
0.32329826571674053
0.17601296054904159
0.5488498786445435
0.0007077987112450528
0.6104088424101385
0.0009884565410912616
0.4551339974668894
95594412039295e-20
9961300665416639e-20
0.3802471173953526
0.008483699170603192
9005200340542059e-27
0.1905561240785636
0.058522354013455985
0.2124393283547459
0.02073345189755617
0.03245349045396685
0.120246534444224
0.24680183367133485
0.2510577887792673
0.1690362127394852
0.25670988708363046
5452775142647209e-28
0.1872404628985119
0.18729139237739104
0.45674837062082574
0.5566908190020415
0.0004184225809126525
0.5566651496491574
0.55795828572168
11.61863818735649
2.1022022629291803
2.8062953373736717
0.09998123956470739
0.48468242974946424
2.626690292644512
4.208016694243681
0.6186302382832729
5.065055998190722
7.112395152266885
4.920448818463569
2.476326208574128
2.8980856970119415
0.6219808040487829
31.46130060774795
619.1725300001854
4.0020925179575135
4668.424965277116
1.0999844301232011
23.21847716105661
1.171096142304908
45.09080646668173
1.3047640914585723
1.3969297830847704
1.0999834194246665
0.9071546339108834
1.0840659957989978
54.49740997877504
0
0.0008368554234790232
0.0008554750137102173
0
0.00894667236470549
0.0077486891007347925
0.007521777248317115
0.006464823505946472
0.006598820959930873
0.009659182714022633
0.00638333391397182
0.010314583677771128
0.005370029448307888
0.007308819258137205
0.009284222482622057
0.017562935741311292
0.007598460927949024
0.008893738470610743
0.008060229555612742
0.009319004887164214
0.005684570752114778
0.011987095946336741
0.018204676914705564
0.012612351287713644
0.007746819125115064
0.0019005476373082876
0.007438230036628343
0.022872659504760633
0.07149886010141246
0.041405115308977725
0.11280611378123614
9119807021912098e-20
0.010098668631308292
0.21761809882049776
4806100473015272e-21
0.07331986521894432
0.010917480989750523
0.0012693843808425594
5486347018245644e-21
1204423136517578e-21
0.10116554814987005
0.08816377137833602
0.004141861687412229
0.04037733394692033
0.020218822589332552
0.005780100403579788
0.01209329916541808
0.00048284999389433476
0.3078403290588846
15699130001090527e-25
0.07808079486456894
0.00034189748948205306
0.009620446145762367
0.01090558740986631
0.00015705811078641158
0.00017087080464511654
0.313935973845475
0.00039348431115084786
0.05641333342776203
0.2329795854511708
13179225845755636e-22
25861649767117566e-22
0.000144723287878912
12571450046379958e-21
0.0005944336154837163
1700303121022889e-20
1443227650635231e-22
1004403933104598e-21
19076934173039476e-21
0.07592070313092565
0.07671411241275349
4349959931121523e-20
0.00021267661828747777
0.019592975369529208
0.00815496854624308
0.09056022145020713
0.02016886786296433
2782875339162388e-20
0.13536794539484642
0.03852926553462243
5573478030864767e-22
0.26392547727966803
44589632768460374e-23
0.0037631060261653854
0.0009824504256780253
22994565953042775e-28
0.26921680423094557
0.3134003118212666
0.018080725318608236
0.258725208591719
0.31049467392760927
0.0073998198538449255
0.18765213408701137
22332184592562892e-26
4630614538584967e-21
0.0006293749975661237
9120553350534155e-20
0.12959705600035087
8645599475602691e-22
0.00011181299468257766
0.1598129697278774
0.0009290717049631854
0.011841836227759259
12200725910106451e-21
0.13634145710695345
0.09608708882114023
0.02121712380741658
31468953615851274e-21
0.00015344660864539928
1200667940604067e-22
0.013666460191190619
0.1609983231948187
8333314509231293e-24
11103284723305708e-21
9106325693210832e-21
9650117889345448e-20
10586391055299582e-21
0.2881883122783667
0.15977335840366455
0.005152757972257665
0.0015481133024277188
0.04171530085172521
0.005880249669115669
6760351791287903e-20
0.028348835048760696
832360621803242e-19
0.0007209144067019819
0.0805441918517639
99703777294892e-20
0.31436314837741636
0.31418761320220434
0.0018278032445848157
0.0005370555963551666
5829910090487774e-24
0.0010306886483191073
10390421284743383e-24
0.010269937428088674
0.029250908409624746
0.0009038273506373567
0.0003376222899843068
0.0001545471436749163
2618180251936244e-21
0.006120252583262031
0.03056181692515538
0.0214338946302707
112571759315355e-22
0.31068776885064264
0.06709037160031095
0
0
817785078841933e-19
6661688508419807e-20
10336380776341004e-22
7596603669872278e-22
0.0001934796132747582
0.009745625046224494
0.005388193603414272
1520423364446644e-23
0.00013149705023770826
7328724826295857e-21
0.05625922848122729
0.013392106008396567
0.09973564782508923
3845635664407793e-22
0.060473325244828686
0.007683958948919804
0.0001201421975658841
0.1225614554276035
0.0002964176873558365
18549559457235412e-29
8514755585226122e-20
3736155275769637e-21
0.00012471435496705981
0.016324148989455403
0.00390252852235833
0.00016354858948133876
0.0001521129832828671
3799874509297239e-24
0.0005144555180937206
0.022901239594863135
13135133545620976e-24
0.0018055952367481154
0.0018005419802724922
44187185692639775e-21
0.10729529519547441
4337221964036236e-20
0.29306925851325405
0.0019103577389511836
0.1789687487681256
0.0033016965371284227
0.0007008337935921854
0.0005692593867013772
4475103166443098e-20
0.3093208137057054
12101976812438786e-21
21567582398853748e-21
0.008295655715390647
0.006440622455563763
21715984717185995e-24
8722940566868354e-20
0.003054812008885086
0.13081210852095276
0.030183917003173615
0.00010011185773903048
0.022977641108950037
0.00035410942021996854
0
0.11167656201705228
0.012326280184122362
0.3012576589692297
0.2855395191121446
0.2943818478264449
0.05210181703057035
0.02964657994183233
0.3128461783708556
0.2986773124181297
0.3117925486130013
0.28200562314139294
0.20625845519674219
0.0007651530274241099
0.01571681920137456
0.13892316227536938
0.2576772452877036
0.13500754445306387
0.00029922467939204014
0.02696055308635747
0.24412360189316082
0.11327089818654255
0.16341068394830782
