1.214446481729278
4714844006097474e-30
1200362318560628e-20
0
0.0005583310502606987
4118704494500335e-24
0.0005663669318027937
0
0.0005805924724841817
0
0.017403585016679633
0
8.811567595331514
0
8.100749502234287
0
32.24955506520924
25.519589825533092
0.0102950573604121
0.9577148602224413
46563348402718656e-79
21.418121632003224
2.3496378974599956
8463616222543754e-23
0
0.006744329927565847
0.00018160350975333583
0.005121508347428517
0.006928745682542936
0.04264270353605619
0.04496360582168444
20991492480131927e-21
56944446061895166e-24
0.007405080241680045
23357966503758418e-21
29066816637794746e-22
4412681908179216e-28
0.00775696899046807
0.008872889491127208
2.1791442883022225
2.0375148130664313
0
0.42416040769134183
0
4.442955099006779
4.1076796752210685
4.444592948146044
0
5.511898339552909
0
4.429934966184753
0.6933249133573061
23.088851534400092
22.299051017026642
0.3193988575787007
43.080822920754244
41.442530545221096
1.4170813184838662
0.000730574051170029
0.01951871379673264
0.3033223940178904
34.75441126438462
0.24009370547502978
0.36809029236133517
2.2803293795854356
1.5286134423381799
35.03904552509577
0
34.967362978585086
0
15.25430945399873
0.0002736374794284762
0.00027357698868978546
0.10719579602810343
6.352560651592509
1.2693569191957128
2.3439827984731516
0
0.0004013699947912799
0.46922650196745436
0.06842398183185246
0.028941293646165583
0.012340363224047914
0.00019601766190216745
0.00013786947139224215
0.001538417988077462
2.013110236982642
0.4345993965864612
0.02311241176385191
0.13944066900315671
0.005908616872823551
0.06887996010136331
0.008080947216758836
3348677646961395e-21
0.053861422142553475
0.9712043602146302
0.018345698518443424
25823982148789943e-25
5167158563399992e-20
0.0008615371401062622
0
0.854279302589555
0.48265422214648873
0.05684129713874016
0
0.37662213224450336
0.0199243726962113
0.06888574062581967
0
0.0003437256704736812
0
0.1256466852671708
0.6703459207836908
0
0
0
0
1885011739044723e-20
0.37720898882903076
6786606396851306e-21
0.00017727131036207537
0.3842321035696181
0.31111879178005253
0.17678865327317733
0.5444332012233757
0.0007486594659049914
0.6006583855237746
0.001043057348611089
0.47946071287598546
954431016512202e-21
0.00010410183999990383
0.38111308500502245
0.00524438294089407
26791624745809158e-28
0.18532378950320647
0.05095745142050246
0.21021529882629203
0.02100818508716852
0.03331543901170025
0.10396519227235476
0.2242594481664345
0.2490765348596751
0.172379442366747
0.25366073049539
16116777521204262e-29
0.18041725912592363
0.18046099066610216
0.45320309379716317
0.5539029241007517
0.0004031971040969351
0.5538991976471025
0.5702701113382223
11.625492177993067
2.1053195337382764
2.807803126449987
0.09809844134882671
0.48493482146194905
2.633329979159344
4.21159817884446
0.6103774919114614
5.064335425978223
7.112612434263971
4.849299337858971
2.476705489086898
2.898469390041751
0.6276193381758166
31.531609681721893
619.1567085930083
4.002084483586144
4522.4851834986575
1.0999838329664953
23.21845469714544
1.1706561385994747
45.07768179419633
1.304931429185031
1.3969243985922866
1.0999828221278176
0.9010734657734246
1.0825445073336386
50.7673548265339
0
0.0008248826265810403
0.0008527522792731084
0
0.008826444381242722
0.007620370759087609
0.007333854243583469
0.0061402047760192495
0.0064588624992473545
0.009597886625276879
0.006113293299280047
0.010314994801389962
0.005108235623891163
0.00712867203057126
0.009166514198004712
0.017491744399717693
0.007380351475817211
0.008809087403423402
0.00786841885944608
0.009238250960153198
0.005712357178491555
0.011872040254587362
0.01784820737183708
0.012469020140745394
0.0076494284245124935
0.0019003852523031004
0.007435726712573408
0.022848550141381527
0.07124797321417121
0.04132427012268692
0.11214228621686478
9119769709255843e-20
0.010094039927557343
0.21457148247567634
4806099436853619e-21
0.07305536827459219
0.010912066041871478
0.0012693119940914272
5486345668012667e-21
12044230714449703e-22
0.10064120028278183
0.08777316897821633
0.004141088465451156
0.040300552821476175
0.020200043638862682
0.005778591680484347
0.01208664580509351
0.0004828395297292016
0.29846251638152366
15699129999984961e-25
0.07777882477973223
0.0003418922438037117
0.009616247805123612
0.010900184329381385
0.0001570570040647011
0.00017086949467826936
0.3028264460685725
0.0003934773626614694
0.05626030532999669
0.2293357849595821
13179225066607772e-22
2586164676689709e-21
0.00014472234818073418
12571442956866337e-21
0.000594417754047551
1700301824140464e-20
144322764129174e-21
10044038878506221e-22
19076917847554313e-21
0.07563607629621345
0.07642318155148166
4349951442608571e-20
0.00021267458880687448
0.01957535425988163
0.008151957023309933
0.09014664927163524
0.02015018271655432
2782871865074516e-20
0.13437580776957447
0.03845951540033555
5573477891519473e-22
0.2587301006476787
4458963187657827e-22
0.0037624680338541818
0.0009824070795064915
22994565953040408e-28
0.26369127817738325
0.30256619526830597
0.01806574656014156
0.2538321778153642
0.2968742941736393
0.0073973424279010535
0.18554312660140057
22332184592339155e-26
4630613576709167e-21
0.0006293572159106611
9120516031770294e-20
0.1286965868435379
8645599140305365e-22
0.00011181243378998902
0.15836764476201862
0.000929032943401224
0.011835458578225324
12200719232561041e-21
0.13533330861493886
0.09561766943971485
0.02119641974953526
3146890919164133e-20
0.00015344555224032096
12006679341373277e-23
0.013657947404820152
0.15952815335666912
8333314506116167e-24
11103279193015593e-21
9106321973318887e-21
9650076110854381e-20
10586386027932823e-21
0.28122340710303173
0.1583288588275186
0.005151559848551798
0.0015480056019591233
0.0416332074318654
0.005878688029232721
6760331288557313e-20
0.028311550707606194
8323575136390389e-20
0.0007208910739317025
0.08022174363834918
997037728356284e-21
0.30214403655096544
0.30181027590912224
0.001827653065002702
0.0005370426500555172
58299100889631485e-25
0.001030640938416499
10390421279900482e-24
0.010265149427964663
0.029211169408574506
0.0009037906679489671
0.00033761717469826764
0.00015454607206085002
26181799444399966e-22
0.006118560392470435
0.03051836597428397
0.02141275982065498
11257175925850925e-24
0.2971083141537357
0.06687080452029265
0
0
8177820785843602e-20
6661668599794871e-20
1033638029707465e-21
7596603411004055e-22
0.00019347793367321332
0.0097413161061109
0.005386883132702863
15204233634096676e-24
0.00013149627446057565
7328722416945754e-21
0.05610706637011496
0.01338393423641858
0.09922712121199785
38456355980677246e-23
0.060296523949642925
0.007681286726725375
0.00012014154999034363
0.12176545061074884
0.00029641374464081975
18549559457235268e-29
8514723059557936e-20
3736154649601267e-21
0.00012471365716144143
0.016311964896818038
0.0039018422685033484
0.00016354738938936293
0.0001521119451623018
37998745086495355e-25
0.0005144436387746266
0.02287706910546824
13135133537881554e-24
0.0018054486881416525
0.001800396251647496
4418709810271986e-20
0.10669990348168579
4337213525165473e-20
0.2856390344040277
0.0019101936713918368
0.17708564072351984
0.0033012056687569988
0.0007008117430666172
0.0005692448406998832
44750941824826844e-21
0.2996511258800458
12101970242548877e-21
21567561532185712e-21
0.008292538875430277
0.006438747770523613
21715984696031678e-24
872290643117573e-19
0.003054391925216193
0.1298927944881246
0.030141553747905656
0.00010011140810377883
0.022953306824253155
0.0003541037930389955
0
0.1110271207842654
0.01231936609426706
0.29289167216441503
0.27880668603530706
0.28681661295148425
0.051972025355293015
0.029605738667781985
0.29983617205610685
0.2906331684051977
0.2984730896220049
0.2755638768140982
0.20359893817869873
0.0007651267418433802
0.015705533020857507
0.13787177366783582
0.2528427374271199
0.1340212936508238
0.0002992206616377097
0.026926888466756702
0.23998314956337546
0.11260109661605998
0.16188907406032288
