1.2633342463967447
0
33142292055091583e-23
0
0.00021517192911336863
15981438045562233e-25
0.00021739015755688955
0
0.00022125994453341396
0
0.008831244634285711
0
8.439833066379862
0
7.791604624738524
0
32.737976800741485
26.123880429636607
0.005096056977017715
0.3840136224980065
37928789945124134e-83
23.93841498615304
2.3485863168180416
22666845484337745e-25
0
0.002925930593570465
7445274064376012e-20
0.003417674492185875
0.006925112633156002
0.026241560852386294
0.030006704106181246
11062901728792494e-21
2094621672929519e-23
0.004550539764039631
12286924788814514e-21
13931530537138253e-22
17565303106481054e-29
0.003370196550243782
0.0038549182245728327
2.713320781686292
2.639860493295217
0
0.6775335400963034
0
4.701396782963042
4.356912503994042
4.426110176031054
0
5.483467406417003
0
4.427926741860951
0.79235704992265
24.062168370536746
23.385285453093264
0.3173905297300882
40.95410053897589
43.96451767956506
1.39915548038323
0.0007787164818584768
0.02052481601344528
0.32691938393716435
34.792293045817885
0.36430532064854515
0.3928638283671883
2.256782330267858
1.396642583985357
36.87800248825227
0
36.749220895506234
0
15.331130624860386
0.0003264715088852096
0.0003263696223890607
0.11469504107539788
6.34263299130651
1.264638171749998
2.3206438163420735
0
0.00045251142185425086
0.5289873765248276
0.0685034969490989
0.0286736091910584
0.013733698452585676
0.00022426277793579667
0.0001518637077976948
0.0014972533536908555
2.0192944134508473
0.43063159820651886
0.014376056063559949
0.14501769946268844
0.006880087961942154
0.07327269033242105
0.008818638872454179
10627062450206406e-22
0.056914974497965384
0.93557087567005
0.018670182322421597
5281616296182448e-25
16835363212399566e-21
0.000923707091735645
0
0.844057256430459
0.4725952744042349
0.06240733408900256
0
0.3624875147722319
0.01809108112462884
0.06780608157710832
0
0.00032371958431736195
0
0.12531777797788676
0.651514810718906
0
0
0
0
10014681514256801e-21
0.3717396235455316
22495590602335763e-22
6457979321429666e-20
0.38053554876814094
0.2986952854101039
0.1786385699061143
0.5398662171610071
0.0008179689930460639
0.5766477356006364
0.0010860069299779933
0.49811315955176527
9529410378848528e-22
0.00011237686332398535
0.387942867359908
0.003230751247904122
7023833441928909e-28
0.1782675938757694
0.04342206352670283
0.20773625037029125
0.021310577989625386
0.03427029323600996
0.08793959461261502
0.2011877207322475
0.24705697732437235
0.17603781922543915
0.250675682757722
41987157335716735e-30
0.17388692122385008
0.1739263955704005
0.449492267168166
0.5508149763797225
0.00038834549354529254
0.550832475829878
0.5837841495207196
11.64211804814553
2.1085047072152854
2.809542922810158
0.09607892404146764
0.48554304623231626
2.6401145202324505
4.215745322644738
0.6014298445686128
5.069438293021223
7.12018813194919
4.775180133607978
2.4766381934974597
2.900697861264306
0.6340255487039599
31.606572243063486
619.1394663301326
4.002075727465407
4368.625412357961
1.0999831821645871
23.2184302152136
1.170176795421982
45.06338241717072
1.3050965484526005
1.3969185233291312
1.0999821711731805
0.8944689613472749
1.0808887674444843
52.494177825967846
0
0.0008124138083061725
0.0008486560432985355
0
0.008677794780241275
0.0074895610231012185
0.007144227857313899
0.005812430176724075
0.00634126905000405
0.009541085622766642
0.005839802324022429
0.010321796682853634
0.004845287055812908
0.006945449198845288
0.009052885880450794
0.01743816957448679
0.007159225428157378
0.008729627453733574
0.007675565410848962
0.00916404797793256
0.0057435945235715085
0.011762243837710872
0.017491415088588338
0.012331335208458664
0.007555137631345368
0.0019002082952412
0.007432999461813897
0.02282230385241254
0.07097555033351305
0.04123634196039333
0.11142327149212174
9119729044791033e-20
0.010088997820183321
0.21129972462661242
480609830760864e-20
0.07276819671204658
0.010906167700617447
0.0012692331091773952
5486344196481891e-21
12044230005265695e-22
0.10007284206298979
0.08734944725910254
0.0041402459454782615
0.04021704032436637
0.020179597543160437
0.005776947869711854
0.01207939890859062
0.00048282812577406345
0.2885672762456927
15699129998780071e-25
0.07745105698136125
0.00034188652697152047
0.009611674392959922
0.01089429891155865
0.00015705579792952887
0.00017086806704198952
0.29116612153354976
0.000393469790094293
0.05609400263425827
0.2254295115657143
1317922421746521e-21
2586164349715221e-21
0.0001447213240717207
1257143523047083e-20
0.0005944004681812734
17003004107537352e-21
1443227631108877e-22
10044038385312578e-22
1907690005548513e-20
0.07532709503592282
0.07610737122942673
43499421915489374e-21
0.00021267237702993943
0.019556168204556662
0.00814867622666978
0.08969807438178491
0.02012983870257462
2782868078896905e-20
0.13330282041283645
0.03838364304951941
5573477739656105e-22
0.25318439342503596
4458963090457396e-22
0.0037617728506806163
0.000982359841509597
22994565953037835e-28
0.2577984348019249
0.2911848619348105
0.01804943631576992
0.24860490210502123
0.28270982905582936
0.0073946433869385075
0.18327163997244397
22332184592095343e-26
4630612528423483e-21
0.0006293378374123214
9120475360649243e-20
0.12772234756402934
8645598774886624e-22
0.00011181182251281989
0.1568073604332385
0.0009289907015360189
0.011828511904009737
12200711955142517e-21
0.13424308036488009
0.09510869094504111
0.021173878749362867
31468860776653986e-21
0.0001534444009413767
12006679270896501e-23
0.013648675910705316
0.1579411948269031
8333314502721194e-24
11103273165915012e-21
9106317919252187e-21
9650030579398624e-20
10586380548935302e-21
0.2738243590173458
0.15676946073189957
0.00515025440865635
0.0015478882347515995
0.04154392311617112
0.005876986571720167
6760308944034773e-20
0.028270972767474062
8323541262661273e-20
0.0007208656459220359
0.07987179815161971
9970376797576705e-22
0.2893674525427885
0.28887563456984
0.0018274894080899853
0.0005370285410804614
5829910087301559e-24
0.0010305889450098454
10390421274622513e-24
0.010259933839868415
0.029167921932424835
0.0009037506915667636
0.00033761159996877445
0.0001545449041867979
26181796093198657e-22
0.006116716716527554
0.030471081954013077
0.02138975009697596
11257175919655669e-24
0.2829839568461451
0.06663233086020691
0
0
817778808811189e-19
666164690274641e-19
10336379774753426e-22
7596603128880414e-22
0.0001934761032012712
0.009736622241913299
0.005385455298811162
15204233622795344e-24
0.00013149542899671773
7328719791152592e-21
0.055941703402533675
0.013375034031621798
0.09867586336288901
3845635525768001e-22
0.06010442829889931
0.0076783755037297535
0.00012014084424383065
0.12090382291115286
0.00029640944779172837
18549559457235096e-29
85146876120879e-18
37361539671811828e-22
0.00012471289667290291
0.016298696602166672
0.0039010945024590678
0.00016354608149715498
0.00015211081379024562
3799874507943645e-24
0.0005144306925893005
0.02285075630985629
13135133529446867e-24
0.0018052889878865874
0.0018002374449233684
4418700264435741e-20
0.10605478655167366
4337204328207469e-20
0.277755676521786
0.001910014880869819
0.17505592054151442
0.0033006707863326404
0.0007007877124221965
0.0005692289883816449
4475084391468743e-20
0.28945667486930987
12101963082456984e-21
21567538790983585e-21
0.00828914336772911
0.0064367052945514935
21715984672976976e-24
8722869229055351e-20
0.0030539341691168944
0.12889824969992408
0.030095452495742973
0.00010011091807784492
0.02292681581593419
0.0003540976604420632
0
0.11032363716040652
0.012311835293614386
0.28403847456669995
0.2716496696607616
0.2787929832925471
0.051830942017444974
0.02956129248708127
0.28627275949865344
0.28211289615594065
0.28460420295493055
0.26871088943444693
0.20073953972554967
0.0007650980959258783
0.015693242175507473
0.1367349928955574
0.24767715635954296
0.13295464585043884
0.00029921628300986103
0.026890247454102748
0.23555066920315854
0.11187563304040873
0.16024690084163096
