1.2598422632062114
1042802759677299e-31
42833145033504906e-23
0
0.0002281600406367945
16937343649631382e-25
0.0002305621044095823
0
0.00023474933956958447
0
0.009246229465106599
0
8.471410135086774
0
7.81542574738987
0
32.708848986822154
26.08734577737469
0.005322601574722559
0.41000070483298917
6757770599140492e-82
23.72296776663953
2.3485720013238365
2937338092508333e-24
0
0.0031058186988092247
7941525522006402e-20
0.0035086356350342157
0.006925370726499374
0.027117826736472693
0.030805232978281187
11558417726383996e-21
22335290492274394e-24
0.004702830631223831
12839196132412146e-21
14650442412058805e-22
18618827494764347e-29
0.003576950096585247
0.00409141527264372
2.6864797593327725
2.609223578970538
0
0.6610974025277294
0
4.687982649146554
4.341974665736536
4.427430228161522
0
5.485648450749397
0
4.428073492005676
0.7877094796702507
23.980608496384942
23.294067695468836
0.3161551448042604
41.124089554710174
43.75170847865149
1.4003381215993096
0.0007715307277104302
0.020441692703688993
0.3248655986307408
34.78940261507113
0.35638200777985957
0.3905651854029982
2.258357622271978
1.4069127682224578
36.70406558723268
0
36.58014554532457
0
15.326328484795253
0.0003217187858678833
0.00032162076219893765
0.11403257599284357
6.343461419572286
1.2650236998310693
2.3223036213715154
0
0.00044804475337703543
0.5281667519416136
0.06849450104845096
0.028692114377189448
0.013614685312524466
0.00022229672162119019
0.00015096361901550552
0.0015008297659649973
2.018816407015074
0.4309219705118253
0.014844779947439565
0.14455308650773638
0.006795180950355164
0.07294947468173278
0.0087660697769715
1140041552992673e-21
0.05665616077968727
0.9383193403512661
0.01864125696425668
583609307262154e-24
18026590282918065e-21
0.0009185129652884869
0
0.8447552647944154
0.4733090504597463
0.061923240905266956
0
0.36349417413175616
0.018234305907720825
0.06788803412577013
0
0.0003253752616629091
0
0.1253412419603231
0.6528433807528239
0
0
0
0
10458250925865161e-21
0.37212423297970715
24058317590931482e-22
6941099481796702e-20
0.38080161091413683
0.29955484076742134
0.1784958353398205
0.5401839733511594
0.0008118422834906918
0.5785636018649977
0.0010835374619739167
0.4970551998962192
9530429830387883e-22
0.00011162763244552589
0.3873013845677929
0.0033382887381417322
7733349809172513e-28
0.17883981124503578
0.04393448594133961
0.20791505019946935
0.021288611442634865
0.034201428121868396
0.08902287244595261
0.20278377402202963
0.24719764293426286
0.17577580402444354
0.2508765843200468
46247793036582375e-30
0.1743337539235736
0.1743734314443502
0.449752897914487
0.5510371556817385
0.00038936910462673846
0.5510532189423157
0.5828159264248748
11.640568681293235
2.1082811045236927
2.809408257960645
0.0962202416438164
0.4854864432783432
2.6396380375007524
4.215423037050869
0.6020587502099932
5.068935346210468
7.119477154532926
4.780389332483244
2.4766550758007604
2.9004953472638992
0.6335572598502067
31.601171393209466
619.1406979044141
4.002076352901967
4379.439656608045
1.099983228650425
23.21843196392216
1.1702110277103208
45.0644036507985
1.305085196911415
1.3969189432173474
1.0999822176699288
0.8949398558167073
1.0810069505525843
52.182189600356544
0
0.0008132692365428908
0.0008489827002695168
0
0.008688922787175016
0.007498717138578327
0.007157382166795635
0.0058350837741199
0.006349110690451752
0.00954496686277273
0.005858746806736432
0.010321282172907528
0.0048634243362758005
0.006958194190611746
0.009060641385663495
0.017441451267864113
0.007174574965841268
0.008735009672749157
0.007688927012528728
0.00916901785124791
0.005741424216735977
0.011769767479032908
0.017516075094041447
0.012340740984299901
0.007561594222967616
0.0019002209344848664
0.007433194232262287
0.022824177587079386
0.07099497451949228
0.041242616334175655
0.11147447645099713
911973194938965e-19
0.01008935788717014
0.2115317581076331
4806098388268987e-21
0.0727886714779741
0.010906588904953716
0.0012692387436515245
5486344301591219e-21
12044230055921694e-22
0.10011333241824504
0.0873796451434454
0.00414030611979127
0.040222999759307564
0.020181057292000933
0.005777065269258058
0.012079916399927025
0.00048282894033335516
0.28926306824880405
15699129998866133e-25
0.0774744230912235
0.00034188693531350683
0.00961200099311235
0.010894719193140842
0.000157055884081734
0.00017086816901561394
0.2919839032567878
0.0003934703309871154
0.056105865078518856
0.22570631101684335
13179224278118248e-22
25861643730705406e-22
0.0001447213972221242
12571435782356066e-21
0.0005944017028693369
17003005117098913e-21
14432276318362242e-23
10044038420540695e-22
19076901326346663e-21
0.07534912320538358
0.076129885765805
4349942852338258e-20
0.00021267253501324338
0.0195575380132429
0.008148910525492749
0.0897300412885879
0.02013129116502073
2782868349337992e-20
0.1333791774177911
0.038389057535776365
5573477750503488e-22
0.2535765427842298
44589630974002833e-23
0.003761822502361565
0.0009823632155769044
2299456595303802e-27
0.2582149496376739
0.2919834219047706
0.018050600844727493
0.24897468245748974
0.28369877270907057
0.007394836142915611
0.18343296274315218
22332184592112758e-26
4630612603301024e-21
0.0006293392215709861
9120478265723304e-20
0.12779169083981506
8645598800987962e-22
0.00011181186617536401
0.1569182977126164
0.0009289937187484079
0.011829007959781415
12200712474957983e-21
0.13432066170537466
0.09514495653053544
0.02117548802554924
314688642348649e-19
0.0001534444831767291
12006679275930559e-23
0.013649337951510849
0.15805402359643556
8333314502963692e-24
11103273596422087e-21
910631820882832e-20
9650033831638339e-20
10586380940292174e-21
0.27434634503813704
0.15688033516531744
0.005150347643391526
0.0015478966178284514
0.041550294212510434
0.005877108088066709
6760310540069648e-20
0.02827386926204149
832354368220878e-19
0.0007208674621786954
0.07989674355365502
997037683229e-18
0.29026187170155676
0.2897808660649062
0.001827501097383454
0.0005370295488521014
5829910087420244e-24
0.0010305926587376195
10390421274999511e-24
0.010260306293977612
0.029171008913349946
0.000903753546963994
0.0003376119981606856
0.00015454498760608036
2618179633257017e-21
0.006116848389240633
0.03047445695314281
0.021391392828364546
11257175920098187e-24
0.28397018391816536
0.06664933645367598
0
0
817779042365982e-19
6661648452533243e-20
10336379812062082e-22
7596603149032102e-22
0.00019347623394869274
0.009736957442907694
0.005385557274394189
15204233623602583e-24
0.000131495489386813
7328719978709215e-21
0.05595349886324967
0.01337566956421038
0.09871513715822396
38456355309322674e-23
0.06011812909816422
0.0076785834116334896
0.00012014089465415837
0.12096516503799384
0.000296409754707455
1854955945723511e-28
8514690144045151e-20
373615401592547e-20
0.000124712950993359
0.016299643979478803
0.0039011479095665815
0.00016354617491768012
0.00015211089460225627
3799874507994066e-24
0.0005144316173060193
0.022852634791174744
13135133530049345e-24
0.001805300394579177
0.0018002487877962472
44187009462805026e-21
0.10610073670109768
4337204985132394e-20
0.27831148592837734
0.001910027651066404
0.17520012585904296
0.0033007089893458317
0.0007007894288694709
0.0005692301206754503
4475085090826171e-20
0.2901732057883946
1210196359389198e-20
21567540415354372e-21
0.008289385857878426
0.006436851164203222
2171598467462374e-23
8722871886344402e-20
0.0030539668637059067
0.12896903538543894
0.030098743102656877
0.0001001109530796178
0.022928707016463535
0.00035409809848117895
0
0.11037373783405588
0.01231237305524425
0.2846618738545902
0.27215473568632215
0.27935858042890993
0.05184100668535434
0.029564465000245448
0.28722089052382793
0.2827131153612665
0.28557310275532516
0.2691946857723965
0.2009424439674207
0.000765100142027275
0.015694119773959864
0.13681587976399007
0.24804260081039858
0.13303055264492078
0.0002992165957668682
0.026892863014981123
0.2358645418584819
0.11192729650431602
0.1603636444862243
