0.000881230586743505
32.95139758926187
140.8390051910728
0
124.9305887373714
0.00547456390305692
207.30962029036587
0
102.74550716949508
0
347.84784926421753
0
29.216445630225063
0
34.1407704655029
0
28.036682430723562
18.659719421194236
197.11002701705888
258.22326386255355
1.598752446047968
37.96888528929799
1.464271240835667
1.093963156405627
0
6.443688612522997
0.6396315947743924
5.877068224154729
0.006581395831688171
3.122123135535241
44.39301701894004
10.313931550927437
20.993942578418174
0.4710479404233414
20.92025297633774
1.3495644383692185
5548639991406417e-21
44.48217792194161
60.546003636661396
24.691530254125833
46.589008009781566
0
2.6970226920483773
0
153.65686482583425
38.62707812459439
4.519427453723222
0
17.704327756980643
0
2.555658025770161
9.419009384721361
33.250503892750785
32.93734409888411
18.366740463582683
176.97623930121586
63.71395407479471
1.3752231624465021
0.1503988532717441
0.009725420465975737
18.93860480992237
51.165181659846795
1.0086045223360633
1.8456479989114312
0.009076998736456517
0.022362066266548148
321.7524219878552
0
279.4496817851985
0
6.979487865653559
0.03981446484717035
231.93522678843527
14.317364130164716
4.608763486629893
0.9542503734193015
2.997616706830411
0
6684600852662209e-20
2.0218966268412584
0.07678744970265523
0.0020374237712550832
0.0445326251869187
0.007516739721349726
0.0005719830458520577
0.001729414043911158
0.1951859179628789
0.678571046561596
0.6733766628367032
0.108251769469549
0.008546202399718735
0.09124589969452693
0.019094436294214864
2.263939244671986
0.026134580595664085
2.414752024147874
0.012923764172909224
0.027751736244050536
8.886368931881224
0.0004858386966913054
0
1.2643443786897184
1.5258973144833665
0.21056935705555901
0
2.7399928341452022
0.0002530994721088449
0.03822523803317826
0
0.0037108314450605973
0
0.1342166728937898
1.2387553844525485
0
0
0
0
1.4029262290348994
0.5663064526162384
1.2033695856447524
5.864626233737021
0.2974079937016198
1.1533606344731082
0.10045080923638218
0.2640475703750449
0.01310127531313396
5.449300831388855
0.003710741399818617
1.6254433164606084
9048817981241994e-22
0.06629936091914493
1.8635401976510597
0.2699432831023895
0.5217913097074197
0.0034595305127055167
0.8709030759016172
0.199761244897757
0.00045688124934391684
0.01765318213884833
0.996428247216671
2.3240867014282345
0.13348924843182844
0.08530305836728887
0.2349313279139933
0.023667649641998023
0.28537671834093814
189.99686099650512
0.3924670369542726
0.6325950045923638
0.15155275797700216
32.1936460070315
0.23554795609535498
6.991752958874756
1.9903258995730173
2.8101828066721004
0.18455560038515584
0.3071930963734184
2.395584568746361
4.222394170305654
0.924297460082857
3.799258158571625
3.723759061742165
4.459495023348073
2.2039949331933224
2.596966716983487
0.24507950427693626
30.033423177544528
619.5848757811316
4.002301847258274
10679.047398263749
1.0999999882687375
23.21906243256664
1.1826182520735493
45.43410031478872
1.2406725393484754
1.3937622058836825
20.093266041526004
0.2620282698127682
1.1244682609069325
49.47295820132714
0
0.0008798457207334845
2087768427322212e-21
0
1993569290917426e-27
0.02034261910374581
0.03304605047387702
0.05662077093608366
0.02726588736164082
0.029526803902902247
0.04344956015471561
0.032953531742591156
0.047541794893968675
0.03158623570290486
0.02910528651195671
0.044920336812715
0.03433228826829866
0.02655440780658386
0.030773503309099715
0.02655394421560513
0.03375587405240049
0.03563326402556723
0.04965276005290624
0.032862518909656115
0.025058367168068505
0.00190478323101129
0.007503748274401595
0.023509838142868125
0.0783560443995394
0.043568077587825306
0.1315569648905943
9120779201570554e-20
0.010220013528163308
0.3142106840421376
48061274687473055e-22
0.08055885107355923
0.011059510334386772
0.0012712717656763793
5486382196678119e-21
1204424831888977e-21
0.11583265974424606
0.0989763123863359
0.004162057797729768
0.04243013537808459
0.020714280776360366
0.005819547068416701
0.012267939275619678
0.00048312270211586247
0.6892443356822466
15699130029894857e-25
0.08637505935155891
0.00034203418621036805
0.009730476004802702
0.011047304431338625
0.00015708694752584524
0.00017090493742576073
0.8026160647654405
0.00039366538697418975
0.06055033050924059
0.35130256976461144
13179246145312708e-22
2586172793352976e-21
0.00014474777247007223
12571634754539512e-21
0.0005948470108450383
170033690971744e-19
14432278940660505e-23
10044051121304572e-22
1907735951423845e-20
0.08372583861842364
0.08469689618458691
4350181092560278e-20
0.0002127295002168911
0.02005769953426585
0.00823382259318416
0.10203024337068274
0.020661835402566362
2782965852891928e-20
0.16396467318629337
0.04039176498854102
5573481661300603e-22
0.4430336324829906
44589656005130384e-23
0.0037797661482936265
0.000983580420079878
2299456595310469e-27
0.46211548771801825
0.7837392687639416
0.018475381877336876
0.4254772200947985
0.9991191575828996
0.007464658733322238
0.25190730447285464
2233218459839164e-25
4630639598901144e-21
0.0006298384492928733
9121525689330451e-20
0.15541322149713369
8645608211281099e-22
0.0001118276088977706
0.20249198188038794
0.0009300821500475095
0.012009213029930946
12200899884925003e-21
0.16542625683627443
0.10916358149067758
0.02176372280112581
31470111044780666e-21
0.00015347413427438825
12006681090853472e-23
0.013890127868394261
0.2044649849733333
833331459039124e-23
11103428807773913e-21
9106422610007572e-21
9651206429641966e-20
10586522036717047e-21
0.5451202405623892
0.20242623075987273
0.005184071700376424
0.0015509219204772693
0.043912121189009466
0.005921082400339944
6760885981404633e-20
0.02933771913430223
8324416044969206e-20
0.0007215225736062757
0.08941757079684658
9970389347445508e-22
0.883101661879734
0.8952701861394189
0.001831720302578226
0.0005373930029789516
5829910130209667e-24
0.0010319324376321692
10390421410918123e-24
0.010395471787690557
0.030305519503098177
0.0009047835884978911
0.00033775558848356474
0.00015457506560706064
2618188263307102e-21
0.00616450541701259
0.03171593044526746
0.0219919433096299
11257176079638712e-24
0.995419129303517
0.07307204502200296
0
0
8178632499774197e-20
6662207219050218e-20
10336393262922106e-22
7596610414302649e-22
0.00019352337793801847
0.009858562283106328
0.0054224485516076405
1520423391463496e-23
0.00013151726357203195
732878759861443e-20
0.06037236501366754
0.013606776756146983
0.11394355600968202
38456373928000925e-23
0.06526687430113517
0.007753908304816083
0.0001201590704152284
0.1452382177788412
0.0002965204274255458
18549559457239284e-29
8515603037003726e-20
37361715896937196e-22
0.00012473253663237887
0.0166448148327724
0.003920450446444595
0.0001635798591994844
0.00015214003246975702
3799874526172271e-24
0.0005147651128056416
0.02354004547367983
1313513374725998e-23
0.0018094175380971515
0.0018043428830418582
4418946777913642e-20
0.12403463369141292
433744183207032e-19
0.5721864183845445
0.0019146372454060155
0.23575627657923504
0.0033145111384199634
0.0007014085318688388
0.0005696384921929762
4475337236548289e-20
0.7075730370310577
1210214798242208e-20
2156812605602087e-20
0.00837727451021262
0.006489657419456204
21715985268329836e-24
8723829968733378e-20
0.003065777049895821
0.1571979529790197
0.03130886036478291
0.00010012357302960844
0.02362080761917506
0.0003542560595835635
0
0.13000333595531113
0.01250779050569467
0.6274809628445837
0.5316916368995271
0.5800840661783353
0.05559999599512302
0.030730724936017712
0.946096868332527
0.6083034541669192
0.9724218971959568
0.5148934334312869
0.28923839152509473
0.0007658381775369307
0.01601373936160597
0.1693296328550502
0.4220670824916869
0.16342499899683716
0.00029932937502990295
0.02785262353760023
0.38120787409251317
0.13219803905676364
0.20851317411497639
