1.27979010044305
3398774972951437e-32
9907068822206244e-23
0
0.0001656021495355144
12330938457322372e-25
0.0001671660713930817
0
0.00016989080861091896
0
0.007152447311505191
0
8.279040201221902
0
7.6727771444683315
0
32.86335382543064
26.2853049503879
0.004193193486880363
0.28238134950683924
28802243652195112e-84
25.053324714479256
2.348836252158756
6685919816925724e-25
0
0.0022087412024151703
5487312065136705e-20
0.003037732781250351
0.006923898622713965
0.022580443224375274
0.0266712299074015
9040815379486057e-21
15669058658773222e-24
0.003914519309609182
10033747434957053e-21
11048769958873923e-22
13518138593052832e-29
0.002545674169951069
0.0029117956220085627
2.823155465394209
2.7650713564427862
0
0.7502757910918468
0
4.7541183682283625
4.418335132596683
4.419887634562495
0
5.472997507584626
0
4.427225605685619
0.811353854638505
24.475390016194677
23.848191284450284
0.3247503431648365
40.09504464167575
45.05774367339087
1.3935668795692089
0.0008189843601627372
0.02094682741569854
0.3376610164783128
34.806233142208754
0.39941382620655774
0.4049950706794928
2.2495670051719534
1.347812839265605
37.80185695445582
0
37.64758954673294
0
15.352284340931027
0.00035163953434032947
0.00035151540005356417
0.11818193609745274
6.33839950893688
1.2627050604810302
2.3128367264000054
0
0.0004753598048557255
0.5275696078425387
0.06854663693981418
0.028585336257675568
0.014343614663593223
0.00023325110919556664
0.00015582856479929417
0.0014795972477660874
2.021628789976696
0.42924560525159716
0.012414939088160696
0.14723262863033137
0.007313846092118857
0.0747659507225895
0.009061031691475492
779436908007065e-21
0.058163990741640706
0.9218552183582798
0.018808135598067637
3384732882742883e-25
12457672459591611e-21
0.000948797164497324
0
0.8407768265542619
0.4692396032079894
0.06490604853941885
0
0.3577452114771062
0.01738262786685319
0.0674083941744328
0
0.0003153923793050072
0
0.1252073053167983
0.6452882392312922
0
0
0
0
8200778625252262e-21
0.36994581087014644
1673998023902369e-21
45983044181702835e-21
0.379277693103325
0.2946997080601748
0.1793033660812666
0.5383852881301161
0.0008501274859919916
0.5675182845501152
0.0010964492525265203
0.5025623739584488
9524683379754677e-22
0.00011634689171286776
0.3911797883484551
0.0027815166198686724
4457394894779392e-28
0.17536213112860297
0.041061606435730584
0.20689037617813005
0.021415085000891593
0.034596295273817614
0.0829627519948025
0.19377440089250567
0.2463996738835622
0.17727410909832947
0.24975458478226817
26595070543060776e-30
0.17180893029567518
0.17184759148045525
0.44827159236777187
0.5497647585566319
0.00038357461482454097
0.5497888640341809
0.5883522018054747
11.650199111018125
2.109553646812324
2.8102047939298993
0.09542111719085293
0.4858381277530296
2.64235036697061
4.217332457764382
0.5984974578469748
5.072024200007308
7.1238128183755105
4.75077022352264
2.476538811983588
2.9017240779557234
0.6362556456537865
31.631996761832443
619.1336626104772
4.0020727801178415
4318.0219825484855
1.099982963101657
23.218421974484738
1.1700154903858535
45.0585701993319
1.3051493109529315
1.3969165441747955
1.0999819520588314
0.892251742479721
1.0803320073813085
54.19716877757693
0
0.0008084717327932525
0.0008470544423205287
0
0.008624438411055669
0.00744664431962001
0.0070828789946205195
0.005707074011387182
0.0063047418246567535
0.009522953799588155
0.005751591333985183
0.0103240466773749
0.004760990454098575
0.006885955092324612
0.00901689065920396
0.017423465771098025
0.0070876444198590405
0.008704680900100983
0.007613273467110781
0.009141119580807213
0.005753484277853917
0.011727182591895794
0.01737656487921625
0.012287629332468818
0.007525120716748266
0.0019001487343595171
0.007432081681277945
0.02281347601066647
0.07088408601417384
0.041206787029311104
0.11118228624049793
911971535697961e-19
0.010087301189497301
0.21020969580229018
4806097927499471e-21
0.07267178755552672
0.010904183008200265
0.0012692065572430936
5486343701157724e-21
12044229766550995e-22
0.09988225292830158
0.08720728114897618
0.004139962387811163
0.04018896856866585
0.02017271994661981
0.005776394660386307
0.012076960546341994
0.00048282428720912895
0.28531083997758233
15699129998374498e-25
0.07734103978855549
0.00034188460268012546
0.009610135450022912
0.010892318566868476
0.00015705539194077844
0.00017086758649551264
0.2873430747408906
0.0003934672411649582
0.056038135011833794
0.22412966555687674
13179223931639798e-22
25861642396540635e-22
0.0001447209793533874
12571432629730431e-21
0.0005943946497895709
1700299935001306e-20
14432276276812767e-23
10044038219301259e-22
19076894066593778e-21
0.07522337467273432
0.07600136181824736
43499390776027014e-21
0.00021267163254048063
0.019549714318165184
0.008147572191970036
0.08954758462158477
0.020122995432251035
2782866804452677e-20
0.13294357853457392
0.03835813774120543
5573477688538174e-22
0.25134454981343207
44589630577392705e-23
0.0037615388776147582
0.0009823439414861908
22994565953036966e-28
0.2558446477183833
0.28745097218209753
0.0180439495231397
0.24686970319563784
0.27809566648823747
0.007393735098466573
0.18251331939093443
22332184592013277e-26
463061217556559e-20
0.0006293313146518632
9120461670597306e-20
0.12739607581849427
864559865188494e-21
0.00011181161675476991
0.15628562694810683
0.0009289764831554013
0.01182617453775244
12200709505529815e-21
0.13387808359430461
0.09493797655485306
0.021166296735129958
3146884447995579e-20
0.00015344401341062087
12006679247173684e-23
0.013645556497730775
0.15741057618205137
8333314501578431e-24
11103271137165032e-21
9106316554634465e-21
9650015253342441e-20
10586378704679322e-21
0.27137785372856466
0.15624802246681638
0.005149815065800734
0.001547848730393275
0.041513912684272014
0.005876413963816566
6760301422778853e-20
0.028257327127095954
8323529860633994e-20
0.0007208570869348407
0.07975434856997833
9970376633991466e-22
0.28518948759959883
0.28464767658217044
0.0018274343236916633
0.0005370237920157531
58299100867422596e-25
0.0010305714443719872
10390421272845925e-24
0.010258178844303483
0.029153379034458672
0.0009037372357242021
0.00033760972350902645
0.00015454451107682407
26181794965168463e-22
0.00611609625141904
0.030455182413741375
0.021382010478056823
11257175917570316e-24
0.27838229941624315
0.06655225095332212
0
0
8177777081929328e-20
6661639599432627e-20
10336379598937624e-22
7596603033916257e-22
0.00019347548705960738
0.00973504277374725
0.0053849747682744925
15204233618991263e-24
0.00013149514441078585
7328718907298339e-21
0.05588615114864682
0.013372039511965724
0.09849099712375352
38456355014315705e-23
0.060039905755530754
0.007677395820452318
0.00012014060668713118
0.1206151686229271
0.0002964080014659048
18549559457235038e-29
8514675680334131e-20
37361537374753647e-22
0.00012471264068988794
0.01629423285935763
0.003900842833091364
0.0001635456412567717
0.00015211043296692482
3799874507706039e-24
0.0005144263349150507
0.022841906107584038
13135133526607711e-24
0.0018052352351991736
0.0018001839929760745
4418697051266509e-20
0.10583851571869966
4337201232472061e-20
0.27515134681444375
0.001909954702894523
0.1743779537846887
0.0033004907618615895
0.0007007796237783839
0.0005692236525152563
44750810957717134e-21
0.28610378943120424
12101960672336962e-21
2156753113619221e-20
0.008288000736482589
0.006436017933186674
21715984665216656e-24
8722856706680428e-20
0.0030537801016702897
0.1285651971029111
0.030079950462245274
0.0001001107531333251
0.022917905696054112
0.0003540955962046676
0
0.11008784533884647
0.012309301426034527
0.2811190522954869
0.26928214998338307
0.2761430003858745
0.051783538900779455
0.029546346706495863
0.281846679238991
0.27930149025810724
0.28008235654259195
0.26644269246160407
0.1997861145603159
0.000765088453815099
0.015689107182629822
0.13635445942880792
0.24596224540503953
0.13259752018516452
0.00029921480915732086
0.026877925134497608
0.23407716749896867
0.11163249148691638
0.15969789322737535
