1.294717628148082
12688790265107286e-33
33123389005685014e-24
0
0.0001329315098923042
9921797012402379e-25
0.00013410499037710472
0
0.00013614095424562166
0
0.005957209181865358
0
8.113690462129433
0
7.553661360047257
0
32.96011044117993
26.41795760386218
0.0035559549829838524
0.21411012388651648
3319821723992588e-84
26.236681765933053
2.3493369202140006
22068709136746806e-26
0
0.0017114190440710405
415607218722854e-19
0.002753599539713277
0.006922800166827423
0.01984142713571915
0.024176802393409916
7583165009126053e-21
12243195845801767e-24
0.003438967043675049
8410148062733434e-21
9027280270701413e-22
108398693478493e-27
0.0019736279217587582
0.0022574811106178374
2.903443806174725
2.8560391261305433
0
0.8094201664252154
0
4.787602541253621
4.459777359517147
4.414237451119471
0
5.4632772350493095
0
4.426572359851351
0.8257441681930306
24.89736132568407
24.322297676822377
0.3334373427694124
39.212472875070986
46.20635266543625
1.3883706015896409
0.0008639051051143266
0.021381036190549093
0.34931044654717763
34.81912150284275
0.4281916642562236
0.4181039875102238
2.2433130908931234
1.303687393802511
38.808999687179806
0
38.62652732505209
0
15.369046626389611
0.00037936881979991425
0.00037921746169753453
0.12199945386252868
6.333994373636169
1.2607564838636605
2.3057751896449945
0
0.000498902961753275
0.5198585202402873
0.06858382043413361
0.028502457137623727
0.01497721354974885
0.0002409334089548689
0.00015901181310642347
0.0014627890094064673
2.023877506657501
0.4279593293243344
0.010944797874770073
0.14921534787741345
0.0077592089643126645
0.07605874874920755
0.009272139860367718
604385442658349e-21
0.059307005039227735
0.9080966732241352
0.01893030277650314
23382046198482015e-26
9737753276569822e-21
0.0009718572885719159
0
0.8377816360264055
0.46620163428605293
0.06752897586814875
0
0.35344022038392614
0.01668093718520478
0.0670284973071028
0
0.00030699641628336675
0
0.1251072758536796
0.6396885909724772
0
0
0
0
688906520407118e-20
0.3683491738339348
13151053316910811e-22
3381635557982189e-20
0.37813100462741056
0.29115267746528906
0.17988047973526033
0.5370641827517709
0.0008850316915049308
0.5592667008724342
0.0011042839161583757
0.5058694379617964
9520494012936279e-22
0.00012071282158236978
0.3943495850949998
0.0024455229488459414
29454856964648337e-29
0.172346152318724
0.03899799945423218
0.20611859146644404
0.021511615144060477
0.03489440032979533
0.07863064929795037
0.18720415375928853
0.24581005442290405
0.1783987651535926
0.24895714082392562
17545992013633167e-30
0.1699575858604313
0.16999564137013576
0.44717376299448786
0.548807589567787
0.00037930990170790944
0.5488374397414454
0.5925059032900639
11.658734761616119
2.110500263133654
2.810847268869011
0.09483734298556508
0.48614959497896526
2.6443691306321693
4.218877728063939
0.5958886979952677
5.074662790481665
7.1274986125542945
4.728829110981385
2.476423774608018
2.902767642067028
0.6383155049161297
31.654811988246372
619.1283979544279
4.0020701065050694
4272.6255224579645
1.0999827643840867
23.21841449911054
1.1698691856798253
45.05420535749145
1.3051962690781915
1.396914748214946
1.0999817532946157
0.8902431535397651
1.079827204101658
55.949873407310825
0
0.000805037087049382
0.000845519416023509
0
0.008574832154495284
0.007408009293752134
0.007028096855493656
0.005613436229626671
0.006271856003096623
0.009506657456053157
0.00567304061942649
0.010325782727525943
0.004686135757446522
0.006832763050829424
0.008984975347806252
0.017411129106763058
0.007023737897828578
0.008682598143796016
0.007557678689530143
0.009120975457170217
0.005761839097926393
0.011695875788186288
0.017274248346395262
0.012248797079441072
0.007498434725979093
0.0019000947067694055
0.007431249237013924
0.022805471002501448
0.07080121834152737
0.04117999531591664
0.11096413320105669
9119702940432205e-20
0.010085762379041753
0.20922576745017538
4806097582692711e-21
0.07258444282604133
0.010902382955168342
0.0012691824717822463
5486343251836493e-21
12044229550006766e-22
0.09970967862568783
0.08707851877735089
0.00413970518216972
0.04016352090776941
0.0201664831298172
0.0057758928758281924
0.012074749071107616
0.00048282080517472026
0.28238864155961535
15699129998006597e-25
0.07724137555365619
0.0003418828571153641
0.00960873964851278
0.010890522456742942
0.00015705502365886707
0.00017086715058063458
0.2839185290871707
0.0003934649289799986
0.05598750418916971
0.22295702623411584
13179223672360232e-22
2586164139814765e-21
0.00014472066665124697
12571430270532508e-21
0.0005943893718263377
17002995034341778e-21
14432276245720125e-23
10044038068708129e-22
19076888633918296e-21
0.07512941080958424
0.075905325690992
4349936252864049e-20
0.00021267095719723232
0.019543861674501378
0.008146570823136993
0.08941128990511858
0.020116789738414215
27828656483721014e-21
0.13261853850875815
0.03833501588141822
5573477642167786e-22
0.24968714793692384
44589630280598173e-23
0.003761326647227524
0.0009823295183893385
2299456595303617e-27
0.2540851285878925
0.28410529768831433
0.018038973755433632
0.24530613822657785
0.27397521630265054
0.007392911263178393
0.18182814177827553
22332184591938836e-26
463061185547916e-20
0.0006293253977468598
9120449252017481e-20
0.12710082735432923
8645598540306958e-22
0.00011181143010668753
0.1558138508406929
0.0009289635854855273
0.011824054652333186
12200707283423666e-21
0.13354784415092655
0.09478338221871167
0.02115942124385201
3146882969680975e-20
0.0001534436618723691
12006679225654108e-23
0.013642727414833083
0.156930780553428
8333314500541802e-24
1110326929683416e-20
910631531675487e-20
9650001350704442e-20
10586377031707648e-21
0.2691774788368575
0.1557765128246643
0.005149416559035154
0.0015478128958476777
0.04148670820367232
0.005875894584744627
6760294600061738e-20
0.02824495451367747
8323519517575818e-20
0.0007208493229457101
0.07964795643741748
9970376485599097e-22
0.2814517508585166
0.2808659379860709
0.0018273843566558837
0.0005370194840535528
5829910086234904e-24
0.0010305555693511247
10390421271234335e-24
0.010256587102440352
0.02914019307052868
0.0009037250297572361
0.000337608021333233
0.00015454415447753876
2618179394190335e-21
0.006115533466030885
0.030440766708918286
0.021374992093474113
11257175915678642e-24
0.27427277725513766
0.06647969166582922
0
0
817776709795136e-19
6661632974416108e-20
103363794394506e-20
7596602947771831e-22
0.00019347492814338215
0.009733610219253367
0.005384538903775537
15204233615540484e-24
0.00013149488625611313
7328718105531548e-21
0.05583580599256876
0.013369323686237087
0.09832359981490953
3845635479355369e-22
0.05998143561651645
0.007676507232721859
0.0001201403911937562
0.1203539190697793
0.00029640668947272076
18549559457234988e-29
8514664856748408e-20
37361535291033327e-22
0.00012471240848157728
0.016290184741114926
0.0039006145513904105
0.000163545241904442
0.00015211008751313775
3799874507490501e-24
0.0005144223819887866
0.022833880826897485
13135133524032238e-24
0.0018051864761407643
0.0018001355067151427
44186941365202234e-21
0.10564271240685162
4337198424252902e-20
0.2728100211401206
0.001909900115548123
0.17376522421283552
0.0033003274655351565
0.0007007722864426652
0.0005692188122571237
4475078106162421e-20
0.2830959077411266
12101958486055625e-21
21567524192336766e-21
0.008286964362587306
0.006435394473537678
2171598465817707e-23
8722845347328176e-20
0.003053640349857087
0.12826382098192596
0.03006589507681932
0.00010011060350815133
0.02290982609288064
0.00035409372369233635
0
0.10987438847135862
0.012307003340787895
0.27849673342156667
0.26715236514078083
0.2737609274682231
0.051740575818532655
0.029532795541578966
0.27789089032772246
0.2767754341670466
0.2760426493927767
0.2644017183372873
0.19892515572228497
0.0007650797073139627
0.015685357166873193
0.1360101838876876
0.24441687888354396
0.13227439215965806
0.0002992134721941206
0.026866752126432414
0.23274849103755565
0.11141238865973742
0.15920150148379897
