1.371843187957413
0
11556505952285993e-26
0
5163332413853204e-20
39012179514754056e-26
5197635378028922e-20
0
52563673435643315e-21
0
0.0027011700720359867
0
6.609707945734912
0
6.597081357174374
0
33.18289316424192
26.942985990738414
0.0016780135991616063
0.05150258191825298
31154396864216873e-89
38.42885548093202
2.3591688573130964
7191898936431058e-28
0
0.00045798887716424385
988536321424609e-20
0.001891251438405467
0.0069171535629518575
0.01152210728920741
0.016605956072818485
3527191772581283e-21
4322226292591748e-24
0.0019960139870366603
3896601326421411e-21
37170839706931063e-23
4363076718796986e-29
0.0005296693324298658
0.0006058905534482999
3.158077898510214
3.1380591346136106
0
1.0280411107818699
0
4.761626982304125
4.346098182081599
4.3844333119490555
0
5.410734671379498
0
4.422377581353716
0.9297810974913748
28.36306592593731
28.280543862698817
0.4339826168889403
31.086509667385737
57.803212555589944
1.3575023127568384
0.00133294112819523
0.025120778564950142
0.49895115405451507
34.860533875938074
0.5420442425911501
0.5492483123516535
2.215445722824747
1.1001761721245629
49.146939483630135
0
48.524836682674895
0
15.359186124741143
0.0007457340286093409
0.0007448410267224426
0.17257865184154964
6.291151841169698
1.2435411108257064
2.2695218977895255
0
0.0007030072903980532
0.40665808364750394
0.06872531513677799
0.027995434514763107
0.020689872351093583
0.0002720610927507387
0.00016940428095257724
0.001376235313517523
2.039899269893698
0.4205702260175377
0.00647318944350765
0.15738934825870396
0.011516815553652119
0.08200511018964303
0.01036016266229786
21746113836263012e-23
0.06456402883867582
0.7971240993240759
0.01941158766185197
5241564603157698e-26
3651946892603292e-21
0.0010790391586459783
0
0.8209702246223058
0.44985435117663947
0.09201407527078176
0
0.3307406339847334
0.010774444584988413
0.06437686391242049
0
0.0002367051029839853
0
0.1245960632660919
0.6114774011529216
0
0
0
0
32179970932161377e-22
0.36075400378465694
5056356894844919e-22
7087270262431616e-21
0.3721272024421387
0.2740768820828595
0.18217167490651892
0.5304608905838044
0.001314568682462982
0.5215276729168967
0.0011240989205549895
0.5139119569273467
9499863660093895e-22
0.0001764321276986314
0.41162346630741764
0.0014275453951238244
33726358786499237e-30
0.13950453613908328
0.0294800893996532
0.20207344190185278
0.022082368864070768
0.03652000222334017
0.058955043245625026
0.1556116624383207
0.24281068849921417
0.1844561438312911
0.24572771555927636
19974413003750506e-31
0.16091652583161858
0.16094984559527067
0.4415893679936535
0.5437971929911539
0.00035793417036235705
0.543845884548949
0.6146945415674799
11.737712008222621
2.115425223845522
2.8150749717492602
0.09207902526187045
0.4890248307032158
2.6548960618755766
4.229142091091316
0.5835044164018015
5.096054088702996
7.159553286922157
4.622902325094119
2.4756412791402926
2.912847073992803
0.6501798020104077
31.739648836322964
619.101197944657
4.002056292867537
4045.5701353776985
1.0999817376772105
23.218375876382193
1.169113569425927
45.0316604095639
1.305434058908345
1.396905460461518
1.0999807263467012
0.8799089951167345
1.0772228089440836
64.40234098362123
0
0.000790733475812883
0.0008367076906573049
0
0.008305457295249001
0.007221502630785007
0.006765756927743086
0.005163389308157153
0.006102169177449088
0.009430222749127967
0.0052945616660104635
0.010342656948811306
0.004326868240279138
0.006577427280945597
0.008841049975790794
0.01738317983865586
0.006716382443221335
0.008586445820949013
0.00729214069514072
0.009037049357022351
0.005793926268754063
0.011555033304546828
0.016794253205229294
0.012073934448913987
0.007377285146680418
0.001899815588691813
0.007426949760108866
0.02276415651875424
0.07037460950346126
0.041041848713019385
0.10984380956551257
9119638788539932e-20
0.010077815597171472
0.20421503017090528
48060958011915065e-22
0.07213483132816385
0.010893087413868354
0.0012690580375156386
5486340930344053e-21
12044228431194973e-22
0.09882278335938702
0.08641626901919788
0.004138376540896762
0.040032297797246395
0.02013429028111459
0.0057733010165924616
0.012063329565243912
0.00048280281506364874
0.2677606840276726
15699129996105765e-25
0.07672848598680593
0.00034187383850607455
0.009601531236325707
0.01088124727154902
0.00015705312088274914
0.00017086489837148103
0.26686456565574745
0.0003934529829074937
0.055726639439307356
0.21699541978121545
1317922233274923e-21
2586163623978453e-21
0.00014471905103428506
12571418081350292e-21
0.0005943621030962241
1700297273672427e-20
14432276085074808e-23
10044037290643672e-22
19076860565119614e-21
0.07464579742937394
0.07541106885315804
4349921658410234e-20
0.0002126674679579467
0.01951365091620751
0.008141399044439963
0.08871039828231375
0.02008475746117029
27828596752967793e-21
0.13095178223764933
0.03821577478710404
5573477402587451e-22
0.24129642598953088
4458962874715985e-22
0.0037602303143022065
0.000982255002429062
22994565953032055e-28
0.24518521981559208
0.2674297233150214
0.01801328747237324
0.2373840977179439
0.25363902404734406
0.007388656242968015
0.17832882166077388
22332184591554225e-26
46306102016996215e-22
0.000629294827957216
9120385089624427e-20
0.12558624252722997
8645597963820737e-22
0.00011181046576322541
0.15339893341003355
0.0009288969503771084
0.011813107963061287
12200695802548335e-21
0.13185453980377426
0.09398864606866636
0.021123933435183248
31468753317332475e-21
0.00015344184560423167
1200667911446962e-22
0.013628119827799132
0.15447503559633444
8333314495185882e-24
11103259788462842e-21
910630892104631e-20
9649929520727188e-20
10586368388024882e-21
0.2580899119292898
0.15336295207926842
0.005147358098619383
0.0015476277639111878
0.041346435462088056
0.005873211857402804
6760259349466339e-20
0.028181115594255013
8323466078646657e-20
0.0007208092103339936
0.07910052054191445
9970375718905232e-22
0.2629064476822995
0.26211273900877324
0.0018271262154017443
0.0005369972267993753
5829910083613565e-24
0.0010304735523055824
10390421262907796e-24
0.01024836703661475
0.02907216053978932
0.0009036619682207614
0.0003375992268950166
0.000154542312061006
26181788655034235e-22
0.00611262656639775
0.03036639419888284
0.021338767122279837
11257175905904995e-24
0.25398709486459287
0.06610606034980854
0
0
8177715514259369e-20
6661598745269059e-20
1033637861543434e-21
7596602502692323e-22
0.00019347204043527327
0.009726212045283426
0.005382287499152452
15204233597711453e-24
0.00013149355246504463
7328713963071193e-21
0.05557641095656166
0.013355300704422233
0.09746323546676576
3845635365295005e-22
0.0596802457806546
0.007671917834242368
0.00012013927781747642
0.11901311710817195
0.00029639991093378276
18549559457234733e-29
851460893510801e-19
37361524525146854e-22
0.0001247112087455265
0.0162692854795081
0.00389943530873928
0.0001635431785996067
0.00015210830268106936
3799874506376883e-24
0.0005144019590203055
0.02279246177262939
13135133510725625e-24
0.001804934575318305
0.001799885015170435
4418679077028376e-20
0.10463681783978664
43371839151495424e-21
0.2610268285219804
0.0019096181057778139
0.17063358648613625
0.0032994838965476497
0.0007007343780986118
0.0005691938049124334
4475062659879561e-20
0.2680516567120725
12101947190275005e-21
21567488315785935e-21
0.00828161182826595
0.006432174227344278
21715984621805883e-24
8722786657577201e-20
0.003052918400700223
0.12671792892292305
0.029993380143504663
0.00010010983044831606
0.022868126831300635
0.0003540840492030372
0
0.10877810369664781
0.012295136733437502
0.2653327575635238
0.2564138932426415
0.26177700147913835
0.05151916708501096
0.029462880136765346
0.2583200689155282
0.26408355684815066
0.2560806531571758
0.254103110559562
0.19453562167255517
0.000765034518650964
0.015665996359760178
0.13424522604325342
0.23658581903050538
0.13061739923790763
0.0002992065646460857
0.026809098865796233
0.22600286599347227
0.11028208521472423
0.1566612848960145
