1.3911570820443937
191967922655517e-35
2804514894330307e-26
0
4230047449163587e-20
32055690002323155e-26
42564457714839664e-21
0
4301543886671272e-20
0
0.0023202971732407974
0
5.7473129432818215
0
6.142574083382191
0
33.14414702332448
27.040646663998924
0.0013782605631897028
0.03464968469526371
4430511665128569e-89
46.38884917773709
2.366314687793127
17178361882375518e-29
0
0.00032921153670543963
6917210595366228e-21
0.0017762634594909723
0.006915744548632666
0.010412099058073358
0.015596420112629558
30442761868400903e-22
3533266749365273e-24
0.0018036615032453478
33596491124096046e-22
3119569963488337e-22
3683096714854526e-29
0.0003809716712055709
0.00043580561164501333
3.175823788190678
3.1703908636230165
0
1.0661608306497232
0
4.688253135789067
4.106934712965858
4.375815569090714
0
5.396919900716567
0
4.420191704879058
1.034204929837563
29.903530822405763
30.082098209274633
0.5125194472480311
26.54882462540747
65.2256525333906
1.34845301105692
0.0017781192959392372
0.026668105826469453
0.6585754065597793
34.83567862951958
0.5657234804113918
0.6276398332095005
2.2097021154241516
1.0579640671170905
55.417136418828875
0
54.312959645855706
0
15.265671067696617
0.0011334043629949646
0.00113072002392007
0.22760467748790528
6.262570597987591
1.2332005143931182
2.260379643960079
0
0.0008138586213997076
0.35267036249374983
0.06880841138683023
0.02784528058251391
0.02384788182193968
0.0002776532783161238
0.00017064151801409545
0.001356736377512761
2.047154131213981
0.4183604962725588
0.005883836007196484
0.15857662832819544
0.013490483940004077
0.08382912646108741
0.010773767408132774
1787471509983162e-22
0.0656850873320977
0.7439771511118397
0.019504667561163466
39648492360796895e-27
3032847568009065e-21
0.0011005245420753693
0
0.8162143124201754
0.44486857454704215
0.10599233365858399
0
0.32471525831755776
0.007458221786964015
0.0631393025486526
0
0.0002001253576660748
0
0.12447096139247701
0.6046009279138113
0
0
0
0
27791230795572936e-22
0.3591004413738935
4224592994425577e-22
484769644050095e-20
0.37060500922696077
0.2702472906199746
0.18255551489129426
0.5287478138356072
0.0017540478739857708
0.51373653108256
0.0011248158463778503
0.5140880854729463
949485554588686e-21
0.00023462356155917017
0.41562758428623486
0.0012935912963648235
1946645659505795e-29
0.11252332071980502
0.027368266075038342
0.20104792932034735
0.022283066342708727
0.036993103275412
0.054711513143123294
0.14831630252910927
0.24206039172650673
0.18621534683722843
0.24543369290248018
1152869999020598e-30
0.15895456928215806
0.1589835742383454
0.440201389996796
0.5425259609711395
0.0003527718129858235
0.5425570906391538
0.6209755154411123
11.78118139024126
2.1167280991048645
2.816574237447635
0.09148096279067677
0.490603772844923
2.657692153563373
4.232819179248406
0.5808179817479568
5.107254561141769
7.17784758306625
4.6026065202845095
2.47548657541357
2.9193530982044904
0.6540536302522723
31.719266207599816
619.0943866660168
4.002052833643939
3990.625433455818
1.0999814805679418
23.218366204432833
1.168924423336845
45.0260164376472
1.3054970342297822
1.3969031325225185
1.0999804691770645
0.8773331334572128
1.076571596510739
65.95344924233295
0
0.0007889766552728217
0.0008344069738099671
0
0.008236547035259266
0.0071880195032148165
0.006714462611057287
0.005065779326270594
0.006065754439229818
0.009420895993375809
0.005213575549409891
0.01036351872668535
0.004249029119573145
0.006527380036958973
0.008822231490837329
0.017409476542413045
0.006654260220371419
0.008578469824868715
0.007240829417621604
0.009033346046112615
0.005802218738384588
0.011540726858847388
0.01670980259669453
0.012052749195067686
0.007361302705589093
0.0018997456979593637
0.007425873468412512
0.02275382220963969
0.07026818056414952
0.041007326461221745
0.10956503192350778
9119622723601062e-20
0.010075826533099167
0.2029791359607884
4806095355065505e-21
0.07202267568703763
0.01089076085212287
0.0012690268784169999
5486340348992717e-21
12044228151020526e-22
0.0986019236304818
0.08625121753397744
0.004138043887399718
0.039999503896636084
0.02012623655077639
0.005772652141575922
0.01206047156737745
0.00048279831005899974
0.2642177375269334
15699129995629756e-25
0.07660058153465914
0.0003418715800901578
0.009599726942156094
0.01087892580332458
0.00015705264439041462
0.00017086433437465964
0.26275674165985596
0.0003934499914115488
0.05566150383334001
0.2155276320342838
13179221997281926e-22
25861634948019948e-22
0.00014471864645197572
12571415028919525e-21
0.0005943552746173095
17002967152927265e-21
14432276044845775e-23
10044037095799659e-22
1907685353609697e-20
0.07452517845322887
0.07528780104863779
43499180036536967e-21
0.00021266659418656792
0.019506092808878012
0.008140104434277293
0.0885357418960177
0.020076743880949943
2782858179512637e-20
0.13053768080944061
0.03818597237554447
5573477342591401e-22
0.2392397324310242
4458962836315401e-22
0.003759955819062459
0.000982236342919668
22994565953031037e-28
0.2430057335040136
0.26340935175479485
0.018006860804798557
0.2354406323883884
0.24878727074373333
0.007387591078145821
0.1774631119660942
22332184591457903e-26
46306097875578536e-22
0.0006292871728588332
9120369022055954e-20
0.12520979223451076
864559781945623e-21
0.00011181022427224492
0.1528000691311458
0.0009288802642653754
0.011810368264397967
12200692927492642e-21
0.1314338722766293
0.09379067259376526
0.021115055849425596
3146873419030248e-20
0.00015344139077510722
12006679086626638e-23
0.013624464224212589
0.1538661047561937
833331449384465e-23
11103257407364038e-21
9106307319424438e-21
9649911533044242e-20
10586366223462465e-21
0.2553856011146848
0.15276442233650883
0.005146842744834069
0.0015475814063712593
0.041311382479037484
0.00587254023673722
6760250521990102e-20
0.028165151563232866
8323452696446545e-20
0.0007207991656253084
0.07896402097009204
9970375526908655e-22
0.2584568707729099
0.2576159477738531
0.001827061577005527
0.0005369916532500654
5829910082957125e-24
0.0010304530145005552
10390421260822653e-24
0.01024630958750832
0.02905514861757708
0.0009036461769486787
0.00033759702461496363
0.0001545418506838356
26181787331089005e-22
0.006111898832752059
0.03034779819389648
0.021329705228617428
11257175903457459e-24
0.24914651867674587
0.0660128242912981
0
0
8177702596647657e-20
6661590173584151e-20
10336378409083007e-22
7596602391234875e-22
0.00019347131729798576
0.009724360264425127
0.005381723846556327
15204233593246686e-24
0.00013149321845727698
7328712925710651e-21
0.055511641768867304
0.0133517913525343
0.09724896307556688
3845635336731844e-22
0.059605058473758354
0.007670768980092165
0.00012013899900579575
0.11867969674538152
0.00029639821346654193
18549559457234667e-29
8514594931187553e-20
37361521829138497e-22
0.00012471090830769882
0.01626405605549284
0.0038991400569131245
0.0001635426619079052
0.00015210785572412373
37998745060980075e-25
0.000514396844797986
0.022782101321582333
13135133507393361e-24
0.0018048714994541434
0.001799822292173504
4418675305816712e-20
0.10438642341006242
4337180281766522e-20
0.258156623590588
0.0019095474910035609
0.16985823380654338
0.0032992726825439296
0.0007007248853574072
0.0005691875427090678
4475058791807445e-20
0.264411126975876
12101944361570959e-21
215674793315376e-19
0.008280271980256675
0.006431368060963286
21715984612697754e-24
8722771960466815e-20
0.0030527376358746587
0.12633373033708167
0.02997524824853644
0.00010010963685849017
0.022857696330579564
0.0003540816265448377
0
0.10850528733766629
0.012292166872342088
0.26213481158027724
0.25379302142874416
0.25885901973327974
0.05146387008834517
0.02944539774973008
0.2536388297142075
0.26099742588537017
0.2513119705276708
0.2515875446817322
0.1934516377375156
0.0007650232028585906
0.015661151741173277
0.13380684031893286
0.23466435596495955
0.1302057127562858
0.0002992048348728966
0.026794680633429088
0.22434445078673598
0.11000083293721091
0.15603153155270635
