1.3919903462568735
16099358938419833e-37
2638323879396111e-26
0
4195006616012358e-20
3179417323457372e-25
4221115305888873e-20
0
42657145765062653e-21
0
0.0023061355596952237
0
5.698250300543969
0
6.1184382927609695
0
33.141169850871016
27.04459664080139
0.001365355929316204
0.03400887199637512
4084384894663574e-89
46.86706871411902
2.3667276775044526
16149679892026206e-29
0
0.0003245555998773005
6811735991750479e-21
0.0017718883967754195
0.0069156837904546615
0.010369862834780497
0.015558009301745904
30263083249292157e-22
3504442730593147e-24
0.001796343352432429
33396705494867528e-22
3097414891184955e-22
3658152655212173e-29
0.00037559326308646637
0.00042965354996969056
3.174886796167385
3.1708452560676648
0
1.0676908229246906
0
4.683924003514701
4.09089025000177
4.3753825247153895
0
5.3963119673634585
0
4.420043543921573
1.0422575413909452
29.98146099455014
30.1739853592189
0.5178061692526104
26.295106674102584
65.65931170273072
1.348040259311128
0.0018131023254039978
0.026729033239805154
0.6711904521236302
34.83351576357551
0.5667518314810636
0.6321646775801268
2.20945894449353
1.0562222951983142
55.77940667122325
0
54.64058611195322
0
15.25894519306835
0.0011636502986003845
0.001160672539226573
0.23197313491716448
6.260763032515905
1.2325871917792282
2.259979233731225
0
0.000820146751554599
0.3498166343286896
0.06881419807795752
0.027838680596760937
0.024026883603065357
0.00027788023984869813
0.00017068703939126031
0.001355926199665198
2.04754338584731
0.41825928419728464
0.00586160971064665
0.15861211384367332
0.013601405090835593
0.08392290563146597
0.010796132831930995
17732790668327177e-23
0.06573303002201787
0.7411440247581262
0.01950895681815004
39205899895245574e-27
30100901713167304e-22
0.0011013859166789284
0
0.8160033497758707
0.4446262899659106
0.10679146742016538
0
0.324448653896111
0.007268643724087949
0.06307010064173986
0
0.000198109884950151
0
0.12446561432310276
0.6043060245605629
0
0
0
0
27627985655537815e-22
0.35903250672465514
41939928582917856e-23
4769661489428088e-21
0.37053918860156587
0.2700890669586168
0.182570497091238
0.5286685980403956
0.0017885278020011827
0.5134145686384839
0.0011248170818651604
0.514082924123435
9494640200188772e-22
0.00023920575395629484
0.41579275793417525
0.0012885401681234203
19009180205396833e-30
0.11070945105384139
0.02727899909051989
0.20100359070313123
0.02229311990098197
0.03701509016424995
0.0545343469465237
0.1480070416429637
0.2420279574028203
0.1862974532624601
0.24543204379303277
11258211445280778e-31
0.15887707214994212
0.15890578561870652
0.440141528340933
0.5424709696414137
0.00035255280739740453
0.5424999631799771
0.6212651763763698
11.78359921931617
2.116786043128944
2.8166469018570583
0.09145638288643178
0.49069153634881413
2.657816689164503
4.232997872862813
0.5807077607028179
5.107883251344966
7.1788928679735555
4.601885652072498
2.475481751863201
2.9197352976710755
0.6542420524240011
31.717037823988903
619.0940928069879
4.002052684401849
3988.2718053830276
1.099981469475413
23.21836578715357
1.1689162636479657
45.025772954259054
1.305499867356834
1.3969030320700495
1.099980458081927
0.8772221151919426
1.076543509946193
66.01514507019274
0
0.000788936763706567
0.0008343086122975708
0
0.008233588398517813
0.007186928073362067
0.006712595614592679
0.005061857586721753
0.0060644198530181125
0.009420774866526416
0.0052103668235296665
0.010364918031836336
0.004245904134638887
0.006525556364209937
0.008821858873459324
0.017411487357945035
0.0066519280659404455
0.008578546028907312
0.007238981836500594
0.00903363269877088
0.0058026906183385775
0.011540670169666485
0.01670703115316739
0.012052421357933473
0.007360982883601601
0.0018997426827036925
0.007425827037197833
0.022753376459515195
0.07026359249712734
0.04100583771259399
0.10955302048304846
9119622030507983e-20
0.010075740727239903
0.20292598409728954
480609533581818e-20
0.0720178408537779
0.01089066048786404
0.00126902553412935
5486340323911331e-21
1204422813893289e-21
0.0985924061384759
0.08624410377403105
0.004138029536247563
0.03999808966576288
0.02012588915915389
0.005772624148638257
0.01206034827929098
0.00048279811569939185
0.2640659426668762
15699129995609217e-25
0.07659506812090992
0.000341871482655085
0.009599649106666903
0.01087882565878002
0.00015705262383301799
0.00017086431004204416
0.26258094666156856
0.0003934498623491952
0.05565869538524526
0.2154645307903524
13179221982808776e-22
25861634892289025e-22
0.0001447186289970044
1257141489722775e-20
0.0005943549800162838
17002966912024142e-21
14432276043110164e-23
10044037087393456e-22
1907685323284213e-20
0.07451997894636715
0.07528248741106783
4349917845975681e-20
0.00021266655648930936
0.019505766793426048
0.008140048585216579
0.08852821439414539
0.020076398220990048
2782858114979662e-20
0.1305198446231844
0.038184687125685055
5573477340002976e-22
0.2391513955291255
44589628346586744e-23
0.0037599439768958884
0.000982235537895716
22994565953030993e-28
0.2429121405710068
0.26323726645176115
0.018006583589056234
0.23535714394907584
0.24858005156065663
0.007387545126926303
0.1774258571500147
22332184591453746e-26
4630609769690431e-21
0.000629286842595085
9120368328849425e-20
0.12519357636091363
8645597813227876e-22
0.00011181021385355027
0.152774284853039
0.0009288795443789859
0.011810250079185146
12200692803453405e-21
0.1314157535421922
0.09378214076394087
0.021114672925465563
3146873336510045e-20
0.00015344137115232972
120066790854254e-21
0.013624306531650573
0.15383988758091452
8333314493786784e-24
11103257304635701e-21
9106307250325268e-21
9649910756997846e-20
10586366130076212e-21
0.2552695681223216
0.1527386524448683
0.005146820511956592
0.001547579406387448
0.04130987084822549
0.005872511262565436
6760250141144323e-20
0.028164463026540774
8323452119095389e-20
0.0007207987322670536
0.07895813723791396
9970375518625297e-22
0.25826660535991675
0.25742368713091507
0.001827058788346324
0.0005369914127903209
5829910082928804e-24
0.0010304521284420548
10390421260732693e-24
0.010246220831756872
0.02905441489196491
0.0009036454956680469
0.0003375969296017621
0.0001545418307785548
26181787273969702e-22
0.006111867437905179
0.03034699615806026
0.02132931435565681
11257175903351864e-24
0.24893976912688737
0.06600880474485794
0
0
817770203934033e-19
6661589803774032e-20
10336378400180342e-22
7596602386426239e-22
0.0001934712860995519
0.009724280380509617
0.005381699530078264
15204233593054062e-24
0.00013149320404711454
7328712880955546e-21
0.05550884911459971
0.013351639968431283
0.09723972927540318
38456353354995367e-23
0.05960181678113679
0.007670719418658739
0.00012013898697696753
0.11866533294443803
0.0002963981402325026
18549559457234665e-29
8514594327013393e-20
3736152171282393e-21
0.00012471089534585
0.01626383047895903
0.003899127319292051
0.0001635426396161813
0.00015210783644097685
3799874506085976e-24
0.0005143966241549444
0.022781654444012926
13135133507249597e-24
0.0018048687782058004
0.0017998195861485856
4418675143114447e-20
0.10437563407337741
4337180125010629e-20
0.25803350629670435
0.0019095444445112728
0.16982486196464291
0.0032992635703890548
0.0007007244758125686
0.0005691872725387961
4475058624926307e-20
0.2642551801295518
1210194423953148e-20
2156747894392799e-20
0.008280214179733524
0.0064313332825971375
217159846123048e-22
8722771326386225e-20
0.0030527298373329674
0.12631718099781453
0.029974466226311964
0.00010010962850640382
0.022857246431922048
0.0003540815220238559
0
0.1084935325615397
0.012292038759018034
0.26199771246038456
0.25368055327397443
0.25873386304076124
0.051461485732056944
0.029444643736161357
0.2534387858926617
0.26086509474777164
0.25110824426252104
0.2514795771528098
0.19340500730382415
0.0007650227146622675
0.015660942762285128
0.1337879591801852
0.23458180986943228
0.13018798049018782
0.0002992047602450799
0.02679405875850632
0.2242731758452943
0.10998871495267373
0.15600441898302217
