1.3976277879211794
5589157123474914e-37
17452075889221195e-27
0
39678381525033614e-21
30098108945196676e-26
39920804497956646e-21
0
4033467411738024e-20
0
0.002214637828150292
0
5.327015397969777
0
5.941277913756583
0
33.117557622660655
27.07075991826852
0.0012761526953807014
0.029778707134597533
2369819930274502e-89
50.59371908857099
2.3698534071729904
10635447435892349e-29
0
0.00029473931488844846
61397440191371494e-22
0.0017434266813363506
0.006915272793850951
0.010095092633962797
0.015308130108728382
29102942759050983e-22
3319039706552748e-24
0.0017487364706369989
3210670540445686e-21
2954330476972602e-22
349768614921903e-28
0.00034114607869052205
0.0003902511890466768
3.1594284223725757
3.16942817391373
0
1.0777782752648395
0
4.650816405738392
3.9612016855743475
4.372086352753336
0
5.392151506837388
0
4.418724660077857
1.11584178081809
30.539817173936317
30.834505521235183
0.5623008570250722
24.39133610238676
69.02913636155729
1.3451467259188101
0.002142391314692337
0.02707597363184755
0.789871835379289
34.814916890684934
0.5737775030442869
0.6667178960508535
2.2077596297031
1.0445972961171663
58.54526661024057
0
57.112981387317504
0
15.20346616196748
0.0014448188514508975
0.0014397039353555357
0.2731721259891385
6.246089808708521
1.2278315849665429
2.2572370110907443
0
0.0008678811537164008
0.3286101663842342
0.06886144773361613
0.02779400919381896
0.025384447147777364
0.0002793991903791612
0.0001709872268701252
0.0013505186909430116
2.050423238377305
0.41755852611906297
0.005717541998561727
0.15878863859320538
0.01444026038298925
0.08461024244148317
0.010962935339239666
1681945176001786e-22
0.06605908289895032
0.7203009995996665
0.019539513809265188
36403765188086396e-27
28634885924967216e-22
0.0011070274430543098
0
0.8145645130072037
0.44288886134585526
0.11287292172944922
0
0.32262601117979767
0.005831369699531773
0.06254434266420883
0
0.00018307079265680257
0
0.12442958112181449
0.6023148541733185
0
0
0
0
2657417835695217e-21
0.3585818084482156
39968958478504017e-23
42753560192743705e-22
0.3700935736058158
0.26903908421343176
0.1826685187749878
0.5281003948805234
0.00211212484982204
0.5112627550091721
0.0011247651026903597
0.5140221244911248
9493184511574597e-22
0.00028227821078621624
0.41688792983831147
0.0012558240630666435
16183240351514524e-30
0.09574684555650992
0.026677980200188637
0.20070342006570543
0.02236566502847082
0.03716893383507922
0.05334844766111838
0.1459265618520714
0.24180835211269402
0.18687334110469928
0.24545590048241303
958733371840753e-30
0.1583763935091644
0.15840272359830007
0.4397365563715757
0.5420986094296809
0.0003510853696458778
0.5421033249750101
0.6232863040264087
11.80170128002215
2.1171833964629854
2.8171616998526106
0.09129325346191298
0.49134842755437125
2.658671200869848
4.234265084565083
0.5799769251552526
5.112620314260321
7.186816265121062
4.5975159653165125
2.4754553504801673
2.922661019906312
0.6555856605162698
31.696838830105378
619.0921047099881
4.002051674705951
3972.3847788847434
1.0999813944290104
23.218362964054588
1.1688610608411898
45.02412570413538
1.3055194189976482
1.396902352421985
1.099980383017903
0.876471269443367
1.0763535097818469
66.42231695590272
0
0.0007887770995335333
0.0008336470201610287
0
0.008213636524165478
0.007180725557505792
0.006701100005806541
0.005036227862430726
0.006056250155474252
0.009420912136259557
0.005189564568260413
0.010376087010948424
0.004225492586265054
0.006514320126529883
0.008820797340286872
0.01742801829405438
0.0066372861951666026
0.008580463617398134
0.007227684982824481
0.009037057378274836
0.005806366751805556
0.011542163621543979
0.016691148343248027
0.012052156337063564
0.007360049144221751
0.0018997222831438159
0.007425512914851472
0.02275036097036524
0.07023255983860899
0.04099576701658801
0.1094717917719747
9119617341394257e-20
0.010075160227652325
0.20256675106553465
48060952056005674e-22
0.07198513935673313
0.01088998149865381
0.001269016439400544
5486340154223436e-21
1204422805715409e-21
0.09852803975821475
0.0861959911039911
0.004137932444961924
0.03998852301268388
0.020123539041709486
0.0057724347662317065
0.01205951420793778
0.00048279680076323785
0.26304126417246465
15699129995470278e-25
0.07655777759179207
0.0003418708234596907
0.009599122527930605
0.010878148155964796
0.00015705248475220336
0.00017086414542004028
0.26139469275079774
0.000393448989180095
0.05563969857646403
0.2150381049102785
13179221884890806e-22
25861634515241956e-22
0.00014471851090560537
12571414006268247e-21
0.0005943529868994835
17002965282196278e-21
14432276031367906e-23
10044037030521356e-22
19076851181174306e-21
0.0744848112566432
0.07524654789310928
434991677920661e-19
0.00021266630144901522
0.01950356128189734
0.008139670748955444
0.08847730395609434
0.0200740598179118
27828576783824287e-21
0.130399238064543
0.038175992915391255
557347732249101e-21
0.23855460921178148
44589628234501076e-23
0.0037598638598023786
0.0009822300915306162
229945659530307e-26
0.24227988461760988
0.26207597436227026
0.018004708200506387
0.23479308081650146
0.24718263863888734
0.007387234251864818
0.17717401538299504
2233218459142563e-25
4630609648808548e-21
0.0006292846082031686
9120363638968163e-20
0.12508392316486114
864559777109e-18
0.00011181014336598921
0.1525999558046819
0.0009288746740086358
0.011809450529238963
12200691964267063e-21
0.1312932369996439
0.09372443912856646
0.0211120824392117
31468727782204006e-21
0.00015344123839466798
12006679077298442e-23
0.013623239711959804
0.15366263282055745
8333314493395296e-24
1110325660962808e-20
9106306782835454e-21
9649905506664456e-20
10586365498272363e-21
0.25448593158625793
0.15256442062719974
0.005146670098143355
0.0015475658755825467
0.0412996453762073
0.005872315241817509
676024756453614e-19
0.028159805179776547
8323448213032298e-20
0.0007207958003924544
0.07891834241456916
997037546258432e-21
0.25698304052884
0.25612671322426983
0.0018270399218089457
0.0005369897859648742
5829910082737198e-24
0.001030446133841115
1039042126012407e-23
0.010245620375700544
0.029049451364521285
0.0009036408864834467
0.00033759628679148976
0.00015454169610962053
26181786887529563e-22
0.006111655040582294
0.030341570548470455
0.021326670096248914
11257175902637471e-24
0.2475455065390275
0.06598161696749896
0
0
8177698268883536e-20
6661587301827478e-20
10336378339949423e-22
759660235389345e-21
0.00019347107502695532
0.009723739943823424
0.005381535020046974
15204233591750862e-24
0.00013149310655532952
73287125781652895e-22
0.055489959127008104
0.013350615825707256
0.09717728110888706
384563532716237e-21
0.059579889769131165
0.00767038411963063
0.00012013890559606814
0.11856820043229735
0.0002963976447687323
18549559457234645e-29
8514590239479578e-20
37361520925898773e-22
0.00012471080765261174
0.016262304425097115
0.003899041144122324
0.00016354248880180017
0.0001521077059810813
3799874506004578e-24
0.000514395131398883
0.02277863132802001
13135133506276962e-24
0.0018048503677319683
0.0017998012786677924
44186740423538664e-21
0.10430266819992509
43371790644801686e-21
0.25720209830645835
0.0019095238336223014
0.1695992572294981
0.0032992019228468795
0.0007007217050468714
0.0005691854447075795
4475057495893611e-20
0.26320253646485453
12101943413874499e-21
2156747632155877e-20
0.00827982314140371
0.00643109799480861
2171598460964627e-23
8722767036520814e-20
0.003052677076891415
0.1262052735231819
0.029969175997774617
0.00010010957200045576
0.02285420287913612
0.00035408081488888776
0
0.10841403917212997
0.0122911720445309
0.26107205125942134
0.25292095908792195
0.25788870465027486
0.05144535729227701
0.029439542971201833
0.2520895294164407
0.259971570377533
0.24973426755969694
0.25075033991265944
0.19308982464021304
0.0007650194117825423
0.015659528990714627
0.13366028897073137
0.23402410722784003
0.13006807642017082
0.00029920425535173446
0.02678985184833283
0.22379156033113348
0.10990676589533568
0.15582111284743558
