1.4012754414935944
2952902863826028e-37
13357408691493438e-27
0
3829589424397248e-20
2906534179118794e-25
3852704877776047e-20
0
38921540280217296e-21
0
0.0021592434957582924
0
5.041959115569628
0
5.811490742662232
0
33.09872768467091
27.087171214434107
0.0012153816755922729
0.027085327238927658
16755204433341406e-90
53.6023755912905
2.3722433806341363
8117186381951451e-29
0
0.0002769227554917032
5741186214558366e-21
0.0017260219298935319
0.006915006918348657
0.009927062852462074
0.015155325472188116
28402354547861368e-22
3207488588505425e-24
0.001719625065013603
3132764832805942e-21
2867754639878227e-22
3401255004418144e-29
0.00032055867464246215
0.00036670218960503865
3.1350564653384554
3.1619763071666642
0
1.0840355386987264
0
4.62484281720693
3.851573556368535
4.369305230127591
0
5.389392703193245
0
4.417326672785679
1.192554868379459
30.932513427192994
31.301357914242146
0.6038576547636829
22.948742664865453
71.64460790193392
1.343114145196515
0.0025142857089707695
0.027136091907955667
0.9234695248186858
34.79813255348973
0.5784122379640154
0.6937060489680772
2.206513033551764
1.0372113903651026
60.704000093355624
0
59.00337489817518
0
15.155396296261896
0.0017556075609190549
0.001747123963578317
0.3197327889797032
6.233228900187272
1.2240211411556503
2.2554098175851993
0
0.0009048671678171697
0.3124609214851372
0.068901580343407
0.02776524883204103
0.02643451795565953
0.0002803746865109092
0.00017117918706382172
0.001347089558802655
2.052563753682521
0.4170886337683428
0.005629888481823038
0.15881217164726186
0.01508649943336565
0.08511582997840324
0.011088658695943793
16269651483773605e-23
0.06627327567498147
0.7049606601065367
0.019561295428955478
3475675346396477e-26
27750597300109082e-22
0.0011104605779263595
0
0.8136237953163842
0.4416472601888731
0.11760047204095127
0
0.3214268133728123
0.004726638510910448
0.06213384722174243
0
0.00017176661922970536
0
0.12440641677153387
0.6010302790153548
0
0
0
0
25937834602466604e-22
0.35829926181901545
387811367795699e-21
39846523532327575e-22
0.3698049651708293
0.26838190423522035
0.18272889492058442
0.5276769853076725
0.0024755803266879066
0.5098898694160816
0.0011246767883973476
0.513959338403829
9492243648873384e-22
0.0003307587267108007
0.4175714168496859
0.0012359763092053048
14581086287350536e-30
0.08256233549567271
0.0262910919048386
0.20050901544400831
0.02241770573954657
0.037274200132302863
0.05259289156595141
0.14459134027408538
0.24166608882045176
0.18726904812704692
0.245510486302615
8640721081352358e-31
0.15807932992088722
0.15810361827065503
0.43947453903621336
0.541857383372116
0.00035015488975376804
0.5418277646201077
0.6246635870211028
11.815373650521119
2.1174462966442866
2.8175195016083654
0.09119091107804028
0.49184436179608193
2.6592370954615085
4.23514710324232
0.5795191751352456
5.11623745500634
7.192915612316972
4.595262929085073
2.475445018301618
2.9249436212367605
0.656532496811382
31.677468277861283
619.0908183339372
4.002051021391859
3962.1389651905965
1.0999813458709446
23.218361137395153
1.1688253437737472
45.02305989855774
1.3055325040531482
1.3969019126271454
1.0999803344484362
0.8759856722263437
1.0762305898240114
66.676782246071
0
0.0007887951999980949
0.0008332234901985699
0
0.008200804367004587
0.0071780614490387406
0.0066949499206690405
0.005020649525590051
0.006051976363424982
0.009422100385040525
0.005177120830662352
0.010385269072428585
0.004213100859441858
0.006508299842418931
0.008821772948488698
0.017442054647193908
0.006629098787881072
0.008583303794277746
0.0072217405507308
0.009040966006720741
0.005809346447058434
0.011545274267172731
0.016684125393402572
0.012054211929519377
0.00736084689142318
0.0018997090839173094
0.007425309672024056
0.02274841003944315
0.07021248775256063
0.040989252185445094
0.10941926559403621
9119614307348641e-20
0.01007478463867867
0.20233465164416367
4806095121344489e-21
0.0719639880735297
0.010889542187632557
0.0012690105547765954
5486340044428485e-21
12044228004239887e-22
0.0984864144907311
0.086164874556543
0.0041378696241731955
0.03998233421911224
0.020122018566564877
0.005772312231438561
0.01205897456065512
0.00048279594994808314
0.26238037526107044
15699129995380382e-25
0.07653365878034997
0.0003418703969341921
0.009598781825506617
0.010877709806627224
0.00015705239476133682
0.0001708640389030065
0.2606299954460223
0.0003934484242052791
0.05562741032515741
0.21476263985670146
13179221821533902e-22
25861634271277193e-22
0.00014471843449572838
1257141342978132e-20
0.0005943516972755775
1700296422763158e-20
14432276023770184e-23
10044036993722795e-22
1907684985366207e-20
0.07446206517790807
0.0752233027090895
4349916088963862e-20
0.0002126661364277561
0.019502134359302082
0.008139426282903858
0.08844437843782398
0.020072546921340296
27828573958863346e-21
0.1303212601165448
0.0381703684632904
5573477311160061e-22
0.23816925801823788
44589628161977094e-23
0.003759812021700694
0.0009822265675274284
2299456595303051e-27
0.24187166650681496
0.2613273025306248
0.018003494852074146
0.23442882961243225
0.24628264443544956
0.007387033110052819
0.1770112540474948
22332184591407437e-26
46306095705930645e-22
0.0006292831624651353
9120360604425916e-20
0.12501302427762992
8645597743825083e-22
0.00011181009775769989
0.15248726384623684
0.0009288715226949453
0.011808933216814272
1220069142127947e-20
0.1312140246927543
0.0936871227472441
0.021110406458813354
3146872416984393e-20
0.00015344115249513358
12006679072039966e-23
0.013622549480831248
0.15354805063685642
8333314493141986e-24
1110325615992996e-20
9106306480350581e-21
964990210948717e-19
10586365089469647e-21
0.2539801692510516
0.15245179148743448
0.005146572776643418
0.0015475571206656172
0.04129303042952414
0.005872188411923885
676024589736659e-19
0.0281567917743365
8323445685651912e-20
0.0007207939033569429
0.07889260423643929
9970375426323539e-22
0.2561559231484524
0.2552910024600051
0.0018270277144973063
0.000536988733345406
5829910082613225e-24
0.0010304422551095772
10390421259730268e-24
0.010245231875010728
0.029046240212641405
0.0009036379041664575
0.000337595870867805
0.00015454160897341663
2618178663748711e-21
0.006111517614826557
0.03033806047573607
0.02132495932776542
11257175902175226e-24
0.2466475258292641
0.0659640313392602
0
0
817769582924588e-19
6661585682967005e-20
10336378300977575e-22
7596602332843417e-22
0.00019347093845454091
0.009723390275356366
0.005381428578059123
15204233590907644e-24
0.0001314930434742261
732871238224771e-20
0.05547773996382198
0.013349953205656037
0.09713689598193533
3845635321767884e-22
0.05956570640094818
0.007670167175359881
0.00012013885293935248
0.11850539412394533
0.0002963973241840041
18549559457234627e-29
851458759468034e-19
37361520416726262e-22
0.0001247107509115601
0.016261317082608657
0.00389898538630464
0.00016354239121884836
0.00015210762156829332
3799874505951912e-24
0.0005143941655274309
0.02277667546303388
13135133505647623e-24
0.0018048384555082115
0.0017997894330838724
4418673330117239e-20
0.10425548350025929
4337178378274052e-20
0.2566655715736683
0.0019095104976591122
0.16945344153241423
0.0032991620349986993
0.0007007199122548419
0.000569184262029721
4475056765363782e-20
0.2625236686555778
12101942879640951e-21
2156747462477962e-20
0.008279570133572871
0.006430945758646196
21715984607926103e-24
8722764260804896e-20
0.0030526429392301467
0.1261329176781269
0.02996575350271019
0.00010010953543883086
0.022852233792898823
0.00035408035734461435
0
0.10836263476121231
0.012290611277643027
0.2604748542755586
0.2524306831883311
0.257343324488381
0.051434924230654364
0.02943624304008648
0.25122033567166047
0.25939505530844786
0.24884925738109473
0.2502796209886974
0.1928861624089666
0.0007650172746928994
0.01565861429113216
0.13357774608897677
0.2336639576878666
0.12999055247059702
0.0002992039286657011
0.02678713015866508
0.22348048678349317
0.10985377406650848
0.15570262112201264
