1.403830430043503
18872190647590812e-38
11076076308297843e-27
0
37366102200906e-18
2837048860395432e-25
37589711023268185e-21
0
3797123444973663e-20
0
0.002122118490331962
0
4.815256671551393
0
5.711920499423568
0
33.083660054297255
27.09842536250548
0.0011703853908262838
0.025171896230861072
13176805730728433e-90
56.10257340458368
2.3741291121906696
6717702462328467e-29
0
0.0002650885025648261
547774371121844e-20
0.0017142803211255978
0.006914820711821212
0.009813705852393913
0.015052240336360495
2793504690409386e-21
31330707861367285e-25
0.0016999864879943423
30807960221705014e-22
2809798111083728e-22
33371036557361674e-30
0.00030688234444356993
0.0003510583948210237
3.1049913940961233
3.1513773419725393
0
1.0882658760398267
0
4.60360965456702
3.7580055178143046
4.366642145858875
0
5.387403877196391
0
4.415755274718185
1.2728125565899238
31.22316992612682
31.648147538136556
0.6440193913896817
21.813360919173373
73.68587562033468
1.3415258241848302
0.002946483828789275
0.02699374147459728
1.0779162591012643
34.78333633776814
0.5817152488606449
0.715524998073432
2.205428383661396
1.0320907001323152
62.44766331120919
0
60.50183239258031
0
15.11371585315125
0.0021089903776954303
0.0020955346998406885
0.3737694524704361
6.221536675057919
1.2208730217285373
2.254080694643022
0
0.0009346116934895442
0.299381800845608
0.06893562660960505
0.027745286513652358
0.027277718287421163
0.0002810590266367301
0.00017131524660423335
0.0013447193316116703
2.0542272029234563
0.4167507705175522
0.005570830763248829
0.15875110726525454
0.015603748062103224
0.08550663145619275
0.011187477599012707
15902661885416544e-23
0.06642607773327855
0.6931254959635346
0.019577918918424947
3367480603271749e-26
2715885368936897e-21
0.0011127158792066866
0
0.8129611090257677
0.44070259243383425
0.12141045495646037
0
0.3205760279621853
0.0038510840494604135
0.061799153829539606
0
0.00016292118415373093
0
0.12439027456100539
0.6001323324816843
0
0
0
0
2551307064903181e-21
0.358106128703031
3798776785709941e-22
37935844563321656e-22
0.3696026844316266
0.2679342500985892
0.18276982211187193
0.5273197010603947
0.0028955038749993557
0.5089311864191663
0.0011245899780376128
0.5139046537244344
9491585042543967e-22
0.0003868653424633648
0.4180341799995551
0.001222679478298441
13553612116823316e-30
0.07085719369561791
0.026020491091768624
0.20037276080127467
0.02245718207103129
0.03735131919401775
0.05206915457160064
0.14366118211884024
0.24156635568820828
0.18755997505959587
0.24557177679864178
8033996854866575e-31
0.15788739078573968
0.15790992228858652
0.43929101638569745
0.5416882799172665
0.00034951813350415304
0.5416118800713833
0.6256697310789326
11.826109901146822
2.1176337231497016
2.817783824199751
0.09112090670719103
0.4922336711959957
2.6596408145873855
4.235799340898414
0.5792065086177727
5.119103652942208
7.197774388734636
4.594027334462861
2.4754416771032153
2.9267782283963366
0.6572416095609915
31.65972797263475
619.0899172970901
4.002050563779928
3954.9780562639294
1.099981311858587
23.21835985791684
1.1688003265056195
45.02231337310336
1.305541928309434
1.3969016045577853
1.0999803004280913
0.8756456453113133
1.0761444992450235
66.85106974856298
0
0.0007888781848850134
0.0008329295724044528
0
0.008191863868920462
0.00717700761528598
0.006691412578289934
0.005010327918556072
0.006049610948828987
0.00942359885466561
0.005169005535678797
0.010392884416729274
0.004204901471506187
0.006504830815227607
0.0088234547668162
0.017453896222385138
0.0066241320065131785
0.008586255242962158
0.007218393723903265
0.0090447208551418
0.005811826616176773
0.011548744983924247
0.016681153113793982
0.012056990889421753
0.00736224819275979
0.0018996998386113326
0.007425167314477723
0.02274704361507247
0.07019843173347834
0.04098468950710711
0.10938248879231667
9119612182160635e-20
0.010074521566790827
0.2021722366596865
480609506232756e-20
0.07194917641876489
0.010889234484033896
0.0012690064329247714
5486339967522925e-21
12044227967176283e-22
0.09845726866398403
0.08614308574946167
0.004137825622098734
0.03997799986670768
0.02012095362250013
0.005772226403840959
0.012058596580635218
0.00048279535399792565
0.26191844663011377
15699129995317413e-25
0.07651676935287961
0.000341870098175939
0.009598543188666249
0.01087740277660243
0.0001570523317275215
0.00017086396429349333
0.26009569805339156
0.00039344802847076244
0.05561880467081654
0.2145699013202324
1317922177715574e-21
25861634100392773e-22
0.00014471838097467182
12571413025982707e-21
0.0005943507939638541
1700296348896478e-20
14432276018448385e-23
10044036967947347e-22
1907684892380996e-20
0.0744461368887033
0.0752070249628121
4349915605485362e-20
0.00021266602083916172
0.019501134937609136
0.008139255051727294
0.08842132314961054
0.020071487285152102
27828571980127672e-21
0.13026666845682128
0.038166429325342185
5573477303223327e-22
0.23789971064254423
44589628111177886e-23
0.0037597757122757275
0.0009822240991569677
2299456595303037e-27
0.24158614097822945
0.2608041715349498
0.018002645014318867
0.23417402747782906
0.2456541982771181
0.0073868922241054225
0.1768973373873377
22332184591394696e-26
4630609515807252e-21
0.000629282149804028
9120358478890048e-20
0.12496338728784576
864559772472745e-21
0.00011181006581151469
0.15240837864973153
0.0009288693153726182
0.011808570880296031
12200691040945371e-21
0.1311585691209304
0.0936609934428364
0.021109232602354762
3146872163957686e-20
0.00015344109232707815
12006679068356683e-23
0.013622066031230881
0.15346784275980502
8333314492964558e-24
11103255844940206e-21
910630626847592e-20
9649899729944734e-20
10586364803124959e-21
0.2536265081848829
0.15237295024838204
0.005146504609172105
0.0015475509883384993
0.0412883976399599
0.005872099575917666
6760244729602672e-20
0.028154681235126537
8323443915355981e-20
0.0007207925745867982
0.0788745810021132
9970375400924777e-22
0.255578157044626
0.2547072556901213
0.00182701916396923
0.0005369879960423279
5829910082526388e-24
0.00103043953827182
1039042125945443e-23
0.010244959759582823
0.02904399118185426
0.0009036358152168829
0.0003375955795355504
0.00015454154793914014
2618178646234559e-21
0.006111421357187873
0.030335602097120714
0.02132376110658452
11257175901851448e-24
0.24602047843998773
0.06595171632741596
0
0
8177694120409068e-20
6661584549041036e-20
10336378273679855e-22
7596602318098981e-22
0.00019347084279283991
0.009723145358563496
0.005381354022325867
15204233590317014e-24
0.00013149299928926498
7328712245017802e-21
0.05546918268824753
0.013349489094915134
0.09710861833035345
38456353179893317e-23
0.059555773711965174
0.007670015221017842
0.00012013881605611981
0.11846142143813441
0.0002963970996315513
18549559457234617e-29
8514585742138737e-20
37361520060077835e-22
0.00012471071116746757
0.016260625537076006
0.0038989463313749964
0.00016354232286718253
0.00015210756244162446
379987450591502e-23
0.0005143934889866048
0.02277530558299242
13135133505206807e-24
0.0018048301116718498
0.0017997811359248025
4418672831233191e-20
0.10422244582446405
43371778976229985e-21
0.2562904296170309
0.0019095011565771673
0.16935138001022473
0.0032991340959563097
0.0007007186565015053
0.0005691834336278489
4475056253666316e-20
0.26204920067279047
12101942505438597e-21
2156747343627558e-20
0.008279392919562999
0.006430839127406219
21715984606721215e-24
8722762316563118e-20
0.003052619027829946
0.12608226093869282
0.029963356458564117
0.00010010950982935286
0.02285085465309119
0.000354080036859384
0
0.10832664320398666
0.012290218505310842
0.26005736308433747
0.2520878369260677
0.25696200152382515
0.05142761768244236
0.029433931833029316
0.2506132967943201
0.25899199852436317
0.24823122297033784
0.24995043360635072
0.19274363572228287
0.0007650157777781045
0.015657973624235492
0.13351995952200635
0.2334120220954454
0.12993627856021792
0.00029920369983961237
0.026785223923565454
0.22326285374743438
0.10981667130780164
0.15561967759562517
