1.404536490336375
16675587608324057e-38
10517425546416514e-27
0
371145779103968e-19
28182481105123663e-26
3733614938450085e-20
0
3771417270027914e-20
0
0.0021120937233643166
0
4.747999978163661
0
5.6829785084784215
0
33.07920127068192
27.101500403104872
0.0011574762181017567
0.0246322896183234
1233502215968585e-89
56.864761808261584
2.3746848850958537
6375453351450855e-29
0
0.00026190827921240237
5407126317616939e-21
0.0017110990142523094
0.0069147692580165815
0.009782992776042283
0.015024310148996012
2780947874551059e-21
31130379430672376e-25
0.0016946656869840481
30668308148604544e-22
2794170652411451e-22
33198834937478635e-30
0.0003032068740238036
0.0003468541652739905
3.0937498519606694
3.1473100790975375
0
1.089408574361347
0
4.597164936900686
3.7291353736321873
4.3657141599113825
0
5.386841575336675
0
4.41516267847213
1.3010781754198146
31.305686370453145
31.746795955015216
0.6576186622012071
21.478541232070135
74.27244145605786
1.3410437736549263
0.0031115926901649016
0.02690799727871656
1.136668379043764
34.778708265123925
0.5826375425217862
0.7220683847140559
2.2050656081418056
1.0306816527251306
62.97024526295951
0
60.94554899336044
0
15.100746075308884
0.0022420572715651163
0.002226436004301156
0.39438064903955306
6.217733540603908
1.2199164083868224
2.253701883062355
0
0.0009435075718090013
0.29541393840874464
0.0689460593367971
0.027739808683947438
0.027529669808674086
0.0002812485856553447
0.00017135323197457864
0.0013440684952032685
2.0547145540669765
0.41665603655244077
0.005554802126230718
0.15871677105901985
0.015757966904876953
0.08562083156559824
0.01121661605637597
15803795991746412e-23
0.06646886447704821
0.6896689944692578
0.0195827604901225
33385796126793886e-27
26999078173279314e-22
0.0011133091420591414
0
0.8127775142380583
0.4404282442063357
0.12255117014149787
0
0.3203391895676077
0.003592671451907305
0.0616978310172783
0
0.000160320975185093
0
0.12438582719466282
0.5998844604650896
0
0
0
0
25398797301464067e-22
0.35805350593809177
37773976839942934e-23
37425222903722874e-22
0.3695467671028444
0.2678126362118666
0.18278094679610235
0.5272047321090709
0.0030552645069907686
0.5086655245605358
0.0011245624030303029
0.5138880000812082
9491403095034899e-22
0.0004082329790598407
0.41815906055726615
0.0012190924411662014
13282574520876226e-30
0.06716093450593498
0.025945705551523583
0.20033509515310155
0.022468601103834918
0.03737320093442128
0.05192521880459399
0.14340487597630144
0.24153878199721365
0.18764269771890538
0.24559259034950098
7874003352070322e-31
0.15783708801171364
0.15785907582248823
0.4392403017065177
0.5416415289501815
0.0003493454088791928
0.5415456798059647
0.6259547800647371
11.829272220379318
2.1176860531994603
2.817859083652742
0.09110182414206343
0.4923483203014969
2.659753578743469
4.235985150376012
0.5791213529474438
5.119952369461525
7.199217078871936
4.593743863948118
2.475441396892786
2.927325495814664
0.6574453108227218
31.654067983248122
619.0896682995948
4.002050437320814
3953.00145275893
1.099981302459416
23.218359504338427
1.1687934131836843
45.02210707613052
1.3055445765179474
1.3969015194217482
1.0999802910267131
0.875551696077099
1.076120709690931
66.89866953950255
0
0.0007889128205408448
0.0008328488099025157
0
0.008189401318520455
0.007176854617904364
0.006690565741644307
0.005007574738288563
0.006049065742999895
0.009424126713594291
0.005166864231712552
0.0103951908985812
0.004202716505326002
0.006503999035162421
0.008824089225257759
0.017457510546253587
0.006622889609788838
0.008587234518419258
0.007217607452991591
0.009045931392492436
0.005812581838422359
0.0115499240865925
0.01668066200904124
0.012057986604604816
0.0073627786950760145
0.0018996972837180155
0.007425127975052475
0.02274666602394471
0.07019454790825609
0.04098342871979434
0.10937232785863625
9119611594873993e-20
0.010074448869197356
0.20212737696106703
4806095046018482e-21
0.0719450838181949
0.010889149452977599
0.0012690052938707924
5486339946270399e-21
1204422795693391e-21
0.09844921585912463
0.08613706547641548
0.004137813462393852
0.03997680216959727
0.020120659339646244
0.005772202685971978
0.012058492129542799
0.0004827951893097468
0.2617909380851597
1569912999530001e-24
0.07651210268828569
0.00034187001561540386
0.009598477243429765
0.010877317931680381
0.00015705231430839737
0.00017086394367547527
0.25994824048852805
0.00039344791911127066
0.055616426769385476
0.21451666935135688
13179221764892023e-22
25861634053169585e-22
0.00014471836618435742
12571412914394671e-21
0.0005943505443377173
17002963284837338e-21
14432276016977724e-23
10044036960824412e-22
1907684866684926e-20
0.0744417357741867
0.07520252729761606
4349915471878131e-20
0.00021266598889675302
0.019500858760678672
0.008139207733350253
0.08841495297806365
0.020071194469032903
27828571433312454e-21
0.1302515863156754
0.03816534083290328
5573477301030045e-22
0.23782527617778385
4458962809713975e-22
0.003759765678381357
0.0009822234170343118
2299456595303033e-27
0.24150729666383314
0.26065979126654537
0.018002410172319874
0.23410366283828446
0.24548081281943382
0.007386853291342865
0.1768658699305183
22332184591391175e-26
4630609500667424e-21
0.0006292818699596961
9120357891507277e-20
0.12494967379146665
86455977194499e-20
0.00011181005698332297
0.1523865862567583
0.0009288687053893424
0.011808470752090499
12200690935841654e-21
0.1311432483416778
0.0936537740052153
0.021108908223592546
31468720940348284e-21
0.00015344107569989436
12006679067338825e-23
0.013621932435001819
0.15344568504164993
8333314492915528e-24
1110325575789412e-20
9106306209925253e-21
9649899072368336e-20
10586364723994817e-21
0.2535288623215977
0.15235116999651835
0.005146485771538595
0.0015475492937000901
0.0412871174798005
0.005872075026699624
6760244406896082e-20
0.028154098024431206
8323443426142243e-20
0.0007207922073872139
0.07886960108362172
9970375393905938e-22
0.2554187237692476
0.25454617526514023
0.0018270168010739727
0.0005369877922919154
5829910082502391e-24
0.0010304387874864455
10390421259378202e-24
0.010244884562908419
0.02904336970240812
0.0009036352379453438
0.00033759549902715683
0.0001545415310725799
2618178641394597e-21
0.006111394757063409
0.03033492276970768
0.021323429995096368
11257175901761972e-24
0.24584747785050362
0.06594831353139793
0
0
8177693648179298e-20
6661584235685419e-20
10336378266136247e-22
7596602314024417e-22
0.00019347081635714129
0.009723077677930334
0.005381333419346085
15204233590153798e-24
0.00013149298707894024
7328712207094896e-21
0.055466818154078036
0.0133493608427179
0.09710080537264847
3845635316945145e-22
0.05955302914743256
0.007669973229608214
0.00012013880586359625
0.11844927264994415
0.0002963970375774595
18549559457234617e-29
8514585230196761e-20
3736151996151955e-21
0.00012471070018435772
0.0162604344365759
0.0038989355387791576
0.00016354230397849347
0.00015210754610222332
3799874505904826e-24
0.0005143933020275623
0.02277492703695989
13135133505084986e-24
0.0018048278058947203
0.0017997788430466884
44186726933687026e-21
0.10421331784879656
4337177764797119e-20
0.25618685745352865
0.0019094985752166895
0.16932318658216416
0.0032991263751616933
0.0007007183094797722
0.0005691832047027035
4475056112260893e-20
0.261918234745505
1210194240202936e-20
21567473107837522e-21
0.008279343947888896
0.006430809660625295
21715984606388252e-24
8722761779280193e-20
0.0030526124200485395
0.12606826575095845
0.02996269407935637
0.00010010950275228293
0.0228504735483098
0.0003540799482946955
0
0.10831669919755868
0.012290109966549629
0.2599421092132114
0.2519931749564757
0.2568567242160031
0.05142559873175977
0.02943329317272547
0.250445802999684
0.25888072597516015
0.24806070262893917
0.24985954044560843
0.19270426765081508
0.0007650153641125409
0.015657796583267748
0.13350399485749193
0.23334244867592413
0.129921284191086
0.0002992036366045203
0.02678469716747161
0.22320274916276048
0.1098064203273255
0.15559676429568603
