1.4049369644989258
15545273694482892e-38
10213179569042311e-27
0
36972939641092166e-21
28076603096101073e-26
3719336448951474e-20
0
3756941819418953e-20
0
0.0021064518911231194
0
4.708882551883381
0
5.666268492433231
0
33.07661299668323
27.103237816284153
0.0011500471965994266
0.024323099082653742
11882556004918956e-90
57.31264945604703
2.3750071928545524
6189143252697967e-29
0
0.00026012145689494645
5367482464734775e-21
0.001709306623153537
0.006914740074335902
0.009765688718163966
0.015008573907656138
27738985059362156e-22
3101778477431554e-24
0.001691667912456516
30589905477674343e-22
2785382747477919e-22
33102183631864797e-30
0.00030114175261306957
0.0003444919502476368
3.086642094200107
3.144730197158602
0
1.0900509983630293
0
4.593378016666993
3.712107018681596
4.365133580306521
0
5.386519421214457
0
4.414782292198926
1.3186194237809312
31.352880481704794
31.80325589924117
0.6659659512490844
21.284228806052294
74.60443902204935
1.3407583923819155
0.003217959231859122
0.026846115251441986
1.1744426993937414
34.77596707880456
0.5831626177257201
0.7258902161496792
2.204841391465473
1.029883359029852
63.275395356721724
0
61.20344525144122
0
15.093072728450316
0.0023272780114868084
0.0023101277633200395
0.40764819590569673
6.215436818035371
1.2193549003136652
2.2534840683092927
0
0.0009486985705722711
0.2930805931887995
0.06895219317565432
0.027736710442869312
0.02767664117989121
0.0002813562135454498
0.00017137486192033932
0.0013437000480925573
2.054996761635567
0.41660203013242153
0.005545758063344294
0.15869288953034807
0.015847844636060104
0.08568690148903332
0.011233527472071824
15748203631745072e-23
0.06649326231080883
0.6876689229454962
0.019585560460892784
3322375365715455e-26
26909138540188655e-22
0.001113638485922712
0
0.8126732987409374
0.4402697718371899
0.12321705806165675
0
0.3202045050609809
0.0034428148631680676
0.06163837253882486
0
0.00015881363487243473
0
0.1243833074251356
0.599743921549614
0
0
0
0
25334599374327998e-22
0.3580238089948984
3765375213908843e-22
3713886300177436e-21
0.36951504764536275
0.26774409088851875
0.18278722334373235
0.5271349833941187
0.0031579991993749995
0.5085144953304791
0.001124546075162974
0.5138782578841622
9491299905407402e-22
0.0004219792605188097
0.418229203331229
0.0012170747301954933
13131242242578072e-30
0.06496294985201347
0.025903278481509633
0.2003137290109295
0.022475184535689256
0.037385731343512675
0.051843732383843336
0.1432596426243356
0.24152313980207255
0.18769010491477633
0.24560520531921798
7784682899190278e-31
0.15780913087046824
0.1578307978110395
0.4392115367866111
0.5416150081793418
0.0003492482457343622
0.5415062390151305
0.6261179257103637
11.831106735484237
2.1177158445024524
2.817902222896376
0.09109105333854352
0.4924148259769083
2.659817783935299
4.236091677636828
0.5790733038774969
5.120445674483283
7.2000564078010445
4.5935952332827705
2.475441370718828
2.927644390432765
0.657562468462933
31.650692193511876
619.089527069401
4.002050365593785
3951.880771397477
1.0999812971282492
23.218359303790372
1.1687894919973378
45.02199006585301
1.3055460877731655
1.3969014711325214
1.0999802856942946
0.8754984115402906
1.076107216598446
66.92555841080946
0
0.0007889348971487247
0.0008328030974507897
0
0.008188006269744362
0.007176796892311676
0.006690112847086168
0.005006033855643323
0.0060487794460851695
0.0094244500676561
0.00516567089532812
0.0103965416423677
0.00420149412679767
0.006503553879790036
0.008824484730926136
0.017459632442901277
0.006622212227693744
0.008587824351649792
0.007217190576490485
0.009046654326493908
0.0058130251942890634
0.011550639127465285
0.016680452767566068
0.012058599230887543
0.0073631096934531825
0.0018996958345957613
0.007425105662003383
0.022746451858773147
0.07019234511589184
0.04098271362424629
0.10936656504313434
9119611261767719e-20
0.010074407635688634
0.20210193716974392
4806095036768048e-21
0.07194276261737331
0.010889101224047239
0.0012690046478050498
5486339934216063e-21
12044227951124486e-22
0.09844464863784784
0.0861336509921322
0.004137806565480848
0.039976122857232566
0.020120492425673063
0.005772189233348695
0.012058432885763953
0.0004827950958993914
0.2617186434138686
15699129995290143e-25
0.07650945590401206
0.0003418699687874555
0.009598439839795195
0.010877269808323542
0.00015705230442835083
0.000170863931981031
0.2598646403923279
0.00039344785708308154
0.0556150780797757
0.2144864822922735
13179221757936097e-22
2586163402638481e-21
0.00014471835779535954
12571412851102448e-21
0.0005943504027509629
17002963169057187e-21
1443227601614357e-22
10044036956784315e-22
19076848521102338e-21
0.07443923959784252
0.07519997636207656
4349915396096723e-20
0.00021266597077916732
0.019500702116127682
0.008139180894705899
0.08841134004992834
0.020071028386970557
27828571123161373e-21
0.1302430325704469
0.03816472345877741
5573477299786025e-22
0.237783067641887
44589628089177375e-23
0.0037597599872143525
0.0009822230301376777
22994565953030306e-28
0.24146258796709424
0.2605779349671985
0.018002276972375796
0.23406376173474092
0.2453825237789219
0.007386831208949555
0.17684802422114687
22332184591389177e-26
4630609492080184e-21
0.0006292817112333288
9120357558346478e-20
0.12494189622804054
8645597716456498e-22
0.00011181005197601339
0.15237422709628448
0.0009288683594098016
0.011808413960208512
12200690876227306e-21
0.1311345592613173
0.09364967942061121
0.021108724239660544
3146872054374904e-20
0.00015344106626903273
120066790667615e-21
0.013621856660415243
0.15343311870734674
8333314492887716e-24
11103255708521977e-21
9106306176715584e-21
9649898699394038e-20
10586364679112564e-21
0.2534734947448953
0.15233881772120508
0.005146475086949838
0.001547548332509775
0.04128639139646571
0.005872061102541265
676024422385839e-19
0.02815376723536683
8323443148662467e-20
0.0007207919991133754
0.07886677663641946
9970375389924884e-22
0.2553283381538929
0.2544548564665964
0.001827015460851969
0.0005369876767256495
58299100824887786e-25
0.0010304383616446648
10390421259334967e-24
0.010244841911944599
0.029043017208024748
0.000903634910519736
0.00033759545336317344
0.00015454152150594505
2618178638649393e-21
0.0061113796696461685
0.030334537465073412
0.02132324219246276
11257175901711223e-24
0.24574940678360044
0.06594638355912243
0
0
8177693380332747e-20
6661584057951555e-20
10336378261857549e-22
7596602311713343e-22
0.00019347080136293576
0.009723039289994743
0.005381321733465426
1520423359006122e-23
0.00013149298015330052
7328712185585199e-21
0.05546547704593169
0.01334928809920699
0.09709637417822722
3845635316352887e-22
0.05955147249922175
0.007669949412375279
0.00012013880008244398
0.11844238246671485
0.0002963970023806688
18549559457234617e-29
8514584939825632e-20
37361519905617747e-22
0.00012471069395478856
0.01626032604624616
0.0038989294172815333
0.00016354229326491656
0.00015210753683459066
3799874505899044e-24
0.0005143931959852804
0.022774712330181357
1313513350501589e-23
0.0018048264980698083
0.0017997775425380278
4418672615172598e-20
0.10420814085814699
4337177689458891e-20
0.25612813040095495
0.001909497111082407
0.16930719748510584
0.0032991219959703985
0.0007007181126507119
0.0005691830748574511
4475056032056387e-20
0.261843980564875
12101942343376115e-21
2156747292154896e-20
0.0082793161715085
0.006430792947262198
21715984606199397e-24
8722761474535794e-20
0.003052608672151563
0.1260603284350658
0.029962318387413176
0.00010010949873820153
0.0228502573902492
0.00035407989806122
0
0.10831105940839497
0.012290048404287681
0.25987676044930896
0.2519394989208082
0.2567970305807735
0.051424453627412194
0.02943293093368695
0.2503508510447079
0.25881763394436264
0.2479640363399992
0.24980800095255587
0.19268194183502232
0.0007650151294834282
0.015657696167331835
0.13349494062135034
0.2333029961685876
0.129912780222685
0.0002992036007378718
0.02678439839843324
0.2231686653096306
0.10980060644347411
0.1555837694764601
