1.404972180671623
15449621450656117e-38
1018685015952678e-26
0
36960519817003906e-21
2806731872694117e-25
3718084414251431e-20
0
3755672518358214e-20
0
0.002105957146925181
0
4.705408156761436
0
5.66478865875247
0
33.0763833126559
27.10339036453126
0.0011493900205982682
0.024295791487486378
11843600591183713e-90
57.35259366572381
2.375035784553838
6173022773625684e-29
0
0.00025996491484914404
53640104193765e-19
0.001709149421884209
0.006914737508057678
0.009764171074016725
0.015007193764122623
27732812140363238e-22
3100791949356342e-24
0.0016914049947121782
3058303990273155e-21
27846126230207534e-23
3309372074449818e-29
0.0003009608275528759
0.00034428499678040863
3.0859899103779576
3.144493158182886
0
1.0901072843644326
0
4.593039875341804
3.710586094654668
4.365080390482551
0
5.386490969419359
0
4.414746600295894
1.3202523773770374
31.357042020484542
31.8082358822142
0.6667240964793474
21.266985083537783
74.63681508378137
1.3407326934017052
0.0032279573630961374
0.026841279099200196
1.1779905102155748
34.775721856678054
0.5832088597090995
0.7262302590497376
2.2048206905539978
1.029813187972993
63.30254289831451
0
61.2263452620688
0
15.092386525640448
0.002335252767941118
0.002317890074697165
0.4088949347554589
6.215229300568238
1.219304840363338
2.253464801551864
0
0.0009491602633530738
0.29287238869073007
0.06895274028191575
0.027736438312618333
0.027689711191105
0.00028136568176115464
0.0001713767668306083
0.001343667671113647
2.055021783591902
0.41659727141773645
0.005544963932426368
0.158690621867765
0.015855833500609227
0.08569275747926311
0.011235028275171904
15743331744241022e-23
0.06649541251838818
0.6874915711427394
0.01958580861904182
3320956907027753e-26
26901251726725193e-22
0.0011136671796955048
0
0.812664131679858
0.44025573353335895
0.12327629150333733
0
0.3201926490552552
0.0034295271993661984
0.061633067556683005
0
0.00015867992963998202
0
0.12438308594357204
0.5997315649337845
0
0
0
0
2532897573206996e-21
0.35802120284112604
3764321581570831e-22
37113793672053555e-22
0.3695122582396311
0.2677380786455592
0.18278777416067757
0.5271286197447403
0.0031676480593159223
0.5085011993916637
0.001124544615565886
0.5138773909281741
9491290831650819e-22
0.00042327058071937423
0.4182353460081384
0.0012168978838472456
13118016840403055e-30
0.06476607835586767
0.025899547199414272
0.20031185007204544
0.022475767248520455
0.03738683745809234
0.051836572085452254
0.14324687628634872
0.24152176419908714
0.187694291062049
0.24560634341530843
7776877292483602e-31
0.15780669286634263
0.1578283311436015
0.439209007316719
0.5416126759109333
0.00034923973207122856
0.5415026629074482
0.6261323243195831
11.831269509017162
2.11771846812219
2.817906032364613
0.09109010804602484
0.4924207267678183
2.6598234385856503
4.236101085365928
0.5790690874322117
5.1204894784635515
7.200130965056287
4.593582595779307
2.4754413731180294
2.9276727353805336
0.6575728284514348
31.650389367962145
619.0895146501572
4.002050359286383
3951.7822381455603
1.0999812966594467
23.21835928615494
1.168789147183773
45.021979776429376
1.3055462209949396
1.396901466886135
1.0999802852253817
0.8754937260062907
1.0761060300753669
66.92791894961616
0
0.0007889369247772789
0.0008327990810650816
0
0.008187883654844847
0.007176792851105396
0.006690073997821301
0.005005899092548871
0.006048755088757339
0.009424479355982987
0.005165566712078601
0.010396661936815557
0.004201387237556153
0.006503515682579178
0.008824520779613569
0.01745982159446408
0.006622153633147246
0.00858787744441853
0.007217154953858202
0.009046719192236624
0.00581306471904973
0.011550703653566216
0.016680436835487956
0.012058654807706187
0.007363139872291302
0.001899695707165522
0.0074251036998820305
0.02274643302600004
0.07019215141402706
0.040982650742063996
0.10936605829761088
9119611232475623e-20
0.010074404009778984
0.20209970024454438
48060950359546e-19
0.07194255850339545
0.010889096982988995
0.0012690045909925047
5486339933156051e-21
12044227950613627e-22
0.09844424702393782
0.0861333507418625
0.0041378059589931345
0.039976063121642466
0.020120477747960167
0.005772188050377736
0.012058427676105586
0.00048279508768524134
0.26171228705087146
15699129995289274e-25
0.07650922316026279
0.00034186996466958436
0.009598436550668991
0.010877265576548997
0.0001570523035595372
0.00017086393095266616
0.25985729020445403
0.0003934478516285593
0.05561495948271219
0.21448382796046922
1317922175732442e-21
25861634024029458e-22
0.00014471835705766304
12571412845536771e-21
0.0005943503903003646
17002963158875922e-21
1443227601607022e-22
10044036956429044e-22
19076848508285906e-21
0.07443902009760506
0.07519975204665932
4349915389432794e-20
0.0002126659691859759
0.01950068834146262
0.00813917853462196
0.08841102234984974
0.020071013782412234
27828571095887864e-21
0.13024228041353814
0.03816466916972569
5573477299676631e-22
0.2377793563423361
4458962808847719e-22
0.0037597594867552126
0.0009822229961154684
22994565953030306e-28
0.24145865685050155
0.2605707380657121
0.018002265259327136
0.23406025330898464
0.24537388249774494
0.007386829267111143
0.1768464550235626
22332184591389e-23
4630609491325055e-21
0.0006292816972755385
9120357529049587e-20
0.12494121232189077
864559771619327e-21
0.00011181005153568967
0.15237314032673016
0.0009288683289856847
0.011808408966159761
12200690870985048e-21
0.13113379520422094
0.09364931936699816
0.02110870806089095
3146872050887361e-20
0.00015344106543971868
1200667906671073e-22
0.013621849997106842
0.15343201372099374
8333314492885271e-24
1110325570418038e-20
9106306173795251e-21
9649898666596098e-20
10586364675165789e-21
0.2534686265094944
0.15233773155706326
0.005146474147388855
0.0015475482479863879
0.041286327548073265
0.005872059878105387
6760244207762752e-20
0.02815373814722219
8323443124261952e-20
0.0007207919807985702
0.07886652827012747
9970375389574805e-22
0.2553203915172502
0.2544468278064934
0.0018270153429979972
0.0005369876665631935
5829910082487582e-24
0.0010304383241977687
10390421259331165e-24
0.010244838161389765
0.02904298621121575
0.0009036348817271809
0.00033759544934765695
0.00015454152066469163
26181786384079904e-22
0.006111378342917937
0.03033450358308536
0.021323225677893503
11257175901706759e-24
0.24574078465905486
0.06594621384741232
0
0
8177693356779342e-20
6661584042322316e-20
10336378261481295e-22
7596602311510116e-22
0.00019347080004440247
0.009723035914313132
0.005381320705854799
15204233590053077e-24
0.00013149297954428613
7328712183693718e-21
0.05546535911553984
0.013349281702438636
0.0970959845255386
3845635316300806e-22
0.05955133561545275
0.007669947317982056
0.00012013879957407147
0.11844177658941454
0.0002963969992855973
18549559457234617e-29
8514584914291501e-20
37361519900701953e-22
0.000124710693406984
0.016260316514847915
0.003898928878980805
0.00016354229232280542
0.00015210753601963036
37998745058985354e-25
0.000514393186660327
0.022774693449781763
13135133505009814e-24
0.0018048263830647115
0.0017997774281762941
44186726082963306e-21
0.10420768562560731
4337177682833935e-20
0.256122966811614
0.0019094969823320678
0.16930579153702766
0.0032991216108812717
0.0007007180953423166
0.0005691830634393555
4475056025003509e-20
0.2618374519420768
12101942338218372e-21
2156747290516745e-20
0.00827931372896385
0.006430791477554776
2171598460618279e-23
8722761447737733e-20
0.0030526083425759967
0.12605963048163962
0.029962285350719802
0.00010010949838521851
0.022850238382230374
0.00035407989364387974
0
0.1083105634808612
0.012290042990751567
0.2598710147137935
0.25193477940159237
0.25679178201347413
0.051424352932516564
0.029432899079978696
0.2503425030536069
0.25881208660702026
0.24795553767681566
0.24980346927439107
0.19267997871153802
0.000765015108851041
0.01565768733716766
0.13349414445567978
0.23329952718443675
0.12991203244271654
0.00029920359758389545
0.026784372125981247
0.22316566835436752
0.1098000952073946
0.15558262681346147
