1.4054088217905143
14311372609146662e-38
9865979218133833e-27
0
3680700007107578e-20
2795255253243257e-25
3702608211590055e-20
0
3739982947599664e-20
0
0.002099845301679898
0
4.661855015186334
0
5.646298035655817
0
33.073507239642076
27.10527865947
0.0011411873787589523
0.023955360056836104
11371458950908997e-90
57.8557051155464
2.3753936765832604
5976602041778114e-29
0
0.00025803177592867226
5321148894018161e-21
0.001707205853969811
0.006914705689395343
0.00974540765874165
0.014990130272539526
2765663421908188e-21
30886086503411902e-25
0.0016881544159693537
30498312821823795e-22
2775099939467723e-22
3298928848106443e-29
0.0002987265631937816
0.0003417293036978849
3.077499773735692
3.1414093703255457
0
1.0908022966613478
0
4.588783140852435
3.691402894487082
4.364388469033996
0
5.386136415039657
0
4.414284265204283
1.3408831142530004
31.408825589036102
31.87022231977532
0.6764757413841713
21.051035026584756
74.99306756911723
1.3404087121158286
0.0033575699153698883
0.026758921469764194
1.223933351038965
34.77262371766994
0.5837831448015275
0.7305011906997516
2.2045560077307638
1.0289434866258078
63.6434754266221
0
61.51332107248268
0
15.083719740987263
0.002438558254299771
0.002419465482136175
0.4250493020495011
6.212584751263743
1.2186746752601887
2.253224272761438
0
0.0009549567868565434
0.29024686608263395
0.06895962984371697
0.02773306860105168
0.02785377961159758
0.00028148314600802686
0.00017140043371659095
0.001343266519458976
2.0553348477498994
0.4165381386390772
0.005535140320149028
0.15866007747717129
0.015956081040307678
0.08576599595654649
0.011253824185427965
15683149397776615e-23
0.06652213969537649
0.685273674431388
0.019588912365461945
33034562811970905e-27
2680378262867812e-21
0.001114019126969342
0
0.8125504341177503
0.4400802531142318
0.12402008244258775
0
0.3200454795261444
0.003263182360113601
0.06156631769442901
0
0.00015700630238203104
0
0.12438034114831698
0.5995783815334627
0
0
0
0
2525954479347148e-21
0.3579889611563034
3751305671297785e-22
3680445790060512e-21
0.36947767115880936
0.267663743835725
0.18279458910356708
0.5270476918952502
0.0032926243496031985
0.5083361050959622
0.0011245261989032132
0.5138665037208998
9491178331817864e-22
0.00043999915374827827
0.41831114763159044
0.0012147130286194801
12955131263364575e-30
0.06227357855912981
0.025853277010951244
0.20028855223562905
0.02248304419987678
0.03740061013900037
0.051747863663528675
0.14308865422581604
0.24150470707603056
0.1877464324182482
0.2456208490618508
768074779036137e-30
0.1577767447042338
0.15779802142287278
0.4391776448263321
0.5415837566101183
0.0003491346151580188
0.5414575960080783
0.6263115668963312
11.833307643443234
2.1177510510921946
2.81795348311996
0.09107841259389451
0.4924946102212205
2.6598936684853927
4.23621827755953
0.5790169277794271
5.121038428829737
7.201065688676034
4.593431838020382
2.475441467090654
2.928028337098531
0.6577020703624602
31.646551848515752
619.0893606654569
4.002050281081664
3950.560740176671
1.0999812908468203
23.218359067495324
1.1687848718900207
45.021852199290045
1.305547877294035
1.3969014142354834
1.0999802794113906
0.8754356320434618
1.076091318626028
66.95713693712773
0
0.0007889632463837417
0.0008327493287927394
0
0.008186364194640841
0.007176756951969385
0.006689605711183688
0.0050042382730868164
0.006048464333789475
0.009424854223879113
0.005164285298970008
0.010398174258996463
0.004200070187664684
0.006503055089723861
0.008824985165771602
0.01746220200414159
0.006621440460949921
0.008588552551798787
0.0072167274886177305
0.009047541211318053
0.005813562199506252
0.011551526332598304
0.016680273159855572
0.012059367299113477
0.007363528771950127
0.001899694127173915
0.007425079371816808
0.02274619952199091
0.07018974977214336
0.04098187108141112
0.10935977541542678
9119610869286422e-20
0.010074359052666711
0.20207196693271448
4806095025868756e-21
0.07194002776666739
0.010889044398751607
0.0012690038865807538
5486339920013083e-21
12044227944279547e-22
0.09843926759713238
0.08612962806156947
0.004137798439231798
0.03997532247461044
0.020120295761640553
0.005772173382882252
0.012058363082360734
0.0004827949858389877
0.26163348808753534
15699129995278516e-25
0.0765063374571262
0.0003418699136125962
0.00959839576927967
0.010877213107418644
0.00015705229278722112
0.0001708639182020937
0.2597661733702291
0.00039344778399859565
0.05561348903289505
0.21445091994589233
13179221749740302e-22
25861633994825744e-22
0.00014471834791105254
12571412776528607e-21
0.0005943502359269045
17002963032639624e-21
14432276015160735e-23
10044036952024085e-22
19076848349376528e-21
0.07443629859414205
0.07519697084217379
4349915306807544e-20
0.00021266594943218683
0.019500517551844034
0.008139149272279942
0.08840708331935151
0.020070832703120767
27828570757726944e-21
0.13023295487067346
0.03816399605267276
5573477298320263e-22
0.23773334519384193
44589628079795734e-23
0.0037597532816276437
0.0009822225742782576
2299456595303028e-27
0.24140992072131043
0.2604815210531226
0.018002120031268866
0.2340167571251356
0.24526676555867621
0.007386805190531019
0.17682699988669
22332184591386822e-26
4630609481962298e-21
0.0006292815242145889
9120357165800938e-20
0.12493273296218323
8645597712929534e-22
0.00011181004607616853
0.152359666244667
0.0009288679517607746
0.011808347045721247
12200690805986909e-21
0.13112432212132757
0.0936448552202418
0.021108507463289263
31468720076457375e-21
0.00015344105515715346
12006679066081272e-23
0.013621767379812603
0.15341831378819112
8333314492854946e-24
11103255650349426e-21
9106306137586409e-21
9649898259938383e-20
10586364626230207e-21
0.25340827360628854
0.15232426498087007
0.005146462497898697
0.0015475471999913894
0.041285535907683385
0.005872044696492392
6760244008194871e-20
0.028153377489287614
8323442821722894e-20
0.0007207917537155257
0.07886344887110826
9970375385234223e-22
0.2552218826604461
0.2543473024487886
0.0018270138817413082
0.0005369875405601299
58299100824727395e-25
0.001030437859898291
10390421259284026e-24
0.010244791658822418
0.02904260188823136
0.0009036345247318029
0.00033759539955975155
0.0001545415102340915
26181786354148656e-22
0.006111361892996985
0.030334083487506117
0.02132302091678431
11257175901651426e-24
0.2456339050912831
0.06594410964846839
0
0
817769306474349e-19
6661583848537254e-20
10336378256816187e-22
759660230899033e-21
0.0001934707836960667
0.009722994059737405
0.005381307964649677
1520423358995214e-23
0.00013149297199319002
73287121602414746e-22
0.05546389693152543
0.0133492023899265
0.09709115339828148
384563531565506e-21
0.05954963843608631
0.007669921349898172
0.00012013879327082175
0.11843426464657625
0.0002963969609101777
18549559457234617e-29
851458459769687e-19
37361519839751644e-22
0.00012471068661482074
0.016260198336643647
0.003898922204660545
0.00016354228064168264
0.00015210752591503536
3799874505892231e-24
0.0005143930710413578
0.022774459355262462
13135133504934482e-24
0.0018048249571308629
0.0017997760102194196
4418672523038311e-20
0.10420204141691095
43371776006918875e-21
0.25605895273050877
0.0019094953859727123
0.16928836032451283
0.0032991168362109195
0.0007007178807376258
0.000569182921867771
4475055937555709e-20
0.2617565178479258
1210194227426813e-20
2156747270205511e-20
0.008279283444204323
0.006430773254855898
21715984605976875e-24
8722761115471777e-20
0.003052604256210869
0.12605097696146148
0.029961875735730493
0.00010010949400862426
0.02285000270538877
0.00035407983887381095
0
0.10830441472322118
0.012289975869162001
0.2597997845767914
0.25187626998982315
0.25672671456446367
0.0514231044449112
0.029432504132518404
0.25023902042869534
0.25874331570945275
0.24785018795941247
0.24974728836625606
0.1926556398392802
0.000765014853032583
0.015657577853430384
0.13348427328704285
0.23325651994861007
0.1299027611657319
0.0002992035584781232
0.026784046379127686
0.2231285128069517
0.1097937566500298
0.15556845976850367
