1.4055241981889937
1402487012666442e-37
9782895143466183e-27
0
3676658015572264e-20
27922334921088373e-26
369853352033604e-19
0
37358520968728535e-21
0
0.0020982362954348574
0
4.6501977679201945
0
5.641367622637792
0
33.07273848057783
27.105776646925438
0.0011390026807908955
0.023864819766734113
11249994753503675e-90
57.991104932000944
2.3754892997848422
5925753248086517e-29
0
0.0002575233759540879
53098811838256045e-22
0.0017066940055269623
0.0069146972818494475
0.009740466243864945
0.014985636516009421
27636617059047292e-22
308540445459836e-23
0.0016872983666696361
304760487896199e-20
2772597544374481e-22
3296184838639656e-29
0.0002981389636799203
0.00034105716986379715
3.0751282773823023
3.1405479468914774
0
1.0909850346848213
0
4.587636118325803
3.6862313126959205
4.364194903199435
0
5.386042146569489
0
4.414152610055429
1.346649368678119
31.422555811373662
31.8866636607055
0.6791668468155057
20.993300039281934
75.09110520579387
1.3403205525902913
0.003394536038869311
0.026736257735547504
1.237020566626287
34.77178690269895
0.5839351834184671
0.7316469900423026
2.2044819354543383
1.0287137750829876
63.73492754721677
0
61.59010464282677
0
15.08137952998052
0.002467898795733585
0.002448133267323115
0.4296542947214748
6.211861057703187
1.2185051666419382
2.253160179939204
0
0.0009565111442275962
0.28953925308843365
0.06896148360768455
0.02773217958930504
0.027897767308617764
0.00028151420441978385
0.00017140670129026545
0.0013431606049731037
2.0554184546762184
0.41652247316601154
0.005532549352104533
0.158651215645596
0.015982941667962065
0.08578554580632293
0.011258849594255351
1566731605417657e-22
0.06652922336981527
0.6846813484679465
0.019589740965818805
3298858703029381e-26
2677811906479741e-21
0.0011141108891331907
0
0.8125203799945714
0.4400334368738393
0.12421956955793689
0
0.32000653948247815
0.003218761495533064
0.06154834837570058
0
0.00015655910794638644
0
0.1243796162889832
0.5995379126151579
0
0
0
0
25241291002384446e-22
0.35798046406493594
3747881201009007e-22
36723180722805825e-22
0.36946853151426756
0.26764416771077004
0.18279638544952911
0.5270253342898416
0.0033282287326695625
0.5082923991617122
0.0011245212338614108
0.5138635842640565
949114860669433e-21
0.0004447661448569119
0.41833106159185185
0.0012141381362666052
12912427515755578e-30
0.06159912646792861
0.025841048538941935
0.20028239576401985
0.022484983323760373
0.037404267593328856
0.0517244457142931
0.1430468667111733
0.24150019959858993
0.1877602846320383
0.24562480564920353
7655547133997156e-31
0.15776891923109967
0.1577900984747607
0.43916935775333416
0.5415761145321454
0.00034910698330633026
0.541445253926611
0.6263591537852066
11.833852439206854
2.117759677261817
2.817966089277336
0.09107533005175661
0.4925143587129925
2.659912262817089
4.236249414745224
0.5790031825385488
5.1211853110111685
7.201315908284928
4.593393863193604
2.4754415120095414
2.9281236046124537
0.6577364683361997
31.645511664879557
619.0893199771282
4.002050260417145
3950.2380392404066
1.099981289310914
23.21835900971754
1.1687837422051752
45.021818488849455
1.305548316359589
1.396901400323209
1.0999802778751238
0.8754202819514124
1.076087431361842
66.96484100808709
0
0.0007889705714670082
0.0008327361969680229
0
0.00818596295746184
0.0071767519240791946
0.006689486176780094
0.005003802588021192
0.006048391037661047
0.009424956957805443
0.005163949946265307
0.010398580398993025
0.004199724764638124
0.006502937465680073
0.00882511333967742
0.017462842021314665
0.006621256197809044
0.008588736216162383
0.007216618996396603
0.009047763989670794
0.005813695987010984
0.011551750814980203
0.01668024053417823
0.012059562907670298
0.007363636150599752
0.0018996937096831255
0.007425072943474142
0.022746137822174706
0.07018911518509703
0.04098166506930525
0.10935811531067983
9119610773318683e-20
0.01007434717340284
0.20206463942293237
4806095023203709e-21
0.07193935906923184
0.010889030504133935
0.0012690037004497211
5486339916540235e-21
12044227942605852e-22
0.09843795189428786
0.08612864442147708
0.004137796452240775
0.03997512677113081
0.020120247674538416
0.005772169507204923
0.012058346014411591
0.0004827949589275222
0.26161267051051407
1569912999527567e-24
0.07650557496801876
0.0003418699001214919
0.009598384993388479
0.010877199243216281
0.00015705228994078517
0.00017086391483293078
0.259742102339347
0.0003934477661283117
0.055613100493288437
0.21444222529989873
13179221747736306e-22
25861633987109066e-22
0.00014471834549418684
12571412758294153e-21
0.0005943501951358518
1700296299928343e-20
14432276014920416e-23
10044036950860135e-22
19076848307386916e-21
0.07443557949097523
0.07519623596439605
43499152849749606e-21
0.0002126659442125206
0.019500472423290754
0.008139141540126888
0.08840604251413815
0.02007078485568626
27828570668372578e-21
0.130230490836014
0.03816381819275044
5573477297961862e-22
0.23772118886909355
4458962807750178e-22
0.003759751642009905
0.000982222462813618
22994565953030278e-28
0.24139704451391394
0.2604579517896736
0.01800208165695149
0.23400526520811746
0.24523846919499703
0.007386798828639619
0.17682185949237414
22332184591386243e-26
4630609479488318e-21
0.0006292814784856259
9120357069817492e-20
0.12493049250435236
8645597712067135e-22
0.00011181004463356536
0.15235610610318
0.0009288678520843159
0.011808330684152903
12200690788812049e-21
0.1311218191040233
0.09364367566652432
0.021108454458455782
3146871996219735e-20
0.00015344105244012742
1200667906591494e-22
0.013621745549414813
0.15341469397406646
8333314492846934e-24
11103255636125338e-21
910630612801872e-20
964989815248469e-19
10586364613299653e-21
0.2533923285837417
0.15232070682253027
0.005146459419685865
0.0015475469230732716
0.04128532673015504
0.005872040684966927
676024395546181e-19
0.028153282191170196
832344274178112e-19
0.0007207916937119724
0.07886263520243672
9970375384087283e-22
0.2551958594014237
0.25432101074737135
0.0018270134956245604
0.0005369875072655617
58299100824688195e-25
0.0010304377372135872
1039042125927157e-23
0.010244779371195088
0.02904250033702841
0.0009036344304007175
0.00033759538640398487
0.00015454150747794927
26181786346239736e-22
0.0061113575463394585
0.03033397248401023
0.021322966811811367
11257175901636804e-24
0.24560567140350245
0.06594355365410909
0
0
8177692987577043e-20
6661583797332221e-20
10336378255583495e-22
759660230832451e-21
0.00019347077937624445
0.009722983000272644
0.005381304597966844
1520423358992547e-23
0.00013149296999791698
7328712154044541e-21
0.05546351057598779
0.01334918143276685
0.09708987687963029
38456353154844303e-23
0.059549189987905926
0.007669914488204548
0.00012013879160527492
0.11843227979877922
0.00029639695077000275
18549559457234617e-29
8514584514041105e-20
37361519823646362e-22
0.00012471068482008526
0.0162601671098252
0.0038989204410653008
0.00016354227755510704
0.00015210752324503547
3799874505890565e-24
0.0005143930404906429
0.02277439749941361
13135133504914574e-24
0.0018048245803476816
0.0017997756355440425
44186725005100544e-21
0.10420055006360625
4337177578986984e-20
0.25604204056424307
0.0019094949641569742
0.16928375466658657
0.003299115574571231
0.0007007178240313048
0.0005691828844594368
4475055914448832e-20
0.2617351363076994
1210194225737016e-20
21567472648385476e-21
0.008279275441892466
0.006430768439767465
21715984605922463e-24
872276102767508e-19
0.0030526031764461104
0.12604869048722722
0.029961767501549656
0.0001001094928521696
0.02284994043143716
0.00035407982440157645
0
0.10830279005705283
0.012289958133268166
0.2597809662559751
0.2518608119538127
0.25670952414173326
0.05142277455432925
0.029432399773979837
0.2502116837166552
0.25872514699989246
0.24782235822539775
0.24973244544602943
0.19264920914122394
0.0007650147854360951
0.01565754892398943
0.13348166508868098
0.23324515720348835
0.1299003114690694
0.0002992035481449626
0.02678396030567234
0.22311869599887815
0.10979208183471421
0.15556471653757975
