1.4060791657608607
12724887021962904e-38
9392930032150692e-27
0
36573003775648675e-21
27777612669053e-23
36790193227015516e-21
0
371606904273961e-19
0
0.0020905339118022985
0
4.59323035395779
0
5.617386127515288
0
33.06898860109695
27.108166338919165
0.0011283881704948664
0.023425433385691245
1068428306714328e-89
58.65741404065733
2.3759555006897526
5687150170651871e-29
0
0.00025509190238502975
5256018027337928e-21
0.0017042419480944543
0.006914656841602103
0.009716794124643819
0.014964108760411371
27541023798319747e-22
30700811873198438e-25
0.0016831974308812502
3036972256562032e-21
27606273930853655e-23
32830806632038214e-30
0.00029532867592739986
0.0003378425815533555
3.062896442606743
3.1361108306416408
0
1.091858437826531
0
4.58198375633202
3.6607320223194706
4.36319082591815
0
5.3855849245303276
0
4.413461478962889
1.3759946797867892
31.488865880722187
31.966101774364517
0.692854055853702
20.711552839745295
75.5453475574598
1.3398809561880323
0.003588860628994335
0.02660725118058373
1.3056989312470986
34.767651596140595
0.5846682255335797
0.737262987064179
2.204100499830616
1.0276092977658022
64.18308923910436
0
61.96517064802159
0
15.069817558622226
0.002621492518598158
0.0025985946167248657
0.4538437386943197
6.208224275127413
1.2176715519090713
2.252848404286665
0
0.0009641252954179481
0.28604816089314195
0.06897060050637732
0.027727911790948512
0.028113196906501697
0.0002816637426236463
0.0001714369444206004
0.0013426515846188642
2.0558259124738782
0.41644688227808097
0.005520113249808125
0.1586034747510145
0.016114392374906524
0.08588076511208058
0.011283375396388495
15591558793570222e-23
0.06656342932082464
0.6817946446737553
0.019593778130891835
3276899415202379e-26
26655203586232817e-22
0.0011145444085835742
0
0.8123757537525198
0.43980553228828095
0.12519699611534968
0
0.3198189230813518
0.0030023431550438525
0.06145989862507468
0
0.00015437833173427185
0
0.12437613214496691
0.5993432997036933
0
0
0
0
25154041464820508e-22
0.3579397248060647
37314956092604754e-23
36334902090220927e-22
0.3694245664395572
0.26755039916953866
0.18280500149047757
0.5269118599466951
0.0035151160064295865
0.5080815871685455
0.0011244967752422467
0.5138492919001924
949100563510583e-21
0.00046979602070406143
0.41842612133052215
0.001211387058437165
12708965331971865e-30
0.05825831981906127
0.02578221350512552
0.2002527807733606
0.022494408335256403
0.03742196943208448
0.05161193261036474
0.1428459859775537
0.24147851619455413
0.18782736231698782
0.2456445788493711
7535488169444423e-31
0.1577318058564275
0.1577525045535232
0.43912949662083184
0.5415393524475451
0.0003489750039063301
0.5413833325777186
0.6265893971899505
11.836510421391429
2.117801268456324
2.8180271302210183
0.09106054913778194
0.49261070495444437
2.6600019235704626
4.236400203212024
0.5789372876135529
5.121902821197701
7.202538909585343
4.593222374598614
2.4754418480426046
2.9285896938569276
0.6579034102795552
31.640348885158733
619.0891242638027
4.00205016101954
3948.6861961890327
1.0999812819231096
23.218358731802823
1.1687783083668533
45.02165633990987
1.3055504367723312
1.3969013334039284
1.0999802704855846
0.8753464496185224
1.076068733578132
67.00180218025417
0
0.0007890080209019023
0.0008326731189592111
0
0.008184034535626966
0.007176754529137293
0.006688936460532752
0.005001725892747669
0.006048059725262932
0.009425473242099415
0.005162356342888448
0.010400573211191897
0.004198078801502719
0.006502396202182546
0.00882576270528622
0.017465986805386247
0.006620395001721315
0.008589651360325311
0.007216123930656471
0.00904886904071686
0.005814353630242712
0.011552873268781284
0.016680147413494092
0.01206054791792753
0.007364180392532252
0.0018996917015280364
0.007425042022828373
0.022745841044603084
0.07018606286254839
0.040980674152877906
0.10935013045689002
9119610311707975e-20
0.010074290033608825
0.20202939736295308
4806095010384676e-21
0.07193614268029769
0.010888963670416215
0.0012690028051483896
5486339899835622e-21
12044227934555284e-22
0.09843162352841578
0.08612391320911222
0.004137786894705093
0.039974185438746444
0.020120016374225887
0.005772150864994994
0.01205826391686419
0.00048279482948173947
0.26151255982810334
1569912999526199e-24
0.07650190745470752
0.0003418698352284582
0.009598333160858211
0.010877132555797244
0.00015705227624925394
0.00017086389862705094
0.25962635036480863
0.0003934476801711582
0.05561123163181747
0.21440040844353583
13179221738096957e-22
2586163394999137e-21
0.00014471833386891486
12571412670585299e-21
0.0005943499989284187
1700296283883806e-20
14432276013764467e-23
10044036945261467e-22
190768481054143e-19
0.07443212065759282
0.07519270125744511
4349915179958893e-20
0.0002126659191056068
0.019500255353633585
0.008139104348097849
0.08840103634827355
0.0200705547081777
27828570238572604e-21
0.13021863932919772
0.03816296268716893
5573477296237928e-22
0.2376627248848457
445896280664677e-21
0.0037597437553577432
0.000982221926662024
22994565953030258e-28
0.2413351187605577
0.26034461197965925
0.01800189707526808
0.23394999626574586
0.24510240755561044
0.0073867682276273165
0.17679713596759697
2233218459138347e-25
46306094675883244e-22
0.0006292812585265478
9120356608131222e-20
0.12491971632582802
8645597707918949e-22
0.00011181003769455564
0.1523389827660862
0.0009288673726345701
0.011808251984319791
12200690706199907e-21
0.1311097801044934
0.09363800214821426
0.021108199503806994
31468719412599565e-21
0.00015344103937106572
12006679065114897e-23
0.01362164054434783
0.15339728363891628
8333314492808394e-24
11103255567706599e-21
910630608199755e-20
9649897635625828e-20
10586364551102896e-21
0.2533156460630628
0.15230359302347185
0.00514644461331857
0.0015475455910807883
0.041284320588189274
0.005872021389321039
6760243701812546e-20
0.02815282380587247
8323442357256278e-20
0.0007207914050912613
0.07885872152339395
9970375378570434e-22
0.25507072299759087
0.25419458401794476
0.0018270116383803992
0.00053698734711667
5829910082449959e-24
0.0010304371470928218
10390421259211657e-24
0.010244720267157925
0.029042011874458967
0.0009036339766625333
0.0003375953231239453
0.00015454149422073634
26181786308197347e-22
0.006111336638692657
0.030333438556044715
0.02132270656548261
1125717590156648e-23
0.24546991096936976
0.06594087935255245
0
0
8177692616401695e-20
6661583551032877e-20
10336378249654176e-22
7596602305121879e-22
0.00019347075859763526
0.009722929803742815
0.005381288404044812
15204233589797174e-24
0.00013149296040053146
7328712124236913e-21
0.05546165221969885
0.013349080627999898
0.09708373698093138
38456353146636924e-23
0.05954703297176972
0.007669881483122022
0.0001201387835938926
0.11842273302361868
0.0002963969019951425
18549559457234617e-29
8514584111651736e-20
3736151974617897e-21
0.00012471067618729763
0.016260016907746123
0.0038989119580748696
0.00016354226270848948
0.00015210751040217255
3799874505882551e-24
0.0005143928935398506
0.022774099971324284
13135133504818823e-24
0.0018048227679985083
0.001799773833333528
4418672392147757e-20
0.10419337686074694
4337177474585064e-20
0.25596070761161976
0.001909492935198637
0.16926160291955641
0.0032991095060134847
0.0007007175512704769
0.0005691827045230826
4475055803303341e-20
0.2616323141869703
12101942176089886e-21
2156747239023123e-20
0.008279236950388394
0.006430745278946373
21715984605660743e-24
8722760605367579e-20
0.003052597982716557
0.126037692985084
0.02996124689394722
0.00010010948728955163
0.022849640892271834
0.00035407975478924666
0
0.10829497565341824
0.012289872822885779
0.2596904680207462
0.2517864711052755
0.25662685323423723
0.051421187789915036
0.029431897808162147
0.2500802341739433
0.2586377722151029
0.2476885391518186
0.24966106241251548
0.1926182800873946
0.0007650144602929151
0.015657409772346295
0.13346912020626797
0.23319050943474431
0.1298885289229778
0.0002992034984418297
0.02678354629092409
0.22307148258314677
0.10978402622703634
0.15554671262516107
