1.4065380571029111
11741441005879886e-38
9082246081437888e-27
0
3641399182944878e-20
2765872403056611e-25
3662989573456768e-20
0
36998185598800015e-21
0
0.002084210168802993
0
4.544971632801355
0
5.597216050069247
0
33.06582180055565
27.110135247851556
0.0011194717555766444
0.023056680822472916
10238840957732567e-90
59.2279888908932
2.3763488998677236
5497130414090317e-29
0
0.00025309871516045586
5211895369398073e-21
0.0017022268083097208
0.006914623403092762
0.009697340292361462
0.014946416910856167
2746288444546197e-21
3057523961967414e-24
0.001679827286315919
30282805852517632e-22
27508145378201494e-23
32723682192322495e-30
0.000293024915188064
0.0003352073891701213
3.0516503743368597
3.1320440958452833
0
1.0925732797565564
0
4.57712730432286
3.638835055188401
4.362253354234959
0
5.38520154616218
0
4.412803237862612
1.4025888753353442
31.543983808197964
32.03217604377542
0.7052117810888198
20.473390325823885
75.90512740378927
1.3394941935229692
0.0037742554933423112
0.026476065215570648
1.3710356037447948
34.764088995724244
0.5852765488820196
0.7420427112142393
2.2037468004890606
1.0266964289856535
64.5644088273826
0
62.28268487996328
0
15.059858161837974
0.002766985750431744
0.002741089598203603
0.4768928510787641
6.205000854894283
1.2169583586951904
2.2525857206630353
0
0.0009706000743789258
0.28304378825766235
0.0689783969366275
0.02772439368645436
0.028296327104134163
0.00028178761650984787
0.0001714620931642829
0.0013422311414158282
2.0561696485193233
0.4163840754040063
0.005509854172549452
0.15855686597954166
0.01622598941688467
0.0859610178355305
0.011304109677025796
15529418547455272e-23
0.06659189136528562
0.679358285122598
0.01959718359263475
32589351615464996e-27
2655419750409418e-21
0.0011148920822704213
0
0.8122560854709268
0.4396135529554525
0.12602844604373103
0
0.3196633887476141
0.0028200299036794307
0.06138404968576931
0
0.00015253688438774776
0
0.12437325433781485
0.5991824348832805
0
0
0
0
25082607607551245e-22
0.35790620619166486
3718054528791543e-22
360171551620705e-20
0.36938820910227343
0.267473368801571
0.18281209719184008
0.5268091323480522
0.003692980888874063
0.5079063843437843
0.0011244758297313607
0.5138371609613609
9490887424758629e-22
0.0004936298309581644
0.41850373658505724
0.0012091300301946743
12543134159392768e-30
0.05537129735238342
0.025733541669887415
0.20022829026036348
0.022502327260869093
0.03743674717508118
0.05151905874609982
0.14268003182293554
0.24146058391332825
0.18788340337999307
0.24566188234081282
7437646769731349e-31
0.15770179601153578
0.15772208227449774
0.43909653652132047
0.5415089506051922
0.0003488671744922388
0.5413282047298328
0.6267815140058595
11.838756445180955
2.117835785552908
2.818078119742838
0.09104838583291751
0.4926921135643114
2.660076344325472
4.236526183929582
0.5788830802820005
5.12251028321968
7.2035752181424835
4.5930949497967895
2.475442279410282
2.928985207329457
0.6580433614034675
31.635871600264608
619.0889624325008
4.002050078829693
3947.4034693615667
1.099981275814285
23.21835850200082
1.1687738152560898
45.021522262707
1.3055522010196197
1.396901278069263
1.0999802643753258
0.8752854023665818
1.0760532730081585
67.0322411135026
0
0.0007890418297093797
0.0008326210723345759
0
0.008182441957842393
0.007176791183430358
0.00668851441678931
0.005000033110077142
0.006047813152613224
0.009425928659223155
0.005161063658648538
0.010402271597649422
0.004196737784607556
0.006501980200578642
0.00882634193604981
0.01746867249540543
0.006619715228451928
0.00859044890609474
0.007215749056123696
0.009049825885521215
0.005814915710783084
0.011553856379343794
0.016680152554012492
0.012061419219548654
0.007364666140937495
0.0018996900410272418
0.007425016455275637
0.02274559564821969
0.07018353905967706
0.04097985480243476
0.10934352838485477
911960993001153e-19
0.010074242786125833
0.2020002610664515
4806094999784882e-21
0.07193348322264466
0.010888908407290895
0.0012690020648424948
548633988602292e-20
12044227927898436e-22
0.09842639103931042
0.08612000126261043
0.004137778991790861
0.0399734070869804
0.02011982511873343
0.005772135450178113
0.012058196032502433
0.00048279472244569386
0.2614298092866959
15699129995250678e-25
0.07649887499570428
0.0003418697815697443
0.009598290301809762
0.010877077413642298
0.0001570522649280075
0.00017086388522674132
0.2595306763855371
0.0003934476090949592
0.05560968635590042
0.21436583709884718
13179221730126373e-22
258616339192995e-20
0.00014471832425621577
1257141259806064e-20
0.0005943498366885515
17002962706169063e-21
1443227601280864e-22
10044036940632045e-22
19076847938407265e-21
0.07442926074036026
0.07518977860601136
43499150931232544e-21
0.0002126658983452152
0.019500075864995872
0.008139073594897578
0.08839689706615991
0.020070364405900213
2782856988317979e-20
0.13020884037507457
0.0381622553015744
5573477294812444e-22
0.23761439307141782
4458962805734385e-22
0.003759737234058763
0.0009822214833294504
2299456595303024e-27
0.24128392561966397
0.2602509308602693
0.018001744449876254
0.23390430536667953
0.24498995798590792
0.007386742924371455
0.1767766952013112
2233218459138118e-25
4630609457748461e-21
0.0006292810766469401
9120356226372301e-20
0.12491080642614151
8645597704488899e-22
0.00011181003195683066
0.15232482528222172
0.0009288669761875619
0.011808186909432528
12200690637889616e-21
0.13109982613674237
0.09363331109151339
0.0211079886893449
3146871895814841e-20
0.00015344102856452657
12006679064453362e-23
0.013621553718415544
0.1533828888809906
8333314492776523e-24
11103255511132543e-21
9106306043943586e-21
964989720824582e-19
10586364499673664e-21
0.25325225638191406
0.1522894434251324
0.005146432370268261
0.001547544489684295
0.041283488648482775
0.005872005434193732
6760243492075163e-20
0.02815244478207593
8323442039300559e-20
0.0007207911664367817
0.0788554855288836
9970375374008662e-22
0.2549672966106569
0.2540900918106501
0.0018270101026645886
0.0005369872146928608
5829910082434364e-24
0.0010304366591342778
10390421259162117e-24
0.010244671395495184
0.02904160798094924
0.0009036336014758749
0.00033759527079898295
0.00015454148325861881
2618178627674088e-21
0.006111319350640879
0.030332997069021497
0.02132249137551168
11257175901508327e-24
0.24535771012308652
0.06593866810917257
0
0
81776923094844e-18
6661583347372989e-20
10336378244751344e-22
7596602302473691e-22
0.0001934707414162297
0.009722885816839428
0.005381275013658484
1520423358969109e-23
0.00013149295246465007
7328712099589596e-21
0.055460115629896806
0.013348997275173429
0.09707866031746534
38456353139850427e-23
0.05954524943822837
0.007669854192001155
0.00012013877696944471
0.11841483957162352
0.00029639686166421355
18549559457234617e-29
8514583778924206e-20
37361519682122755e-22
0.00012471066904902242
0.016259892709764925
0.0038989049436774083
0.00016354225043212588
0.00015210749978267254
37998745058759244e-25
0.0005143927720292757
0.02277385395436431
1313513350473965e-23
0.0018048212694053948
0.001799772343123852
4418672302545191e-20
0.10418744585889289
4337177388257252e-20
0.2558934745697342
0.0019094912574960864
0.1692432882821077
0.003299104488055553
0.0007007173257302036
0.000569182555737432
4475055711399408e-20
0.261547323187011
12101942108880886e-21
21567472176768752e-21
0.008279205122685578
0.006430726127799804
21715984605444333e-24
8722760256170153e-20
0.0030525936881344194
0.12602860010006905
0.029960816420994053
0.00010010948268993677
0.022849393212424206
0.0003540796972282443
0
0.1082885145086424
0.012289802281921539
0.2596156606921872
0.251725016750965
0.2565585144597094
0.051419875763835374
0.029431482749353453
0.2499715933948078
0.2585655460790844
0.24757794147475423
0.24960205265260021
0.19259270923547664
0.0007650141914387695
0.0156572947116308
0.13345874798991328
0.23314533198248275
0.1298787869836624
0.00029920345734333134
0.026783203955424606
0.2230324503207824
0.1097773656561243
0.15553182713176228
