1.4067831979978946
1124760218420766e-37
892051161241181e-26
0
36329435401600046e-21
2759550082772563e-25
3654465586987455e-20
0
36911772361882654e-21
0
0.0020808482890642245
0
4.518749289669217
0
5.586311629240147
0
33.064105167506895
27.111184417000725
0.001114653810056839
0.022857418163184897
10008829481503937e-90
59.540422938831554
2.376562020481888
53982375397149e-27
0
0.0002520403391119468
5188477635374881e-21
0.0017011549038015532
0.006914605540418338
0.009686992437618815
0.014937006163420512
274215005887512e-20
30508588318817882e-25
0.0016780346509002308
3023677159090461e-21
27456049560225995e-23
32666939136431036e-30
0.0002918016099456475
0.00033380809161910044
3.0451772925243126
3.12971019673269
0
1.0929522450482412
0
4.5744586504107225
3.6268224132081097
4.361704834769422
0
5.3849944964239285
0
4.4124119026992545
1.4178177680508186
31.573510091647126
32.06758821203166
0.7122523427292111
20.344177119626185
76.09547028504443
1.3392769513959142
0.0038845744328827128
0.026397501897695966
1.4098282862078588
34.76213037347928
0.5856023367620469
0.7446487167370008
2.203540047694114
1.0262088446886883
64.7722698928175
0
62.45512966749444
0
15.054382334493928
0.002853066771348866
0.0028252048913320763
0.4905947454087775
6.203188261423252
1.2165680442376279
2.252443333808132
0
0.0009741281617415913
0.28139146318254216
0.06898266063905334
0.027722518455795025
0.028396089793067267
0.0002818538991805337
0.00017147559395648052
0.0013420066649737763
2.0563558813516885
0.41635041028950776
0.005504377867529847
0.15852897185334971
0.016286718817019992
0.08600446800222038
0.011315359897685038
15496408982340215e-23
0.06660716706031743
0.6780372820707045
0.019599028937640775
3249410058155549e-26
26500458322926015e-22
0.0011150733497350888
0
0.8121921285669903
0.43950962973104857
0.12648160803993794
0
0.3195801509824909
0.002721442964687926
0.0613424330664896
0
0.00015153857316126915
0
0.12437171820687469
0.599096521604212
0
0
0
0
25044721295713283e-22
0.3578883637573771
37109142523659393e-23
35848632213224642e-22
0.36936878562414865
0.2674324116057182
0.18281587800388419
0.5267501820870966
0.0037986191302127404
0.5078123860712136
0.0011244643728578313
0.5138305641294924
949082428011215e-21
0.0005077909269493833
0.4185447953803659
0.0012079309346127952
12455429392862632e-30
0.053781539466020704
0.025707531418752323
0.2002152064457212
0.022506605598451246
0.03744469521832506
0.051469504994530284
0.1425914344663764
0.24145100342945314
0.18791356114965696
0.2456714906339111
7385905061418105e-31
0.15768602424744277
0.15770608440281444
0.43907892925290476
0.5414927083722145
0.0003488101207147381
0.5412969096020129
0.6268848067962537
11.839974718966086
2.1178542726050713
2.81810555417562
0.09104191030149272
0.4927362687852912
2.660116207228947
4.236593974977936
0.5788542281125891
5.122840223834378
7.204138418516264
4.59303238457416
2.475442568269457
2.9292003724428852
0.6581188546942285
31.633398669310274
619.0888759818345
4.002050034923673
3946.7184042675194
1.099981272550936
23.21835837924003
1.1687714150322355
45.021450638495764
1.305553147671972
1.3969012485091692
1.0999802611112102
0.8752527919586421
1.0760450140242268
67.04845387879698
0
0.0007890609758256161
0.0008325933113021904
0
0.008181591960796989
0.00717682398976688
0.006688301414891687
0.004999138154317886
0.006047691935353823
0.009426182880728242
0.005160382686801649
0.010403198273805736
0.004196029068025625
0.006501770063617609
0.00882666756739367
0.017470139908890615
0.006619364478309991
0.008590890609071545
0.007215562011318994
0.009050353553756026
0.005815223031222869
0.011554402640211217
0.016680186772762
0.01206190645015338
0.007364939322866926
0.001899689153984187
0.0074250027970615235
0.022745464557946935
0.07018219087510268
0.04097941711010551
0.10934000170491574
9119609726108349e-20
0.010074217546493841
0.2019846981064323
4806094994122445e-21
0.07193206257404959
0.010888878885706986
0.0012690016693694235
5486339878644142e-21
1204422792434233e-21
0.09842359594461492
0.0861179115638859
0.0041377747700406305
0.03997299129574383
0.020119722950319212
0.005772127215561508
0.012058159768664341
0.000482794665266782
0.2613856144726173
15699129995244637e-25
0.0764972550978292
0.0003418697529051295
0.009598267406478025
0.010877047956680687
0.00015705225888016985
0.00017086387806826306
0.259479581556606
0.0003934475711258824
0.05560886088326231
0.21434737128504855
13179221725868467e-22
2586163390290383e-21
0.00014471831912108828
12571412559317789e-21
0.0005943497500196296
17002962635296956e-21
14432276012298036e-23
10044036938158996e-22
19076847849191694e-21
0.0744277330105001
0.07518821736490662
43499150467354415e-21
0.00021266588725496325
0.019499979982396692
0.008139057166509207
0.08839468593079576
0.02007026274669021
27828569693328063e-21
0.13020360605160672
0.03816187741980556
5573477294050945e-22
0.23758857812449835
44589628052469863e-23
0.0037597337503692814
0.0009822212465001702
2299456595303023e-27
0.2412565825667784
0.2602008999881546
0.01800166291754303
0.23387990083174298
0.24492990828896433
0.00738672940734483
0.17676577666164725
22332184591379954e-26
46306094524919815e-22
0.0006292809794864232
9120356022435744e-20
0.12490604699601562
8645597702656558e-22
0.00011181002889172385
0.15231726285833905
0.0009288667644046545
0.01180815214641304
12200690601398088e-21
0.131094509012126
0.09363080521367494
0.021107876072598303
3146871871537948e-20
0.0001534410227916468
12006679064099967e-23
0.013621507336013602
0.15337519971909358
83333144927595e-22
11103255480910543e-21
9106306023615064e-21
9649896979938366e-20
1058636447220004e-20
0.2532183999573176
0.1522818852132415
0.005146425830012304
0.001547543901315873
0.04128304423109474
0.0058719969109428515
6760243380032932e-20
0.028152242308713257
8323441869447828e-20
0.0007207910389469982
0.07885375690699283
9970375371571753e-22
0.2549120631643296
0.25403428941696105
0.0018270092822819167
0.0005369871439517463
5829910082426034e-24
0.001030436398465706
10390421259135653e-24
0.010244645288227069
0.029041392222334712
0.0009036334010502937
0.0003375952428468613
0.0001545414774026287
2618178625993676e-21
0.00611131011534071
0.03033276122819001
0.021322376421384535
11257175901477263e-24
0.2452977931698667
0.06593748688785186
0
0
8177692145528422e-20
6661583238577375e-20
1033637824213224e-21
7596602301059023e-22
0.00019347073223788082
0.009722862319007906
0.005381267860494494
1520423358963442e-23
0.0001314929482252827
7328712086422938e-21
0.05545929479725259
0.013348952748099727
0.09707594846001527
38456353136225063e-23
0.05954429669207048
0.007669839613056381
0.00012013877343064835
0.11841062308556394
0.00029639684011933335
18549559457234617e-29
8514583601180338e-20
37361519647903768e-22
0.00012471066523573823
0.01625982636328356
0.00389890119657403
0.00016354224387406233
0.00015210749410970954
3799874505872384e-24
0.0005143927071180366
0.02277372253258214
13135133504697355e-24
0.0018048204688537405
0.0017997715470506467
4418672254679278e-20
0.10418427764131738
4337177342140721e-20
0.25585756574889235
0.0019094903612638199
0.16923350536937196
0.003299101807453087
0.000700717205246059
0.0005691824762557837
4475055662304099e-20
0.2615019320981731
12101942072977674e-21
21567472062736576e-21
0.008279188120297801
0.006430715897233101
21715984605328726e-24
8722760069628026e-20
0.003052591393960448
0.12602374292712687
0.029960586463807507
0.00010010948023281116
0.022849260902334443
0.00035407966647901774
0
0.10828506310702073
0.01228976459892911
0.25957570726242957
0.2516921938290007
0.25652201517434436
0.051419174889962435
0.029431261026305295
0.24991357656237176
0.2585269709633833
0.24751888015923584
0.24957053520797695
0.19257905061396102
0.0007650140478162558
0.015657233246257226
0.13345320745648143
0.2331212016620227
0.1298735831148994
0.00029920343538841364
0.026783021080743357
0.22301160198806871
0.1097738077281904
0.1555238758479625
