1.407306954525665
10260955454573373e-38
8584544263582967e-27
0
3614967676931534e-20
27461088003293454e-26
3636344466137087e-20
0
3672806755214346e-20
0
0.002073703640578797
0
4.461656911254877
0
5.562703763556507
0
33.06037840330467
27.113419889983337
0.0011042248285360692
0.022425676114795668
953519744387532e-89
60.22665592528204
2.377024333717999
5192869384881028e-29
0
0.000249793867930099
51387971679399154e-22
0.0016988753932592466
0.0069145673764718545
0.009664987110517774
0.014916993283880667
27333984652114717e-22
3036721640441511e-24
0.0016742225217717488
30139416391977593e-22
2734552996904525e-22
3254690931839223e-29
0.0002892050299378502
0.00033083794917913606
3.0301376201456445
3.1243112835218754
0
1.0937546825896243
0
4.56856897607199
3.600387344194066
4.360397916330049
0
5.384546100878091
0
4.411466497181365
1.4528488486525324
31.63672870352434
32.14344853913488
0.7284670943161707
20.063328056401602
76.47730933671954
1.3387835643808241
0.00415121731863145
0.02620116885909022
1.503325634353176
34.75781052709801
0.5863003288814095
0.7503448843675696
2.2030488346267467
1.0251670593091777
65.22650304994971
0
62.8303806076566
0
15.04230184717121
0.003059750183059083
0.0030270033337489012
0.5236700676335053
6.199078525790484
1.2157112185067973
2.252133623504967
0
0.0009818347814888363
0.2777405522930162
0.06899200831010407
0.02771852182361189
0.028613947440598125
0.000281995866239518
0.00017150464705479118
0.00134152722699222
2.056760051838499
0.4162782150831057
0.005492676528779969
0.15846142610509306
0.016419161400624868
0.08609868926285952
0.011339815041874422
15426315984940626e-23
0.06663998417440709
0.6751667855929023
0.019603035588803084
3229225317862708e-26
26386119104123926e-22
0.0011154489802704722
0
0.8120554099360346
0.4392842606553922
0.12747173530933645
0
0.3194019490326986
0.0025081524640975417
0.06125074345499014
0
0.00014937052177751777
0
0.12436843905144052
0.5989130128232019
0
0
0
0
24964443780523214e-22
0.35785039256315665
36957520456915815e-23
35491392707912245e-22
0.3693272833170515
0.26734536650413976
0.1828239358290466
0.5266130187447974
0.004053341149936906
0.5076103984417796
0.0011244392691103086
0.5138161967025219
9490689376495782e-22
0.0005419537573063396
0.41863147581655363
0.0012053844909701104
1227007965753125e-29
0.05027121529522346
0.025651933512201526
0.20018725002850704
0.022515861985326648
0.0374618059146182
0.05136377008435951
0.14240227199126423
0.24143053183463706
0.18797852567948203
0.2456928966289423
7276568382480497e-31
0.15765295129138568
0.15767251443795044
0.4390413106284147
0.5414580024958116
0.0003486896891097071
0.5412249374185957
0.627107094474794
11.842622005266463
2.1178938856709917
2.8181646360692563
0.09102812746215327
0.49283221263315924
2.6602016323641964
4.236739987237953
0.5787928341890413
5.123558259890564
7.20536488358093
4.592911968717606
2.475443325238127
2.929669447861317
0.6582819094185028
31.627916242928016
619.08869127544
4.002049941116136
3945.255124694342
1.0999812655786183
23.218358116955084
1.168766286843146
45.02129760995031
1.3055551803401078
1.396901185352044
1.099980254137255
0.8751831208598372
1.0760273684791226
67.0829771898849
0
0.0007891044886226869
0.000832534099956843
0
0.008179777726721274
0.007176925962214742
0.0066878763340281295
0.004997248488324311
0.006047458264435443
0.009426752416136493
0.00515895082408572
0.010405224933349217
0.004194533302493628
0.006501350230118045
0.008827402346721093
0.01747335396457313
0.0066186449210346885
0.008591872058671993
0.007215194219709228
0.009051520757253228
0.005815896745986232
0.011555620585880312
0.016680335712064846
0.012062999939601532
0.0073655559964281424
0.001899687258771027
0.007424973615646635
0.022745184479155876
0.07017931049400865
0.04097848197288683
0.10933246714724977
91196092904584e-18
0.01007416362089291
0.20195145103418036
480609498202435e-20
0.07192902737696577
0.010888815811544921
0.0012690008244206385
548633986287899e-20
12044227916744528e-22
0.09841762434246584
0.08611344698159551
0.004137765750061714
0.03997210295019916
0.020119504663820193
0.005772109621905618
0.012058082289415751
0.0004827945431010261
0.26129121493966606
15699129995231735e-25
0.07649379421501268
0.0003418696916616672
0.009598218489570084
0.0108769850205867
0.00015705224595864465
0.0001708638627737955
0.2593704484468678
0.0003934474900029475
0.05560709725823373
0.21430792342389615
13179221716771223e-22
25861633867873615e-22
0.00014471830814961662
12571412476541623e-21
0.0005943495648469221
17002962483874936e-21
14432276011207105e-23
10044036932875194e-22
19076847658577897e-21
0.07442446903967297
0.07518488179907772
4349914947625419e-20
0.00021266586356005353
0.019499775125716334
0.008139022066496976
0.08838996190810275
0.020070045548119975
27828569287699787e-21
0.13019242334685172
0.03816107006789594
5573477292423967e-22
0.23753343251780296
4458962804205633e-22
0.0037597263072926975
0.00098222074050204
229945659530302e-26
0.2411981730656916
0.2600940386002324
0.018001488720624816
0.2338277677795331
0.24480165823948397
0.007386700527583194
0.17674245088197912
2233218459137733e-25
4630609441261237e-21
0.0006292807718978747
9120355586714484e-20
0.12489587882867718
8645597698741667e-22
0.00011181002234296078
0.15230110659649565
0.0009288663119193987
0.011808077873720516
12200690523431998e-21
0.131083149415862
0.09362545149743637
0.021107635462957696
3146871819669077e-20
0.0001534410104575837
1200667906334492e-22
0.013621408238080286
0.15335877270830575
833331449272313e-23
11103255416339637e-21
9106305980182098e-21
9649896492147396e-20
10586364413501187e-21
0.25314607907498476
0.15226573794943296
0.005146411856436318
0.001547542644236274
0.04128209472579745
0.005871978700606608
6760243140648773e-20
0.0281518097185112
832344150654847e-19
0.0007207907665583873
0.07885006374158324
9970375366365166e-22
0.2547940940644735
0.253915105702241
0.0018270075294920473
0.0005369869928096334
5829910082408234e-24
0.001030435841533694
10390421259079103e-24
0.010244589508886579
0.029040931247978918
0.0009036329728305551
0.0003375951831256784
0.00015454146489099588
2618178622403384e-21
0.006111290383678694
0.0303322573478854
0.021322130817869718
1125717590141089e-23
0.2451698264430422
0.06593496321673352
0
0
8177691795227791e-20
6661583006129777e-20
1033637823653638e-21
7596602298036509e-22
0.00019347071262785286
0.009722812114834492
0.0053812525774119884
15204233589513348e-24
0.00013149293916764988
7328712058291674e-21
0.05545754108546636
0.013348857614142102
0.09707015468652828
3845635312847928e-22
0.05954226115043624
0.007669808464460255
0.0001201387658698225
0.11840161484246414
0.00029639679408755904
18549559457234617e-29
8514583221421146e-20
373615195747931e-20
0.00012471065708845466
0.0162596846114133
0.0038988931907009295
0.00016354222986241252
0.00015210748198912386
3799874505864822e-24
0.0005143925684317577
0.02277344174551329
13135133504606988e-24
0.0018048187584338484
0.0017997698461991883
4418672152411218e-20
0.10417750889919072
43371772436103086e-21
0.255780861531327
0.0019094884464174436
0.16921260555204118
0.0032990960802110007
0.0007007169478253613
0.0005691823064390627
44750555574093705e-21
0.26140497802230794
12101941996268562e-21
2156747181910078e-20
0.008279151793911272
0.006430694039139103
21715984605081737e-24
8722759671070888e-20
0.0030525864923418218
0.12601336594667648
0.029960095153992283
0.00010010947498303217
0.022848978217375252
0.0003540796007816727
0
0.10827768937293301
0.012289684087603713
0.2594903652410715
0.2516220802546416
0.2564440499125737
0.05141767746775871
0.02943078730884654
0.2497896656362959
0.25844457246429026
0.24739273973057244
0.24950320984969582
0.19254987149007877
0.0007650137409592258
0.015657101923034107
0.13344137058355882
0.23306965432009988
0.12986246547182778
0.00029920338848057274
0.026782630363468552
0.22296706494887902
0.10976620641277636
0.155506888870298
