1.4114518701480847
4961326367633244e-38
6335452334409493e-27
0
3476944993383713e-20
2642872834706496e-25
3497206934847968e-20
0
353175704941624e-19
0
0.0020188010138933185
0
3.950889802294502
0
5.359303421081624
0
33.02784768743554
27.130815391510556
0.0010134293849062231
0.018556903509524367
6517957097805812e-90
66.73795932026692
2.3809849049583804
3820190273489882e-29
0
0.0002327075913200852
4761700971010141e-21
0.0016813478936466995
0.0069142653824352815
0.009495850462814053
0.014763111348890016
26723930846258196e-22
29315426931873343e-25
0.0016449226365047788
2946013284242746e-21
2652474294936615e-22
31700983436275207e-30
0.0002694543137298237
0.00030824558939712834
2.821093214138022
3.051637698576217
0
1.0995948286683686
0
4.506890221097409
3.346220625657233
4.3299567199952405
0
5.380347196820806
0
4.387929446339418
1.8851225174516566
32.106557653390304
32.70915758612476
0.9768346771671406
17.57970332901172
74.43033135602441
1.3305972390384861
0.01062162569995197
0.02154463608118088
3.6615588859685557
34.71577552522092
0.5919145050216541
0.802846647730369
2.1915171505654243
1.0168288698593628
69.40557517338253
0
66.17407679814913
0
14.92401057121987
0.007608109175912948
0.007423015045996116
1.3073769859037458
6.143219099843995
1.2075368327609344
2.2491268229519434
0
0.0010525857978183866
0.2406386707277994
0.06907886651712272
0.027687298907939847
0.030609892476902604
0.00028325495756893575
0.00017181439547781993
0.0013376806554049503
2.0603008713404396
0.41569370512021875
0.005393097785003628
0.15714142482520885
0.01760595932157454
0.08691753996910594
0.0115560950418576
14893098661466703e-23
0.06691321177135917
0.6488436686802808
0.019638650125862467
3077536769877857e-26
2548399553207499e-21
0.001117337640618807
0
0.8109678594383558
0.4373071248226026
0.13657584194108482
0
0.3179723333368813
0.0008209094081164986
0.060291497330311326
0
0.00013030280288387497
0
0.12434264153692269
0.5974631861862306
0
0
0
0
2437705161115919e-21
0.3575576296143423
35804233918276955e-23
32795234938416688e-22
0.36899869933872226
0.26668150568593074
0.18288797150775668
0.5238777182179242
0.009987729841854564
0.5058608598369558
0.0011242100790832133
0.5136887705142714
9489622138305774e-22
0.0013440623732225447
0.41922305096345813
0.0011860005716929582
10896754651790206e-30
0.018574174766769633
0.025210192918341947
0.1999659038605296
0.022595391202077934
0.037604287185427895
0.050533701742180186
0.14091174497893566
0.24126840579994172
0.18852175930132545
0.24591026668516436
6467003644359042e-31
0.1574249654284004
0.15743989516096463
0.43874361627108655
0.5411831790656958
0.0003478955542578508
0.5398404612775648
0.6289536910918422
11.86600184008607
2.1182134497492386
2.8186568147426723
0.0909217513361838
0.49367928069985995
2.6608912417248063
4.237957367159331
0.578319867839365
5.129963853112759
7.216350413406062
4.592686969521031
2.4754567782324606
2.9338998760533643
0.6596686250039784
31.572649267780065
619.0872295439651
4.002049198740104
3933.694110588843
1.0999812104009388
23.21835604127891
1.1687257040641659
45.02008658771721
1.3055718239503578
1.3969006855177668
1.0999801989466182
0.8746318894423011
1.0758877349836793
67.34738505281275
0
0.0007895902477846258
0.000832070950681718
0
0.008165519205371216
0.007179490143206787
0.0066861636786224735
0.0049835227090012394
0.006046987089560723
0.009432716960800969
0.005148884455757183
0.010423845406934668
0.004183714195673595
0.006499631085299134
0.008835366494978545
0.01750313574806818
0.00661459136810173
0.008601718546755968
0.0072140359709859025
0.00906295028613779
0.005822187227664282
0.011568067045634947
0.016685686805978452
0.0120745468258747
0.007372255025653789
0.0018996722604592371
0.0074247426831858835
0.02274296810726223
0.0701565198416354
0.040971082216576825
0.10927285831345872
9119605842803232e-20
0.010073736873498896
0.20168853259157296
4806094886282166e-21
0.07190501188608713
0.010888316666777297
0.0012689941376666984
5486339738116379e-21
12044227856616865e-22
0.09837037892691847
0.0860781232374344
0.0041376943682529905
0.03996507343850742
0.02011777726698078
0.005771970390746421
0.01205746915003868
0.00048279357630414093
0.26054535537542306
15699129995129566e-25
0.07646641092856801
0.00034186920699223126
0.00959783137868983
0.010876486968422814
0.00015705214370003936
0.00017086374173615868
0.25850840587576956
0.00039344684801111834
0.05559314221740713
0.21399599605144853
13179221644777262e-22
25861633590650683e-22
0.00014471822132337847
1257141182146588e-20
0.0005943480994252197
1700296128554816e-20
14432276002573632e-23
1004403689106012e-21
1907684615009441e-20
0.07439864360563461
0.07515848994554312
4349914163286485e-20
0.00021266567604286295
0.019498154002439535
0.008138744296607688
0.08835258573975603
0.020068326760327885
27828566077630285e-21
0.1301039592877533
0.038154681431483185
5573477279548333e-22
0.23709747125060315
4458962795964565e-22
0.003759667404633598
0.0009822167361323963
22994565953029967e-28
0.2407364292061372
0.25924990313255203
0.018000110216777835
0.23341560578139572
0.24378907600552083
0.007386471982289754
0.1765579633605804
22332184591356648e-26
4630609352383121e-21
0.0006292791290815898
9120352138494984e-20
0.12481543895874472
8645597667759892e-22
0.00011180997051723301
0.15217330925480865
0.000928862731039669
0.011807490109373781
12200689906422345e-21
0.13099328631136242
0.09358309393905298
0.021105731417969207
31468714091881266e-21
0.0001534409128480458
120066790573696e-21
0.013620624020162333
0.1532288343191002
8333314492435283e-24
1110325490533701e-20
9106305636461368e-21
9649892631857643e-20
10586363948968973e-21
0.25257447258698884
0.15213801176332284
0.005146301273389734
0.0015475326959688473
0.041274581280677694
0.0058718345892496936
676024124620558e-19
0.02814838651135628
8323438634628322e-20
0.0007207886109271991
0.07882084279036014
9970375325161176e-22
0.25386243122523483
0.2529738771867963
0.0018269936582853666
0.000536985796699445
5829910082267364e-24
0.0010304314340838301
10390421258631608e-24
0.010244148091859508
0.029037283437324903
0.0009036295839831774
0.000337594710503275
0.00015454136587620418
26181785939904686e-22
0.006111134233076441
0.030328270024363745
0.02132018725529579
1125717590088564e-23
0.24415947241108948
0.06591499474076044
0
0
8177689023011671e-20
6661581166581287e-20
10336378192251742e-22
7596602274116848e-22
0.00019347055743766415
0.009722414817115372
0.005381131631357391
1520423358855516e-23
0.00013149286748718336
7328711835665877e-21
0.05544366447941558
0.013348104764904693
0.09702431599258962
3845635306718045e-22
0.05952615469164926
0.00766956196449516
0.00012013870603481385
0.11833034938296838
0.0002963964298005701
18549559457234617e-29
8514580216075327e-20
37361518996208294e-22
0.00012471059261232623
0.016258562856014295
0.0038988298342308154
0.00016354211897676057
0.00015210738606900748
379987450580497e-23
0.0005143914708946335
0.022771219768900022
13135133503891861e-24
0.001804805222533461
0.0017997563860211974
4418671343080131e-20
0.10412395779130712
4337176463858294e-20
0.2551746485659512
0.0019094732927329254
0.16904729914148775
0.003299050756190647
0.000700714910647269
0.000569180962541647
4475054727291297e-20
0.260638967576178
12101941389206336e-21
21567469891010635e-21
0.008278864318997613
0.006430521060707359
21715984603127086e-24
8722756516961522e-20
0.0030525477020849996
0.12593127450859093
0.029956207300019144
0.00010010943343722838
0.022846741222443803
0.0003540790808650469
0
0.10821935266579485
0.012289046953956204
0.2588159726266997
0.2510679024043152
0.25582788196092165
0.05140582867385848
0.029427038662406518
0.24881122117567983
0.2577934110807293
0.2463967516046145
0.24897104918586885
0.19231910899969065
0.0007650113125518337
0.015656062693348547
0.13334773270861677
0.232662119680281
0.1297745159914006
0.0002992030172605562
0.02677953849776935
0.2226149203454026
0.10970606952232709
0.15537252238813234
