1.411620838906286
4816490615572084e-38
625747624878535e-26
0
3471474709262746e-20
2638780082293697e-25
3491692428506853e-20
0
35261667731304805e-21
0
0.0020166118854520647
0
3.927528254183982
0
5.350319305214388
0
33.0263990733163
27.131513337489565
0.0010093368091428398
0.01837791370184707
6418438762360552e-90
67.04994101057383
2.3811526909243246
3772659240068769e-29
0
0.0002320364170804711
4746885006496459e-21
0.0016806531287779287
0.006914253072616394
0.009489152784950857
0.014757011695184558
26705652413558016e-22
29276664102667186e-25
0.0016437624149775927
29439713127632667e-22
264947655821767e-21
3167452455438878e-29
0.00026867842346497614
0.0003073580566753077
2.808093316979396
3.047051640154077
0
1.0998027696619288
0
4.50340935072374
3.3338089877776524
4.326751051179106
0
5.380121421244298
0
4.385422785373466
1.905821298730493
32.12139618457648
32.72710449535643
0.9962991806196885
17.467338118859566
73.84334329278094
1.3298510583669716
0.011285124195591667
0.021132411303324106
3.871455694747591
34.71370535442613
0.5921464099798809
0.8053194896946358
2.190295699974189
1.0164777335927895
69.60203392229471
0
66.32632892620265
0
14.918141391800562
0.008032182124577715
0.007832998046415211
1.3857107998771745
6.139122498143433
1.2071364381715115
2.248959472861286
0
0.0010559080796622754
0.23874802212420457
0.06908293895007549
0.027686030304729454
0.030703409310946114
0.00028332596132317055
0.00017183869926466034
0.0013375168445752994
2.060459739444529
0.41566939253180024
0.00538816868261343
0.15702542289232702
0.01765907472871139
0.08695382944177053
0.011565869360160238
14872245741433095e-23
0.06692520468965617
0.647531820543735
0.019640297386811174
30716715095944054e-27
2544558926964942e-21
0.0011173311492423258
0
0.8109231060559212
0.43721772311369705
0.13700382040356354
0
0.3179132117470645
0.0007643984657863286
0.0602357739196871
0
0.00012944448910840757
0
0.12434159631423684
0.5974041770141898
0
0
0
0
2435630591719694e-21
0.357546007821848
35759162942501524e-23
3269009749920326e-21
0.3689852992665371
0.26665550004083627
0.18289069325026042
0.5236070192806042
0.0105708387976318
0.5057762369666808
0.0011241995519506093
0.513683010557782
9489578644484695e-22
0.0014235064941191795
0.4192401889103541
0.0011852411602767936
10844137169179918e-30
0.017374077906253612
0.02519211417617376
0.1999568766688305
0.022598897499334247
0.03761039728224464
0.05050011633268516
0.14085124429817278
0.2412617921390227
0.18854515019440893
0.245921174630638
6436008914591533e-31
0.1574170740744813
0.15743179183786046
0.43873148113933297
0.541171969504836
0.0003478766218159164
0.5397030064430746
0.6290326979955554
11.867058730195124
2.118226729246967
2.818677896160545
0.09091752383406519
0.4937175611752051
2.660919917559648
4.238009551662902
0.5783011086564055
5.130256089293144
7.2168533270264446
4.592708970409149
2.475457637568923
2.934094673480214
0.6597292704905291
31.569841274490688
619.0871699561059
4.00204916847692
3933.2235416442195
1.0999812081516038
23.218355956663334
1.1687240497246114
45.020037220715025
1.3055725264014666
1.396900665141109
1.0999801966967553
0.874609423350102
1.0758820431654095
67.35755284948824
0
0.0007896160444518643
0.0008320522978569942
0
0.008164942136341877
0.007179670166052778
0.006686164722387973
0.0049830156457181885
0.006047025287179479
0.009433022848390935
0.005148528224356112
0.010424715574936416
0.004183317275011348
0.006499629804875307
0.008835783315356982
0.01750453658650681
0.006614496492917716
0.008602209297578505
0.007214063961035175
0.009063510316459716
0.005822484903467564
0.011568695490297118
0.0166860839753377
0.012075141851315438
0.007372606252140356
0.001899671649050963
0.007424733269305573
0.022742877760763024
0.07015559093071559
0.04097078059158615
0.10927042903058709
9119605702258538e-20
0.010073719477393819
0.2016778219047498
4806094882379207e-21
0.07190403305734004
0.010888296319472955
0.0012689938650798681
54863397330303936e-22
12044227854165742e-22
0.09836845343424634
0.0860766835615768
0.004137691458377761
0.03996478690453058
0.020117706852264404
0.005771964715016706
0.012057444155885081
0.0004827935368924101
0.2605149953876095
15699129995125401e-25
0.07646529484846061
0.00034186918723454744
0.009597815598327127
0.010876466665657203
0.00015705213953143732
0.00017086373680202406
0.2584733252888988
0.00039344682184014654
0.05559257341018097
0.21398328987204862
13179221641842407e-22
25861633579349603e-22
0.00014471821778388132
12571411794761515e-21
0.0005943480396869307
17002961236698e-18
14432276002221684e-23
10044036889355516e-22
1907684608860062e-20
0.07439759101401124
0.07515741427007848
43499141313126705e-21
0.0002126656683986706
0.019498087919710416
0.008138732973433954
0.08835106242409514
0.020068256696538358
27828565946770827e-21
0.13010035429864586
0.03815442101944785
5573477279023454e-22
0.2370797161396531
44589627956286154e-23
0.0037596650034681877
0.0009822165728933844
2299456595302996e-27
0.2407176248391441
0.2592155498689621
0.01800005402388459
0.2333988192914645
0.24374788674803194
0.007386462665720691
0.17655044675661807
22332184591355805e-26
4630609348759977e-21
0.0006292790621117704
9120351997927284e-20
0.12481216090199765
864559766649691e-21
0.00011180996840454182
0.1521681018323974
0.0009288625850643001
0.011807466149600342
12200689881269758e-21
0.1309896243214595
0.09358136762675635
0.021105653802634225
3146871392454746e-20
0.0001534409088689643
12006679057126013e-23
0.013620592052235881
0.15322353967689467
833331449242355e-23
11103254884505832e-21
9106305622449486e-21
9649892474491778e-20
10586363930032174e-21
0.25255119827296274
0.1521328072395851
0.005146296765488288
0.0015475322904260275
0.0412742750217906
0.005871828714581003
6760241168978034e-20
0.028148246972095992
8323438517553636e-20
0.0007207885230523685
0.07881965181905809
9970375323481483e-22
0.253824524055416
0.2529355818194254
0.0018269930928236006
0.0005369857479397024
5829910082261621e-24
0.0010304312544131829
10390421258613366e-24
0.010244130097762327
0.029037134742923812
0.0009036294458360431
0.00033759469123669167
0.00015454136183983713
26181785928322074e-22
0.006111127867633827
0.030328107491015544
0.02132010802912893
11257175900864228e-24
0.24411837346236992
0.06591418084800621
0
0
817768891000145e-19
666158109159154e-19
10336378190446465e-22
7596602273141756e-22
0.00019347055111129107
0.009722398621496245
0.005381126701012
152042335885161e-22
0.00013149286456510796
73287118265904685e-22
0.05544309886897239
0.013348074075675067
0.0970224478234139
38456353064681584e-23
0.05952549819934347
0.007669551916016447
0.00012013870359562197
0.11832744513474523
0.00029639641495030864
18549559457234617e-29
8514580093561503e-20
37361518972622107e-22
0.00012471058998393775
0.016258517128952727
0.003898827251506695
0.0001635421144564745
0.00015210738215879575
37998745058025295e-25
0.0005143914261532453
0.022771129193940188
13135133503862708e-24
0.0018048046707404787
0.0017997558373150438
4418671310087504e-20
0.10412177534799644
4337176432071467e-20
0.2551499666100448
0.0019094726749908737
0.16904056380175436
0.0032990489085562478
0.0007007148276012041
0.0005691809077573235
44750546934512827e-21
0.2606077885875602
12101941364459259e-21
21567469812411453e-21
0.008278852600206232
0.006430514009287175
21715984603047402e-24
872275638838331e-19
0.003052546120798725
0.12592792916061352
0.029956048821161083
0.0001001094317436013
0.022846650035304585
0.0003540790596705022
0
0.10821697521887161
0.012289020981708122
0.25878851801634234
0.25104533708416993
0.25580279511578086
0.05140534571206355
0.0294268858578125
0.2487714159927083
0.2577669011185748
0.24635623501438336
0.24894937958756552
0.1923097077649476
0.0007650112135572241
0.015656020330294583
0.13334391692608494
0.23264552153069384
0.12977093196765815
0.000299203002127668
0.026779412464486767
0.22260057686664153
0.10970361872256203
0.15536704736079968
