1.412067896118899
4453344016587626e-38
60557655960201235e-28
0
34570593336923846e-21
2627994344758771e-25
3477160478384914e-20
0
3511435121954596e-20
0
0.0020108356171646352
0
3.8646304785703123
0
5.326260284191721
0
33.022516762179976
27.13335570918692
0.000998324789505981
0.01789881023169376
6162688490260947e-90
67.89461842163446
2.3815933110639302
3649714630588294e-29
0
0.0002302699468571915
4707865512089483e-21
0.0016788229311499848
0.006914220503715405
0.009471515077121196
0.014740943568252384
26662261189755343e-22
2917695423529935e-24
0.001640707093155456
2939116685944352e-21
26417947703429566e-23
3161047803345201e-29
0.000266636334411932
0.000305022124776375
2.772171485965901
3.034107464957901
0
1.100334181709671
0
4.493634435356155
3.3000380597057877
4.316743994255419
0
5.379479676216433
0
4.37756079861191
1.956644765660392
32.15686876773045
32.77005483562609
1.0546239848843126
17.16533887997337
72.0170013594239
1.327548779846739
0.013333312402886236
0.019954183061072304
4.506835965202002
34.7080660314081
0.5927608580366747
0.812008146156797
2.186460995672854
1.0155381925019296
70.1332332622821
0
66.73585669683827
0
14.90213717432988
0.009299320074477676
0.009062358247578606
1.6252073260198046
6.1269295661735175
1.2060437612995785
2.2484784747702973
0
0.0010648912897823078
0.2336313104984439
0.06909392401739385
0.02768266536071347
0.030956156522458207
0.0002835350352086866
0.00017191564384662627
0.00133707686425263
2.0608861681357142
0.4156049018176171
0.0053743823765713275
0.15666618333078094
0.017800641580890394
0.08705089026733256
0.011592128250541537
14817473466624015e-23
0.06695750479558725
0.6439034120327605
0.019644759460626694
30562886079222255e-27
25342197054214637e-22
0.0011172437704279649
0
0.8108043757253885
0.43697718070315905
0.13816114220845704
0
0.3177564007732603
0.0006283610188144104
0.06007696080590037
0
0.00012713946738310668
0
0.12433883357126789
0.5972480866894622
0
0
0
0
24303748732453277e-22
0.3575153859410181
3564081127065814e-22
32413670178194346e-22
0.3689498434423276
0.2665871390753088
0.18289801481668658
0.5227640768397519
0.01234268902510693
0.5055416411449504
0.001124171226349085
0.5136675202613198
9489463572804828e-22
0.001665599371812156
0.41928042836086254
0.001183244905360009
10706138173499454e-30
0.014443101347900921
0.025144266427993365
0.19993299104190965
0.022608283796673408
0.037626691496593874
0.050411351652015296
0.14069128359205102
0.24124429196252825
0.1886075675448072
0.24595090318283644
6354728954688768e-31
0.1573967610041092
0.1574109134583807
0.43869937415474386
0.5411423088916342
0.00034783752528179987
0.5392751336635553
0.6292433110212129
11.86989913504709
2.118261969247593
2.8187340953209445
0.09090638289764538
0.49382043557858485
2.660996022780101
4.238148681983384
0.5782516874231829
5.131042561780231
7.2182074524431705
4.592780440019672
2.4754600401509252
2.9346196153194435
0.6598914739868578
31.562152428979488
619.0870122986912
4.002049088406648
3931.9787827228565
1.099981202200318
23.218355732787618
1.1687196726875229
45.01990660585752
1.3055743951597432
1.396900611228299
1.0999801907440716
0.8745499845087453
1.0758669839087545
67.38403620568658
0
0.0007896868274541816
0.0008320030415492955
0
0.008163417096197851
0.007180178657736843
0.006686197676536478
0.004981696327392214
0.0060471494064674785
0.009433858963420066
0.005147608711765771
0.010427065320587616
0.004182286281633789
0.006499655731067511
0.008836925316737939
0.01750832260588015
0.006614275439129342
0.008603545844783147
0.007214170064415355
0.009065032118216588
0.005823289660150288
0.011570410168729494
0.01668721109014331
0.012076769196597838
0.007373568855244924
0.001899670031389087
0.007424708362136876
0.0227426387239017
0.07015313327932557
0.040969982563480695
0.1092640018991487
911960533040567e-19
0.010073673450957644
0.20164948633355076
4806094872052765e-21
0.07190144333840451
0.010888242484797995
0.0012689931438704437
54863397195739005e-22
12044227847680566e-22
0.09836335915124526
0.08607287458611805
0.0041376837594453925
0.03996402880339867
0.020117520550333116
0.0057719496982089535
0.012057378026651867
0.0004827934326169446
0.2604346860520289
15699129995114381e-25
0.0764623420044441
0.00034186913495971145
0.009597773846799237
0.010876412948822122
0.00015705212850215868
0.00017086372374730096
0.2583805320988522
0.0003934467525970484
0.05559106848919452
0.21394967552580454
13179221634077368e-22
25861633549449234e-22
0.00014471820841908706
12571411724107167e-21
0.0005943478816315103
17002961107450354e-21
14432276001290504e-23
10044036884845472e-22
19076845925900466e-21
0.07439480614096056
0.07515456832427186
4349914046716416e-20
0.00021266564817368263
0.019497913079234125
0.008138703014678835
0.08834703216514572
0.020068071323079733
27828565600543118e-21
0.13009081670721903
0.0381537320303622
557347727763473e-21
0.23703274611396072
445896279473976e-21
0.0037596586504768004
0.0009822161409960542
22994565953029935e-28
0.24066787936540188
0.25912468002437794
0.01799990534968274
0.23335441145124022
0.2436389418513174
0.0073864380160170145
0.17653056088379102
22332184591353567e-26
4630609339173872e-21
0.0006292788849231867
9120351626013549e-20
0.12480348824103585
8645597663155316e-22
0.00011180996281478774
0.15215432490373063
0.0009288621988430625
0.011807402757112758
1220068981472109e-20
0.1309799359294189
0.09357680030661901
0.02110544844950815
31468713481816e-18
0.0001534408983411188
12006679056481535e-23
0.013620507471919965
0.15320953200517595
8333314492392506e-24
1110325482939074e-20
910630558537688e-20
9649892058133491e-20
1058636387992923e-20
0.2524896294814307
0.15211903797946583
0.005146284838510433
0.001547531217442134
0.04127346473358139
0.005871813171422326
6760240964649543e-20
0.02814787778272809
8323438207797668e-20
0.0007207882905533639
0.07881650083628935
9970375319037355e-22
0.2537242566368808
0.2528342879683467
0.0018269915967268015
0.0005369856189312913
5829910082246428e-24
0.0010304307790410837
103904212585651e-22
0.010244082489167356
0.029036741331238323
0.0009036290803267246
0.000337594640261208
0.00015454135116042556
2618178589767682e-21
0.006111111025990089
0.03032767746479926
0.021319898414110288
11257175900807577e-24
0.24400966730673884
0.06591202750060547
0
0
8177688610999233e-20
6661580893183814e-20
10336378185670063e-22
759660227056186e-21
0.0001934705343729865
0.009722355771288696
0.005381113656335516
15204233588412748e-24
0.00013149285683388686
7328711802578771e-21
0.055441602405788354
0.013347992878511168
0.09701750519852027
3845635305807009e-22
0.059523761288194046
0.00766952532983446
0.0001201386971420131
0.11831976142421458
0.0002963963756595192
18549559457234617e-29
8514579769414677e-20
3736151891021783e-21
0.0001247105830297529
0.016258396145002227
0.003898820418148481
0.00016354210249671102
0.00015210737181316566
3799874505796075e-24
0.0005143913077765859
0.022770889552624792
13135133503785578e-24
0.0018048032108084898
0.0017997543855501734
4418671222795676e-20
0.10411600126434191
4337176347969942e-20
0.2550846746527748
0.0019094710405711155
0.16902274474721302
0.00329904402009373
0.0007007146078781343
0.000569180762809092
44750546039174376e-21
0.26052531326766376
12101941298983491e-21
21567469604453887e-21
0.008278821594730739
0.006430495352690627
21715984602836583e-24
8722756048191332e-20
0.003052541937038518
0.1259190784740352
0.02995562952214956
0.00010010942726260621
0.022846408774303915
0.00035407900359402296
0
0.1082106852263164
0.012288952264649277
0.2587158927069079
0.25098564358505626
0.25573643225382797
0.05140406791456777
0.029426481571540996
0.24866613022758677
0.2576967742595819
0.24624906842857586
0.24889205530243905
0.19228483621274
0.00076501095163754
0.015655908246761455
0.13333382166268173
0.23260161188950737
0.12976144984197507
0.00029920296208910547
0.026779079008733032
0.2225626313755297
0.1096971346653565
0.1553525624745904
