1.4123759091043062
4219195480461787e-38
5920587813371575e-27
0
34471761570874685e-21
2620599261924966e-25
3467197340542072e-20
0
3501335035882834e-20
0
0.0020068723981416844
0
3.820355732439846
0
5.309435504406653
0
33.01979948161767
27.134621468070254
0.0009905755340966433
0.017565983307161567
5992673163825933e-90
68.49364610852787
2.381891558962993
3567327779841412e-29
0
0.0002290607165467905
4681127091753757e-21
0.0016775689198451167
0.006914198064761332
0.009459435755881929
0.01472993404197772
26636976553130236e-22
29111014422668548e-25
0.0016386146436279292
29362803634755135e-22
26367451397208624e-23
31571869618422145e-30
0.00026523841834171733
0.00030342305043054503
2.746404440810834
3.0244883005871377
0
1.1006825724508271
0
4.486418856014997
3.2759541972774073
4.3085143529637895
0
5.3789936182831175
0
4.371012803159025
1.9867858453996254
32.17777406211325
32.7954109446915
1.1013010198569677
16.953218207502978
70.59162299522275
1.3256607404049254
0.015001841208416059
0.019099125522020637
5.010822885711763
34.70403854196438
0.5931848727733868
0.8167430215528141
2.1832635624645516
1.0148801486510004
70.50909371384742
0
67.02376001414164
0
14.89069486457727
0.01028793801998859
0.010027066166192297
1.8177611636605113
6.117235705380208
1.2052606168781663
2.2481061906764954
0
0.0010712481336740383
0.23003490691487144
0.06910166956637265
0.027680336976759784
0.031134901486869794
0.000283700806803623
0.0001719816058379476
0.0013367670844896375
2.0611852041588272
0.41556033513096946
0.005364195327765844
0.15636296213369552
0.017898905333611558
0.0871185877795873
0.011610562142570856
14780095214126477e-23
0.06698030536265485
0.6412611997426917
0.019647928775112324
304580922889626e-25
25269314295505395e-22
0.0011171081738462802
0
0.8107222575976477
0.4368079408996874
0.13898016280841843
0
0.31764801726359065
0.0005475145213226916
0.05995718622974052
0
0.0001255220360536341
0
0.12433693243560835
0.5971405742744732
0
0
0
0
24269812831641823e-22
0.3574943969852929
35560077197564566e-23
32224682159615167e-22
0.36892541349738983
0.26654042251810983
0.1829031825750327
0.5220666757296646
0.013755435933268558
0.5053694920232423
0.0011241513019295078
0.5136566249014756
9489384294281744e-22
0.0018593752800769416
0.4193032316943459
0.0011818808739121655
10612078041357544e-30
0.012672599816065638
0.025111293331829918
0.1999165330810621
0.02261484426440444
0.03763802833481787
0.05035027534381737
0.1405811718956017
0.24123223321008117
0.18865102857054306
0.24597213390573777
6299336537987499e-31
0.15738324577959123
0.15739700598121298
0.43867725320233153
0.5411218713463465
0.00034782152811930036
0.5389223339047965
0.6293897758882411
11.871894119484654
2.118286339410112
2.8187731784870804
0.09089874488019181
0.49389268615928
2.6610486598431726
4.238245452576498
0.57821781873631
5.131595871028287
7.219160695456428
4.592841112413735
2.47546180622145
2.9349895218304485
0.6600047353834168
31.556625896314006
619.0869036760828
4.002049033239921
3931.121399305152
1.0999811981000074
23.21835557854197
1.1687166570108736
45.019816615197506
1.3055756915176278
1.3969005740832663
1.0999801866427983
0.87450903400789
1.0758566085212218
67.40190178287904
0
0.0007897377747958735
0.0008319691871368107
0
0.008162367902284768
0.007180556752712962
0.006686246416909391
0.00498080653471659
0.006047254430996748
0.00943445814444673
0.005146995014185362
0.010428725189928451
0.004181592585804528
0.006499698871172058
0.008837745878639513
0.017510999823794386
0.006614148975935002
0.008604499576717854
0.0072142708027483965
0.009066115155045424
0.005823858750567164
0.01157163644301625
0.016688053433651373
0.01207793614006898
0.007374260814446265
0.001899668916854993
0.0074246912016718665
0.022742474034010352
0.07015144005947409
0.04096943274800058
0.1092595739611724
9119605074206899e-20
0.010073641739836754
0.20162996603934288
4806094864938064e-21
0.07189965913097707
0.010888205393997869
0.0012689926469726081
54863397103026615e-22
12044227843212416e-22
0.09835984945126186
0.08607025038047564
0.004137678455051794
0.039963506496083864
0.02011739219323774
0.005771939351968038
0.012057332465216708
0.00048279336077336254
0.26037936901955566
1569912999510679e-24
0.07646030762357608
0.00034186909894345723
0.009597745080983263
0.010876375939210679
0.0001570521209032189
0.00017086371475287282
0.258316618932617
0.0003934467048900221
0.05559003165409613
0.21392651902298607
13179221628727421e-22
25861633528848512e-22
0.0001447182019669418
1257141167542781e-20
0.0005943477727346855
1700296101840145e-20
14432276000648938e-23
10044036881738149e-22
190768458138035e-19
0.07439288748285
0.0751526075903703
4349913988431382e-20
0.00021266563423909382
0.019497792618747754
0.008138682373792932
0.08834425550874725
0.020067943605674897
27828565361999538e-21
0.13008424591481435
0.03815325733866071
5573477276677929e-22
0.2370003901719237
4458962794127358e-22
0.003759654273406045
0.0009822158434280184
2299456595302992e-27
0.24063361176523454
0.25906209115413176
0.017999802917009578
0.23332382030264595
0.24356390944954653
0.007386421032939216
0.17651686124030133
22332184591352029e-26
4630609332569247e-21
0.0006292787628440207
9120351369772843e-20
0.12479751331128076
8645597660853028e-22
0.0001118099589635653
0.15214483361635595
0.0009288619327448738
0.011807359081224584
12200689768870463e-21
0.13097326124869002
0.09357365364912562
0.0211053069667003
3146871317678337e-20
0.00015344089108765578
12006679056037505e-23
0.01362044919817276
0.15319988176005384
8333314492371119e-24
11103254791417606e-21
9106305559834636e-21
964989177127143e-19
10586363845409357e-21
0.25244721861672054
0.15210955197491896
0.0051462766210904655
0.0015475304781793068
0.041272906471359984
0.00587180246253794
6760240823871527e-20
0.02814762342186187
8323437994382348e-20
0.0007207881303664997
0.0788143299489482
9970375315975445e-22
0.2536551975478656
0.25276452224591217
0.0018269905659483914
0.0005369855300472365
582991008223596e-23
0.0010304304515198668
10390421258531845e-24
0.010244049687978825
0.02903647028199032
0.0009036288284986036
0.00033759460514018
0.00015454134380253677
2618178587656289e-21
0.006111099422479961
0.03032738118935861
0.021319753994984973
11257175900768548e-24
0.2439347992256785
0.06591054393061853
0
0
8177688404993021e-20
666158075648508e-19
10336378182379226e-22
7596602268784365e-22
0.0001934705228406487
0.009722326248509832
0.005381104668847096
15204233588341544e-24
0.0001314928515072389
7328711786035218e-21
0.055440571397734846
0.013347936935666101
0.0970140999807736
3845635305351491e-22
0.05952256462255405
0.007669507012569731
0.00012013869269561298
0.11831446780011386
0.0002963963485889975
18549559457234617e-29
8514579546084361e-20
37361518867222596e-22
0.0001247105782384665
0.016258312790137227
0.003898815710115842
0.00016354209425668687
0.00015210736468524526
3799874505791627e-24
0.0005143912262175815
0.022770724446282916
13135133503732435e-24
0.001804802204946845
0.001799753385315495
441867116265345e-19
0.10411202322885842
4337176290025767e-20
0.2550396995935981
0.0019094699144912067
0.1690104688875701
0.00329904065205043
0.0007007144564936159
0.0005691806629428408
44750545422305096e-21
0.2604685046998074
1210194125387207e-20
21567469461175513e-21
0.008278800232679982
0.006430482498720802
21715984602691334e-24
8722755813806246e-20
0.0030525390545193603
0.12591298089969433
0.02995534063739372
0.00010010942417529524
0.02284624255204805
0.00035407896495851735
0
0.10820635176690091
0.012288904920269414
0.2586658672601754
0.2509445242825773
0.2556907196598136
0.05140318755753872
0.02942620303006316
0.24859361648456937
0.2576484694343904
0.24617526003777745
0.24885256775995498
0.19226770210971342
0.000765010771180457
0.015655831024039266
0.13332686668393204
0.23257136389541122
0.1297549172606001
0.0002992029345033839
0.026778849267171393
0.22253649149648982
0.10969266750975748
0.1553425834793955
