1.4125812510945777
40699737239752725e-39
5832150130122739e-27
0
3440609370230555e-20
2615685491300189e-25
3460577404981826e-20
0
3494624087849231e-20
0
0.002004240013278923
0
3.7904038488211484
0
5.298104055421173
0
33.0179684382455
27.13546367468274
0.000985332489719574
0.017343961897460246
5882049242524459e-90
68.90139577492741
2.3820863394715035
35134286162130697e-30
0
0.00022825809277097052
4663363756424774e-21
0.0016767361681165778
0.006914183105608215
0.009451417120386149
0.014722622943053132
2662232226664458e-21
2906847008774729e-24
0.001637225614801789
29346322762617662e-22
2633503951347525e-22
3154876264077823e-29
0.00026431055008509566
0.0003023616591355181
2.728928049287702
3.017754940687716
0
1.1009058581338234
0
4.481400825866207
3.2595143750066806
4.302458375655734
0
5.37864668584883
0
4.366115528056131
2.0040436132766155
32.190021096099436
32.810288201433124
1.1356730194628006
16.809934272301625
69.61347932814064
1.3242600773049393
0.016228073461692197
0.01852906181324805
5.3736698162216925
34.701286576099605
0.5934678233406936
0.8199585734090779
2.180870492008685
1.0144356589013328
70.76426413751224
0
67.2183391058657
0
14.88287111750677
0.010991433597408977
0.010716874567485435
1.9578372419258285
6.110120121080145
1.2047235059204338
2.247834012799444
0
0.0010755642566080727
0.2276198091761807
0.06910691317285933
0.027678778796234354
0.03125621049593338
0.00028382284398753094
0.0001720324460155656
0.0013365570122746508
2.0613869739398507
0.4155305653533354
0.005357079743192874
0.15612828811524299
0.01796470923442877
0.08716405073827106
0.011623009513764803
14755349646080696e-23
0.06699578577337294
0.6394333820508984
0.019650088355279118
3038879428962874e-26
2521995985435898e-21
0.0011169732407440025
0
0.8106673481391126
0.4366934592942589
0.1395362689956107
0
0.3175755972417877
0.0004998895003738319
0.05987246838983634
0
0.0001244302256068374
0
0.12433566609543027
0.5970689132072898
0
0
0
0
24248364049346614e-22
0.3574804544602535
3550664662537864e-22
32099349694183827e-22
0.3689091261320329
0.26650945484989935
0.1829066943556869
0.5215468621274545
0.014776632441103997
0.5052492527209899
0.0011241378280441958
0.5136492542723692
9489331443440664e-22
0.0019998601170202438
0.4193159218215132
0.0011809768462795547
10549828681490549e-30
0.011619502426844916
0.025089311146057478
0.1999055605323375
0.02261926079987925
0.0376456373317348
0.05030959437715834
0.14050781002081003
0.2412241933571648
0.18868021391464043
0.24598663379295946
6262681289371001e-31
0.1573744539635654
0.15738795177722884
0.4386625059267398
0.5411082454057906
0.00034781662879612436
0.5386606661179367
0.6294880456632302
11.873241688143331
2.118302628071425
2.8187994017684916
0.09089367028570498
0.49394148790074227
2.661083844737758
4.23831038817335
0.5781953231515164
5.131970038357951
7.219805570983133
4.592886848062454
2.4754630346710766
2.9352399340526745
0.6600809398061921
31.55283275659121
619.0868312610212
4.002048996462102
3930.5499142268777
1.099981195366467
23.21835547571154
1.168714646564097
45.019756621524095
1.305576559854403
1.3969005493198
1.0999801839086165
0.8744817344023705
1.0758496916517264
67.41363321075947
0
0.0007897727469807863
0.0008319466555584702
0
0.008161669147661565
0.007180821654822278
0.006686290955439062
0.004980222211572197
0.006047333294247164
0.009434868294946887
0.005146595050755567
0.010429850721828279
0.004181137863919403
0.0064997393251763035
0.008838308509160786
0.0175128164412224
0.0066140766193862905
0.008605150612656008
0.007214350746719913
0.00906685315750516
0.005824244823290757
0.01157247479121106
0.016688645432326395
0.012078735266303778
0.007374735422220052
0.0018996681738326269
0.007424679761383895
0.022742364241412003
0.07015031126894408
0.04096906620844634
0.1092566221022124
9119604903407724e-20
0.010073620599144953
0.20161695355967382
4806094860194931e-21
0.07189846968395576
0.01088818066686798
0.0012689923157074925
5486339704121835e-21
1204422784023365e-21
0.09835750972084513
0.086068500954496
0.004137674918793173
0.039963158294999704
0.020117306622295803
0.005771932454484398
0.012057302091022248
0.00048279331287764705
0.2603424975255539
15699129995101727e-25
0.07645895139973492
0.00034186907493262317
0.009597725903820511
0.010876351266206346
0.00015705211583725922
0.00017086370875658765
0.2582740189384793
0.00039344667308534114
0.05558934044144062
0.21391108274685006
1317922162516079e-21
25861633515114695e-22
0.00014471819766551179
12571411642974907e-21
0.0005943477001368134
17002960959035518e-21
14432276000221228e-23
100440368796666e-20
1907684573907219e-20
0.07439160840493338
0.07515130046285506
43499139495746935e-21
0.00021266562494936847
0.019497712312170297
0.008138668613231412
0.08834240445296368
0.020067858461189907
27828565202970484e-21
0.13007986557092668
0.03815294088080744
5573477276040061e-22
0.23697882199766893
44589627937190897e-23
0.003759651355361706
0.000982215645049378
2299456595302991e-27
0.24061076940916984
0.25902037363957653
0.017999734628884646
0.2333034284315533
0.24351390068624704
0.007386409710909044
0.1765077287352911
22332184591351002e-26
4630609328166164e-21
0.0006292786814579232
9120351198945708e-20
0.12479353018369375
864559765931817e-21
0.00011180995639608373
0.15213850642036417
0.0009288617553461237
0.011807329964055558
12200689738303376e-21
0.13096881165050456
0.09357155593624746
0.021105212645355316
3146871297342828e-20
0.000153440886252014
12006679055741482e-23
0.013620410349146463
0.15319344860099826
833331449235686e-23
11103254766102183e-21
9106305542806473e-21
9649891580030061e-20
1058636382239611e-20
0.25241894866464504
0.15210322830052253
0.005146271142817776
0.0015475299853376183
0.041272534300740724
0.005871795323292532
6760240730019519e-20
0.02814745384922803
8323437852105472e-20
0.0007207880235752766
0.07881288272393976
9970375313934172e-22
0.25360916859806987
0.25271802245949215
0.0018269898787631076
0.0005369854707912082
5829910082228982e-24
0.0010304302331724468
10390421258509677e-24
0.010244027820578153
0.029036289583897305
0.0009036286606132285
0.00033759458172616337
0.00015454133889727776
26181785862486933e-22
0.006111091686818782
0.030327183674006157
0.02131965771611159
11257175900742526e-24
0.2438848999339302
0.0659095549025121
0
0
817768826765555e-19
6661580665352593e-20
10336378180185332e-22
7596602267599369e-22
0.0001934705151524239
0.009722306566707061
0.005381098677196488
15204233588294074e-24
0.00013149284795614042
7328711775006182e-21
0.05543988406968415
0.013347899640566315
0.09701182990200928
38456353050478123e-23
0.05952176685882618
0.007669494801084215
0.00012013868973134632
0.1183109388489566
0.0002963963305419844
18549559457234617e-29
8514579397197486e-20
37361518838559107e-22
0.0001247105750442757
0.01625825722046464
0.0038988125714305745
0.00016354208876333766
0.0001521073599332985
3799874505788663e-24
0.000514391171844919
0.02277061437605341
13135133503697009e-24
0.0018048015343727268
0.0017997527184926852
4418671122558633e-20
0.10410937128964295
4337176251396317e-20
0.25500972062631283
0.0019094691637716362
0.16900228547646584
0.0032990384066901397
0.0007007143555706218
0.0005691805963653496
4475054501105891e-20
0.26043063920325404
12101941223797788e-21
21567469365656597e-21
0.008278785991343435
0.00643047392942186
217159846025945e-22
8722755657549527e-20
0.003052537132841434
0.12590891601417478
0.02995514804910424
0.00010010942211708799
0.022846131737882677
0.000354078939201516
0
0.10820346289036874
0.012288873357450837
0.258632522336329
0.2509171151568975
0.255660249136713
0.05140260066122892
0.02942601733720937
0.24854528573726883
0.2576162712480664
0.2461260667346747
0.24882624621215382
0.19225628022258429
0.0007650106508757588
0.015655779542436084
0.1333222302329815
0.23255120075132965
0.12975056238905655
0.00029920291611290427
0.02677869610722529
0.22251906661610588
0.10968968950708877
0.15533593117204358
