1.4130946060702563
3719592799210461e-38
5616793268970622e-27
0
3424269095766019e-20
26034578374847173e-26
3444104803789656e-20
0
34779249408975094e-21
0
0.001997703979110413
0
3.713965996608111
0
5.269364505712727
0
33.013321415841055
27.137563465997143
0.0009719427800447603
0.01679309555531887
5614696128346274e-90
69.95441348946001
2.3825495694538863
3382175903202492e-29
0
0.0002262638154724577
4619160613078568e-21
0.001674666113416178
0.006914145708246583
0.0094314952134003
0.014704449013430747
2659324464113142e-21
28967594310408583e-25
0.0016337746601960913
2931345324180855e-21
2625887930239664e-22
3150002166482157e-29
0.00026200506442954806
0.00029972439058274515
2.6849204860057205
2.9998172603089617
0
1.1014291890411168
0
4.468225585020134
3.2170188078118795
4.285781487368027
0
5.377689876919508
0
4.35209467799341
2.0359197919798566
32.21486297589121
32.8405492745971
1.2338310126399905
16.445058835023083
67.28317717115202
1.3202837905122116
0.019639629755242645
0.01718163601047075
6.350882991769086
34.69416219246166
0.5941760503496112
0.8282110798951922
2.174013452251997
1.0133005602807732
71.41882451290141
0
67.71416981597969
0
14.86259660171791
0.012855836998738667
0.012558824132490345
2.3412788209648565
6.089811244297783
1.2033214372082772
2.2470382853156816
0
0.001086638351783503
0.22158402421827844
0.06912030069724266
0.027674857637326782
0.031567250503250044
0.0002841725627981825
0.00017218609560237206
0.0013360173848153516
2.061899982110099
0.41545594023026444
0.005338212336465393
0.15538633507316288
0.018130352240476173
0.08727859018324721
0.011654695037631817
1469413494705629e-22
0.06703558661040282
0.6346407459907442
0.019655664207328127
30217622310677694e-27
25094135695457243e-22
0.0011164194875376851
0
0.8105294257755372
0.4364012105435763
0.1409631043964236
0
0.3173939406912165
0.0004025652518285111
0.059644106519960605
0
0.00012165257006459313
0
0.12433250413371426
0.596889809210067
0
0
0
0
24199322400853305e-22
0.3574457764660577
3537454694725205e-22
31788311163687987e-22
0.3688684051581544
0.26643266567561397
0.1829157464754527
0.5200637710382078
0.017544404036764424
0.5049270544100957
0.0011241034453537467
0.5136304268627317
9489199321414594e-22
0.002382378433272505
0.4193379456498151
0.0011787361000803935
10395790830767834e-30
0.009444022903612683
0.025034367559793415
0.19987812714920397
0.022630454059380675
0.0376648424140117
0.05020801995909649
0.1403245712005407
0.24120409130975537
0.18875393227555637
0.24602411933477913
6171989697822995e-31
0.15735324139119466
0.15736608045918202
0.43862563778484326
0.5410741773684388
0.0003478274263824628
0.5379230672380249
0.6297359541732205
11.876673400895239
2.1183434995649764
2.8188655598280272
0.09088104575570564
0.49406575910938627
2.6611721415017464
4.238474234954372
0.5781393814554344
5.132924362976834
7.221451254689396
4.593020071153889
2.475466287967797
2.935879560274521
0.6602739396810998
31.54294897656822
619.086650223404
4.00204890451756
3929.121564977133
1.0999811885326165
23.218355218635473
1.168709620462286
45.01960663769034
1.3055787454727281
1.3969004874107462
1.0999801770731605
0.8744134879387582
1.0758323996723207
67.44235430458426
0
0.0007898637731981312
0.0008318904627692137
0
0.00815992480043992
0.0071815297592301075
0.006686445328242471
0.004978793074952266
0.0060475614355550746
0.009435931887331443
0.005145627876257988
0.010432732291864805
0.004180028856330131
0.006499882231737708
0.008839770646188927
0.01751747163279989
0.006613938417853696
0.008606832565705824
0.007214596277051378
0.009068755221124554
0.005825233525958061
0.011574645379288716
0.016690234161968392
0.012080808699711985
0.007375969467914204
0.0018996663162779831
0.007424651160741086
0.02274208976223505
0.07014748937208203
0.04096814987390764
0.10924924280371476
9119604476409797e-20
0.010073567747609551
0.20158442603441612
4806094848337097e-21
0.07189549615248951
0.010888118849288935
0.001268991487545082
54863396886697696e-22
12044227832786732e-22
0.09835166063829645
0.08606412754511185
0.004137666078159841
0.03996228780556241
0.020117092696533383
0.005771915210811358
0.01205722615587086
0.0004827931931383792
0.2602503416319226
15699129995089074e-25
0.07645556094537687
0.00034186901490554546
0.009597677961081272
0.010876289583940386
0.00015705210317236082
0.00017086369376587566
0.25816754968641964
0.0003934465935736499
0.05558761244740306
0.21387249692935784
1317922161624421e-21
25861633480780155e-22
0.0001447181869119373
12571411561842647e-21
0.0005943475186421719
17002960810620678e-21
14432275999151955e-23
10044036874487729e-22
19076845552243913e-21
0.07438841080635551
0.07514803274353102
43499138524329734e-21
0.00021266560172505686
0.019497511547173742
0.0081386342119294
0.08833777698318614
0.020067645601557906
27828564805397854e-21
0.13006891535650866
0.038152149747657814
5573477274445392e-22
0.23692491014892403
4458962792698419e-22
0.003759644060260767
0.0009822151491029522
22994565953029882e-28
0.24055367300500424
0.25891610924159747
0.017999563909705755
0.23325245655058147
0.2433889236952075
0.007386381405909541
0.17648489953986063
22332184591348436e-26
4630609317158456e-21
0.0006292784779927254
9120350771877889e-20
0.12478357292090403
8645597655481023e-22
0.00011180994997738013
0.1521226895815413
0.0009288613118493966
0.011807257171447129
12200689661885665e-21
0.1309576883163882
0.09356631185978873
0.021104976843837046
3146871246504057e-20
0.00015344087416291016
1200667905500143e-22
0.013620313227065509
0.15317736688520042
8333314492321211e-24
11103254702813626e-21
9106305500236068e-21
964989110192665e-19
10586363764862992e-21
0.2523482876339308
0.15208742026467376
0.005146257447161566
0.0015475287532340835
0.04127160388887491
0.005871777475216987
6760240495389505e-20
0.028147029922112807
8323437496413291e-20
0.0007207877565972883
0.07880926477768148
997037530883099e-21
0.25349413276261085
0.25260181041517615
0.001826988160801029
0.0005369853226511659
5829910082211535e-24
0.0010304296873040989
10390421258454254e-24
0.010243973152280693
0.02903583784358447
0.0009036282408999271
0.0003375945231911289
0.00015454132663413097
26181785827297047e-22
0.006111072347708677
0.030326689891252884
0.02131941702083033
11257175900677473e-24
0.2437601963573534
0.06590708239717481
0
0
8177687924311882e-20
666158043752138e-19
103363781747006e-20
7596602264636879e-22
0.0001934704959318632
0.009722257362374448
0.005381083698099157
15204233588175397e-24
0.00013149283907839458
7328711747433594e-21
0.05543816578683739
0.013347806403272747
0.09700615493748982
38456353042886156e-23
0.059519772496284554
0.007669464272455493
0.00012013868232067999
0.11830211693155859
0.0002963962854244564
18549559457234617e-29
8514579024980315e-20
37361518766900386e-22
0.00012471056705879902
0.016258118297114134
0.0038988047247284596
0.00016354207502996548
0.0001521073480534323
379987450578125e-23
0.0005143910359132881
0.02277033920280742
13135133503608439e-24
0.0018047998579385212
0.0017997510514367412
44186710223215925e-21
0.10410274173713238
4337176154822695e-20
0.25493478862432606
0.001909467286974002
0.16898182868220057
0.0032990327932961006
0.0007007141032632004
0.0005691804299216561
44750543982943465e-21
0.26033599954309605
12101941148612085e-21
21567469126859313e-21
0.008278750388109244
0.006430452506224465
21715984602352415e-24
8722755266907738e-20
0.0030525323286519105
0.12589875437448866
0.02995466658379757
0.00010010941697157004
0.022845854704820794
0.00035407887480902065
0
0.10819624103646344
0.012288794450759059
0.2585491788315859
0.2508486054395519
0.25558408871432026
0.05140113344977063
0.02942555311020154
0.24842449997385044
0.25753579338523536
0.2460031264802615
0.2487604545223291
0.1922277284732444
0.0007650103501140957
0.015655650839168766
0.13331063981098693
0.23250080053862582
0.12973967584963453
0.0002992028701367102
0.02677831321119247
0.2224755103841166
0.10968224485412488
0.15531930164996455
