1.4138133030362063
32791251954383145e-39
53285894853604365e-28
0
3401575821329578e-20
2586474649577675e-25
3421227524429087e-20
0
3454732799319794e-20
0
0.001988686744785658
0
3.60310242485505
0
5.228112007378869
0
33.00664523791441
27.140489384322564
0.0009524739615270083
0.016047015131198092
5261494468245754e-90
71.53010724520932
2.383080941205576
3206508878688422e-29
0
0.00022350106415400096
4557730882933602e-21
0.0016717978893062888
0.006914093353182417
0.0094039176315346
0.014679267611019271
26568097172713763e-22
2884054773292368e-24
0.0016289976068949992
29284590915230013e-22
26164882720433987e-23
3145036812327718e-29
0.00025881116197102683
0.0002960708039471515
2.625052254850375
2.9722342617656117
0
1.1020674503787329
0
4.448636627692186
3.1539965699796317
4.261015356825718
0
5.376118875848563
0
4.328979416141499
2.0540184090511957
32.237879696717684
32.86878956813061
1.4015518151344744
15.917862688066576
64.80547700264552
1.3137856762073683
0.02496118045718513
0.01565033719652898
7.786057277890026
34.68356488170919
0.5951693176380143
0.840310394795631
2.1626980857491205
1.0116426306226203
72.37766286015365
0
68.43128840139033
0
14.832364218959615
0.015532411495187944
0.01523321915606875
2.9214842013886404
6.0542871807205785
1.201177684335584
2.2454524100116533
0
0.0011028679244595924
0.21334620604361074
0.06913971310803453
0.02766929247332519
0.032022533340095465
0.00028476848338828336
0.00017246412180885992
0.0013352210931198327
2.062639265164728
0.4153509808710668
0.005309723377682092
0.15372104028775394
0.018365974727194093
0.08743912071540998
0.011700473803690896
1461013387266346e-22
0.06709431218342297
0.6274763585434268
0.01966393687313201
2998326947596719e-26
24913928203213116e-22
0.001114741936651973
0
0.8103345797305425
0.435976624810408
0.14305411336020996
0
0.31713807160756696
0.00031112789506857304
0.05928974999672724
0
0.00011764589456141014
0
0.12432808706066105
0.5966391803956825
0
0
0
0
24142588074583893e-22
0.35739766531378253
3519349663639736e-22
31358307331202568e-22
0.36881138969552735
0.26632671067754876
0.1829291932060442
0.5176269016477131
0.021657942925999568
0.5044177111205096
0.0011240534982340374
0.513603006872237
9489014362025179e-22
0.002955670764418111
0.41934350822654143
0.0011756474137762881
10183892215515703e-30
0.007372249518801786
0.024957514035383817
0.19983971559172894
0.022646495564853212
0.037692180061371386
0.0500661229058982
0.14006844655463138
0.24117594257644892
0.1888590006228429
0.24607964604790114
6047262946928637e-31
0.15732540311771132
0.15733730845320434
0.4385740223655498
0.5410264744708448
0.00034790540167702543
0.5367505614618997
0.6300885270291379
11.881632668595019
2.118401090422245
2.818959663537786
0.09086352353900154
0.4942453290899318
2.6612965846647034
4.23870734672224
0.5780617933113459
5.134307017971535
7.223837764497735
4.593253147484264
2.4754712929336637
2.9368085380284827
0.6605502772372204
31.528071325977887
619.0863967708291
4.002048775795204
3927.1227480019074
1.0999811789652254
23.218354858728983
1.1687025839560636
45.01939666116253
1.3055818426642884
1.396900400737135
1.099980167503523
0.8743179490129693
1.0758081913675206
67.48131375748822
0
0.0007900000722745622
0.0008318121301461372
0
0.00815748901983709
0.007182634090985943
0.006686767568115227
0.004976870328141144
0.00604795571916138
0.009437515186621465
0.005144354509408919
0.01043693369571693
0.004178545070545621
0.006500185320622765
0.008841953966586047
0.017524269316105803
0.006613850200508479
0.008609321426177536
0.00721505265789908
0.009071558784751903
0.0058266747802998235
0.011577869999502395
0.016692726592846485
0.012083898062860322
0.0073778143840208905
0.0018996637157045334
0.007424611120026244
0.022741705496952657
0.07014353890717905
0.04096686703998529
0.1092389126231309
9119603878612733e-20
0.01007349375592583
0.2015388963151235
4806094831736129e-21
0.07189133341503773
0.0108880323052679
0.0012689903281186152
5486339667036878e-21
12044227822361048e-22
0.09834347250707931
0.08605800514531217
0.004137653701304912
0.03996106915220502
0.02011679320428777
0.005771891069755648
0.012057119847462341
0.000482793025503454
0.2601213781820233
15699129995071357e-25
0.0764508145618528
0.00034186893086765433
0.009597610841648672
0.01087620322935573
0.00015705208544150476
0.00017086367277888105
0.2580185664650404
0.0003934464822573092
0.05558519334599076
0.2138184884777344
13179221603761e-19
258616334327118e-20
0.00014471817185693423
12571411448257484e-21
0.000594347264549767
17002960602839908e-21
1443227599765497e-22
10044036867237307e-22
19076845290684326e-21
0.07438393439925013
0.07514345817518138
4349913716434568e-20
0.0002126655692110249
0.019497230479651538
0.00813858605035087
0.08833129893271302
0.020067347601866202
27828564248796187e-21
0.13005358660492458
0.038151042188808354
5573477272212855e-22
0.23684945416484626
445896279126948e-21
0.0037596338471432337
0.0009822144547783768
2299456595302985e-27
0.2404737608005212
0.25877020959011
0.017999324905575546
0.2331811146256287
0.2432140636574178
0.007386341779092458
0.17645294362668743
22332184591344843e-26
4630609301747666e-21
0.0006292781931415591
9120350173982975e-20
0.12476963408772566
8645597650109018e-22
0.00011180994099119566
0.15210054876969695
0.0009288606909543342
0.01180715526254926
12200689554900867e-21
0.13094211723573324
0.09355897064648866
0.021104646726137478
314687117532978e-19
0.00015344085723816638
12006679053965355e-23
0.013620177257315642
0.15315485531922418
8333314492271306e-24
11103254614209645e-21
9106305440637498e-21
9649890432581917e-20
10586363684316634e-21
0.2522493954209854
0.152065291774559
0.005146238273304106
0.001547527028290783
0.04127030134749965
0.0058717524880023695
6760240166907499e-20
0.028146436434877842
8323436998444266e-20
0.0007207873828282707
0.07880419993193881
9970375301686533e-22
0.2533331702495164
0.2524392033267499
0.0018269857556568333
0.0005369851152551754
582991008218711e-23
0.001030428923088898
10390421258376661e-24
0.010243896617154377
0.02903520541895365
0.000903627653301633
0.00033759444124209764
0.00015454130946572706
26181785778031205e-22
0.0061110452730573465
0.030325998608904968
0.021319080052001806
11257175900586401e-24
0.24358571846570942
0.06590362104552619
0
0
817768744363077e-19
6661580118557696e-20
10336378167021976e-22
7596602260489393e-22
0.00019347046902308147
0.009722188476727147
0.005381062727432942
15204233588009253e-24
0.00013149282664955144
732871170883197e-20
0.055435760280321336
0.013347675872155896
0.0969982105448714
38456353032257407e-23
0.059516980500990066
0.007669421532579434
0.00012013867194574788
0.11828976735231271
0.00029639622225992876
18549559457234617e-29
8514578503876299e-20
37361518666578176e-22
0.00012471055587913254
0.016257923806417697
0.00389879373937203
0.00016354205580324633
0.00015210733142162114
3799874505770873e-24
0.0005143908456090652
0.022769953965849615
13135133503484441e-24
0.001804797510933249
0.0017997487175610137
4418670881989739e-20
0.10409346107284283
4337176019619627e-20
0.2548299208103412
0.001909464659460413
0.1689531933301479
0.003299024934560492
0.0007007137500329629
0.0005691801969005668
4475054254358188e-20
0.2602035617942141
121019410433521e-19
2156746879254312e-20
0.008278700543838606
0.006430422513868015
21715984602013496e-24
8722754720009265e-20
0.0030525256027992805
0.1258845294566949
0.029953992545368943
0.00010010940976784537
0.022845466864177797
0.00035407878465954694
0
0.10818613125076598
0.012288683982241755
0.25843254304306645
0.2507527232597072
0.25547750223723215
0.05139907942408614
0.029424903204694326
0.24825549851191922
0.25742316661210385
0.24583111328399398
0.24866837538058828
0.19218776314754
0.000765009929047966
0.015655470656372038
0.1332944149129732
0.23243025859112842
0.12972443622897187
0.0002992028057700503
0.026777777165944254
0.22241454598224342
0.10967182318882053
0.15529602330987674
