1.413915974031342
3220609767206694e-38
5288643050186902e-27
0
3398351287661486e-20
25840613258744243e-26
3417976814793808e-20
0
34514373213253794e-21
0
0.0019874119352269993
0
3.586888267223165
0
5.222119030108775
0
33.005674933542224
27.140906053117455
0.0009496194979985096
0.015943944038443108
5212960586189255e-90
71.76702277544874
2.383136079157743
3182158055848691e-29
0
0.00022310914875454732
4548995550543973e-21
0.00167139110819146
0.006914085874005039
0.009400008746894062
0.014675696301647905
2656567446683679e-21
2882376565247452e-24
0.001628320505561406
29281757264706323e-22
26152674580650743e-23
314446729735683e-28
0.0002583580837541376
0.0002955525106332221
2.6168637247116613
2.968083067837916
0
1.1021487774591234
0
4.445745480502496
3.1446411562140906
4.257532349486355
0
5.37587220115979
0
4.325430149000107
2.054433084649029
32.24030214103432
32.87178387777705
1.4283349509457497
15.840957765178203
64.54159823075112
1.3127913262993094
0.025746734793235967
0.015469714913919972
7.9892283494744065
34.68198813678836
0.5953113621266828
0.8420946640310755
2.1609599924574385
1.0113982705502993
72.5189773351996
0
68.53596315141066
0
14.827854835312676
0.015907248103068695
0.01560979096495289
3.005321534906342
6.048379242868152
1.2008484543929705
2.2451499519221363
0
0.001105260652180004
0.21220525508191998
0.06914255093904494
0.027668489292359943
0.03208959907547126
0.00028486206329952647
0.00017250878286041238
0.001335102955048367
2.062746927799209
0.4153359389011815
0.00530551172993056
0.15338389567018706
0.01840007022000564
0.08746174240627158
0.011707154750934834
14598307123667695e-23
0.06710301718798481
0.626418242681879
0.019665166640127074
2995031891611456e-26
24887986923964035e-22
0.0011143552893449113
0
0.8103065655832575
0.43591440778544766
0.1433623793394871
0
0.31710136417016926
0.0003013912948603853
0.05923638502717159
0
0.0001170620701625376
0
0.12432745700337565
0.596603387345398
0
0
0
0
24135640293976065e-22
0.35739083492029516
35168030959966353e-23
3129739271529607e-21
0.36880324405270054
0.26631172533484165
0.18293119738212102
0.5172531646690635
0.02224521593795085
0.5043389847789256
0.001124046176031953
0.5135989791126877
9488987940274797e-22
0.003037987089598865
0.41934181616491706
0.0011752109207391083
10153974088997107e-30
0.007150165547441682
0.024946544352037678
0.1998342277680569
0.02264882314582719
0.03769612947755754
0.05004588113949098
0.1400318968640542
0.24117192076322
0.1888741924328009
0.24608787606556365
6029655675313902e-31
0.15732160625726277
0.15733337620033339
0.4385666487223807
0.541019659043151
0.0003479229780870285
0.5365758133813411
0.6301394316784824
11.882356268306369
2.1184093540057485
2.8189732519709625
0.0908610351632131
0.49427152812353137
2.661314443329998
4.238741013002537
0.5780507803535258
5.134509091290083
7.224186756477696
4.5932909930639765
2.4754720521858196
2.936944520263634
0.6605903536988513
31.52583874954514
619.0863605633268
4.002048757406297
3926.8372857387594
1.0999811775984554
23.218354807313773
1.1687015787443473
45.01936666459565
1.3055822888793007
1.3969003883551012
1.099980166136432
0.8743043011784171
1.075804733082677
67.48678453556307
0
0.0007900204089402094
0.0008318009728424777
0
0.008157141670758176
0.007182802878376434
0.006686823971743078
0.004976603270232194
0.006048019288422196
0.009437750585445997
0.005144180478332101
0.010437550246592596
0.004178339831033495
0.006500238685437867
0.008842279093234866
0.017525267825405807
0.006613847881352055
0.008609690088117634
0.007215128861642306
0.009071973037145076
0.005826886195105239
0.011578349012807512
0.016693108865723044
0.012084357634940493
0.00737808940395115
0.001899663344194331
0.0074246053999417515
0.02274165060244234
0.0701429745732117
0.04096668378127554
0.10923743696278691
9119603793213156e-20
0.010073483185729664
0.2015323929090184
4806094829364562e-21
0.07189073875793447
0.010888019941892478
0.0012689901624863493
5486339663946465e-21
12044227820871664e-22
0.09834230282969791
0.08605713055232381
0.004137651933185801
0.03996089506190199
0.020116750420045234
0.005771887621041646
0.012057104660623355
0.00048279300155561227
0.2601029600495969
15699129995068828e-25
0.0764501365311177
0.000341868918862243
0.009597601253196617
0.010876190893042464
0.00015705208290852548
0.0001708636697807392
0.2579972901672396
0.0003934464663549774
0.055584847768668795
0.21381077409807753
13179221601977685e-22
25861633425844893e-22
0.00014471816970621965
12571411432031033e-21
0.0005943472282508609
1700296057315694e-20
14432275997441115e-23
10044036866201532e-22
1907684525331867e-20
0.07438329493451079
0.07514280468815
4349913697006225e-20
0.00021266556456616358
0.01949719032747912
0.008138579170148633
0.0883303735357118
0.02006730503084292
27828564169281667e-21
0.1300513969307448
0.038150883968740286
5573477271893921e-22
0.236838676700464
4458962791065346e-22
0.0037596323881287077
0.000982214355589192
2299456595302984e-27
0.24046234693861104
0.25874937349523885
0.017999290762387442
0.23317092470347978
0.24318909390932744
0.007386336118135944
0.176448378968603
2233218459134433e-25
4630609299546124e-21
0.0006292781524485459
9120350088569418e-20
0.12476764295295113
8645597649341589e-22
0.00011180993970745508
0.15209738605964856
0.0009288606022550735
0.01180714070420708
12200689539617325e-21
0.13093989294678166
0.09355792194875229
0.02110459956688763
3146871165162026e-20
0.00015344085482034599
12006679053817344e-23
0.013620157833176466
0.15315163965131162
8333314492264176e-24
11103254601551933e-21
9106305432123418e-21
9649890336961244e-20
10586363672810011e-21
0.2522352711259924
0.15206213082452594
0.005146235534187443
0.0015475267818704686
0.04127011527351615
0.005871748918408961
67602401199815e-18
0.028146351652008676
8323436927305836e-20
0.0007207873294327125
0.07880347640911917
9970375300665896e-22
0.2533101839497493
0.2524159822891496
0.0018269854120650636
0.0005369850856271833
582991008218362e-23
0.001030428813915344
10390421258365577e-24
0.010243885683611582
0.029035115073702294
0.0009036275693590507
0.0003375944295350948
0.0001545413070130981
26181785770993225e-22
0.006111041405259805
0.030325899855570167
0.021319031914032508
11257175900573391e-24
0.24356080324957863
0.0659031265815591
0
0
8177687374962042e-20
6661580072991456e-20
1033637816592503e-21
7596602259896895e-22
0.00019347046517897008
0.009722178635960232
0.0053810597316301546
15204233587985516e-24
0.0001314928248740025
73287117033174515e-22
0.055435416645054
0.013347657224957692
0.09699707568475262
3845635303073901e-22
0.05951658165521091
0.007669415426902297
0.00012013867046361481
0.11828800323194806
0.00029639621323642595
18549559457234617e-29
851457842943287e-19
37361518652246434e-22
0.0001247105542820374
0.016257896022222423
0.003898792170037924
0.00016354205305657235
0.00015210732904564827
3799874505769391e-24
0.0005143908184227534
0.022769898932530553
13135133503466728e-24
0.0018047971756470307
0.0017997483841504427
4418670861942332e-20
0.10409213533120015
43371760003049035e-21
0.2548149432159031
0.001909464284101624
0.16894910296171015
0.0032990238118855045
0.0007007136995715149
0.0005691801636118476
4475054233795881e-20
0.26018464761648263
1210194102831496e-20
21567468744783665e-21
0.008278693423253013
0.006430418229257085
2171598460196508e-23
8722754641880914e-20
0.0030525246419644005
0.1258824974567882
0.029953896255403
0.0001001094087387419
0.02284541145890914
0.00035407877178105255
0
0.10818468707278284
0.012288668201106061
0.25841588508332747
0.2507390287975392
0.2554622792266406
0.05139878599854601
0.02942481036222221
0.24823136483310246
0.25740708109436095
0.24580654979074143
0.24865522400008405
0.19218205449362552
0.0007650098688956808
0.015655444916141792
0.13329209723160468
0.2324201829173756
0.1297222592864407
0.0002992027965748143
0.026777700588927617
0.22240583814583126
0.10967033446032898
0.1552926981175352
