1.4147373419924278
27885377716937724e-39
4979667635961334e-27
0
33727107777581175e-21
2564869782318354e-25
33921276039089945e-21
0
3425231700099504e-20
0
0.00197732281734254
0
3.4536691848118015
0
5.17324278936211
0
32.99775948227444
27.144227377788322
0.0009260715957866715
0.015158392206618002
4841107219299563e-90
73.7918817760997
2.383076188027725
29937770498638423e-30
0
0.00021999846415256952
4479438995232458e-21
0.0016681646256293267
0.006914026041634454
0.00936902099357713
0.014647369611006596
2655381074165461e-21
2870106311682115e-24
0.0016229528169259945
29267375079853188e-22
2606532638260418e-22
3140811680740406e-29
0.00025476194500675064
0.00029143869116092226
2.5561573360825887
2.933344474853997
0
1.10270025602269
0
4.42120674565278
3.0664301246881354
4.231293336860193
0
5.3737106466092905
0
4.295567439685781
2.0439784622233663
32.25455776164822
32.88958057590896
1.6656891649848093
15.211010330469053
63.077836706833494
1.304443930672553
0.03204825046594309
0.014306605940758643
9.543792006732742
34.66876421555501
0.5964490359001989
0.8569278677207874
2.1463323395379357
1.0093636841287104
73.6929454960648
0
69.3940479428045
0
14.789858231858286
0.0187631839813095
0.01848660061437195
3.6608157641296084
5.988880158041694
1.19783539825398
2.2410421546687744
0
0.0011251460240698484
0.20350886161952964
0.0691658596599705
0.027661980960730744
0.03264640161896403
0.00028562718341505576
0.0001728739272485413
0.0013341120068327407
2.063627259216929
0.4152151383509559
0.005271037985613557
0.1485686388598905
0.01867493246295651
0.08762865900114856
0.011761941800170423
1450535971265341e-22
0.06717588005205326
0.6177174091158452
0.019675485200023917
2969168867167538e-26
24680358161010453e-22
0.0011079627493687807
0
0.8100807977606995
0.4354013517456522
0.14592414882227192
0
0.3168062522114497
0.00024330162460740325
0.05878941013780134
0
0.00011228599081333924
0
0.12432242551408233
0.5963171397926704
0
0
0
0
2408992827666371e-21
0.35733658585095174
3496815395804476e-22
3081465676453511e-21
0.3687380737664615
0.2661932503085062
0.182948102401478
0.514110367265226
0.026782446563245053
0.5036520332341503
0.0011239857524447533
0.5135656485123083
9488776574572994e-22
0.0036779504569452197
0.4193063473832749
0.0011717628322236893
9917758593097686e-30
0.005820406450411515
0.024858894744951485
0.1997903210666041
0.022667774383270407
0.03772813632643816
0.04988421002747514
0.1397398547015306
0.24113974108042804
0.18899742844854983
0.24615649628783418
5890666613527988e-31
0.15729291565777273
0.15730356711344703
0.4385076593908916
0.5409651290701869
0.0003481234046848023
0.5351633705650948
0.6305516891234918
11.888286471440653
2.1184758010717046
2.8190833090837972
0.09084126488849603
0.49448622329838293
2.6614580679737303
4.239013735907976
0.5779633336294482
5.136168230774852
7.227054080959303
4.593636269242512
2.475478545214928
2.938062970413182
0.6609165680725096
31.506888099561866
619.0860709033851
4.002048610295039
3924.5543345151987
1.0999811666642942
23.21835439599207
1.168693537081743
45.01912669278012
1.305585895320921
1.3969002892980233
1.0999801551997033
0.8741951237555149
1.0757770672036269
67.52994603858006
0
0.0007901911760298668
0.0008317120229101486
0
0.008154368672356119
0.00718425586757391
0.00668737215796933
0.0049745379850587405
0.006048595758123402
0.009439719965561241
0.005142861839851846
0.01044263565419844
0.004176760632816525
0.006500759727774985
0.008845001369551804
0.01753351231652195
0.006613925424108434
0.008612762017622289
0.007215841407461182
0.00907541555419208
0.005828629099031202
0.011582357292435836
0.016696412150068198
0.012088204768390473
0.0073803967551951165
0.0018996603721153288
0.007424559639424457
0.02274121145113
0.0701384600649207
0.04096521774110926
0.10922563239763798
9119603110016565e-20
0.010073398624559624
0.2014803732144506
4806094810392028e-21
0.07188598167818082
0.010887921035394493
0.0012689888374289998
548633963922316e-20
12044227808956597e-22
0.09833294591146137
0.08605013412838959
0.004137637788260117
0.039959502366780704
0.020116408149380642
0.005771860031403814
0.012056983166600102
0.00048279280997292137
0.2599556619304884
1569912999504858e-24
0.07644471250171307
0.0003418688228189676
0.009597524545925037
0.010876092203040056
0.00015705206264469276
0.00017086364579560609
0.25782714293290687
0.000393446339136346
0.055582083227437275
0.2137490690797837
13179221587711157e-22
2586163337090963e-21
0.00014471815250050407
12571411302219417e-21
0.0005943469378596918
170029603356932e-19
14432275995730278e-23
10044036857915336e-22
19076844954393432e-21
0.074378179414497
0.07513757699648528
4349913541579483e-20
0.00021266552740727677
0.019496869113076562
0.008138524128740117
0.08832297070870854
0.020066964465907805
27828563533165484e-21
0.13003388086446271
0.03814961823181767
557347726934245e-21
0.2367524746383517
4458962789432273e-22
0.0037596207160328853
0.0009822135620760725
229945659530298e-26
0.2403710555441075
0.25858274512269025
0.017999017619214203
0.23308942135529367
0.2429894281898425
0.007386290830640018
0.1764118659546612
22332184591340223e-26
4630609281933792e-21
0.0006292778269045348
9120349405261e-17
0.12475171501863033
8645597643202155e-22
0.00011180992943753101
0.1520720867466495
0.0009288598926612923
0.01180702423811587
12200689417348984e-21
0.1309220999953239
0.093549532790023
0.021104222296682493
31468710838199965e-21
0.00015344083547778428
12006679052633258e-23
0.013620002441060309
0.1531259167384957
8333314492207142e-24
1110325450029024e-20
9106305364010767e-21
9649889571995899e-20
1058636358075703e-20
0.25212230523353946
0.1520368455895634
0.005146213621306625
0.0015475248105093647
0.04126862671184988
0.005871720361739818
6760239744573514e-20
0.028145673398249086
8323436358198419e-20
0.0007207869022683901
0.07879768846569991
9970375292500801e-22
0.2531263686199211
0.252230290868764
0.0018269826633332338
0.0005369848486033053
5829910082155706e-24
0.0010304279405273294
103904212582769e-22
0.010243798215689322
0.029034392321811556
0.0009036268978186733
0.0003375943358790867
0.0001545412873920677
2618178571468941e-21
0.006111010462967605
0.030325109840468538
0.02131864681419113
11257175900469309e-24
0.2433615732431306
0.06589917100337579
0
0
8177686825612239e-20
6661579708461553e-20
1033637815714946e-21
7596602255156911e-22
0.00019347043442608186
0.009722099910183506
0.005381035765267895
15204233587795635e-24
0.00013149281066961196
732871165920131e-20
0.055432667639598705
0.013347508048309892
0.09698799728178448
38456353018591864e-23
0.059513390985197485
0.00766936658166019
0.0001201386586065508
0.11827389121613258
0.000296396141048413
18549559457234617e-29
8514577833885468e-20
37361518537592478e-22
0.00012471054150527708
0.01625767375036957
0.0038987796153878164
0.00016354203108318217
0.00015210731003786662
3799874505757531e-24
0.0005143906009323105
0.022769458670766424
13135133503325017e-24
0.001804794493359527
0.0017997457168680972
4418670701563077e-20
0.1040815300058912
4337175845787118e-20
0.25469515414707183
0.0019094612812339685
0.16891638357901823
0.00329901483049936
0.000700713295880062
0.0005691798973021636
44750540692974196e-21
0.2600333836815636
12101940908017835e-21
21567468362708018e-21
0.008278636458788752
0.006430383952472416
21715984601577744e-24
8722754016854135e-20
0.003052516955296246
0.12586624263829335
0.029953125946818558
0.0001001094005059144
0.022844968221597158
0.00035407866875311443
0
0.10817313434291659
0.012288541952750101
0.2582826600540006
0.25062950002121204
0.25534052779246247
0.051396438654527726
0.029424067632991033
0.24803837984333638
0.2572784331318411
0.24561013018213096
0.2485500379924015
0.19213639136630367
0.0007650093876775685
0.015655238995823374
0.13327355723136575
0.23233959324958114
0.12970484506128788
0.00029920272301293645
0.02677708798067806
0.2223361877266702
0.10965842535988266
0.15526609914183465
