1.4145320000021564
28907952649749275e-39
5055176279395968e-27
0
3379094946064551e-20
2569648524090757e-25
33985638715437684e-21
0
3431756803288035e-20
0
0.0019798280069240745
0
3.487567716772588
0
5.185619885239756
0
32.99976414264848
27.143399070268842
0.0009320815132528524
0.015347984878781236
4931396952872263e-90
73.26281149515427
2.383222573621696
30398213040553e-27
0
0.0002207720456583786
449677760008372e-20
0.0016689665554950111
0.006914040999553025
0.009376720399338593
0.014654410099357529
2655567860947077e-21
2872989640992441e-24
0.0016242864980198061
29269760267096863e-22
2608551817414053e-22
3141593925616165e-29
0.00025565625027698614
0.00029246174668668106
2.570458591538695
2.942254198310914
0
1.1025799250081039
0
4.427685609205061
3.086560096828593
4.237549033113772
0
5.374281149333801
0
4.303240735000798
2.048482224682218
32.251690000131035
32.88596808247592
1.6027157715471367
15.370980551552911
63.353531142817175
1.3065862495870963
0.03047982273794417
0.01455666717446811
9.168978692288373
34.672175423991604
0.5961643901189367
0.8531216374736763
2.150091476166419
1.009886787752048
73.3918426136313
0
69.17602461064645
0
14.799694759914633
0.018074925783544957
0.017792641322575516
3.5005834402283353
6.006447549300318
1.1986773299191786
2.2425034048512966
0
0.0011200443990890933
0.20560650462847088
0.06915992875351297
0.027663622771004318
0.03250365043449299
0.0002854411478239585
0.00017278623386911182
0.0013343680501018492
2.063403956589849
0.41524541897374473
0.005279762164973426
0.15030599875005407
0.01860634910826087
0.08759101356620053
0.011748017297704642
1452831216639831e-22
0.06715708768689004
0.6199282854791016
0.019672820369578
29755503765803563e-27
24732197359388467e-22
0.0011104103054738745
0
0.8101375150502185
0.43553228013222545
0.1452669578431037
0
0.31688027598156
0.0002551283907312251
0.058904297833149113
0
0.00011349779943059357
0
0.12432368186087252
0.5963886859600162
0
0
0
0
24099773729555356e-22
0.3573500816579814
35017465413844723e-23
30934580827734142e-22
0.3687543671918058
0.26622263002584245
0.1829437180370709
0.5149177390940562
0.025681173601471055
0.5038336048494502
0.0011240011758530742
0.5135741744936091
9488829414683351e-22
0.003521966336302088
0.41931878068276773
0.0011726174757221226
9976294356571406e-30
0.00609170251432492
0.024880787896930052
0.19980129842624972
0.022662981007499996
0.037720064662215384
0.04992458398166147
0.13981280625788217
0.24114778687079655
0.1889663301191325
0.2461388686383575
5925104372452688e-31
0.15729980085788364
0.1573107395353206
0.4385224067595527
0.5409787626552638
0.0003480633020447322
0.5355165235788135
0.6304477708720543
11.886779879286022
2.11845913204152
2.8190555665504777
0.09084618440278629
0.49443168196808573
2.6614220340016987
4.238944981401211
0.5779850845198009
5.13574620399491
7.22632441764827
4.593542720480746
2.4754768501488176
2.9377781494030493
0.6608340619712615
31.51181962626974
619.0861433183578
4.0020486470728525
3925.1249478619297
1.0999811693978345
23.218354498822496
1.1686955474922065
45.01918668561408
1.3055849873545136
1.3969003140624277
1.0999801579338855
0.8742224172354539
1.0757839836067749
67.51924175144809
0
0.000790147113046043
0.0008317342081654034
0
0.008155060939936811
0.007183875202819056
0.006687218616248419
0.004975042203015611
0.006048440024889996
0.009439212951656383
0.005143178980404587
0.010441338265168418
0.004177144787165323
0.006500613453994858
0.008844300466696332
0.017531407564112415
0.0066138896965586575
0.008611973168491579
0.0072156457618224555
0.009074533063378602
0.005828184565914992
0.011581324693588274
0.016695544631100054
0.012087213964210246
0.007379801679037553
0.0018996611151346435
0.007424571079527339
0.02274132123816306
0.07013958866475266
0.04096558424623226
0.10922858341932848
911960328081571e-19
0.010073419764785586
0.20149337687914182
4806094815135161e-21
0.07188717091860775
0.010887945761934758
0.0012689891686932075
54863396454039865e-22
12044227811935365e-22
0.09833528505755369
0.08605188318104563
0.004137641324487005
0.039959850536010574
0.020116493716500837
0.005771866928800908
0.012057013539991142
0.000482792857868587
0.2599924786381742
15699129995053643e-25
0.07644606847298561
0.0003418688468297839
0.009597543722685457
0.010876116875456704
0.0001570520677106507
0.00017086365179188904
0.25786966921883614
0.00039344637094099996
0.05558277434985465
0.21376449366467082
13179221591277789e-22
2586163338464345e-21
0.00014471815680193277
1257141133467232e-20
0.0005943470104574708
17002960395059138e-21
14432275996157987e-23
10044036859986885e-22
1907684502912474e-20
0.07437945826151762
0.07513888388530444
4349913580436168e-20
0.00021266553669699786
0.019496949416181075
0.008138537889057346
0.08832482135729303
0.02006704960659973
27828563692194527e-21
0.1300382596598492
0.03814993466211138
5573477269980318e-22
0.23677402221203445
4458962789840541e-22
0.0037596236340534436
0.0009822137604542922
22994565953029813e-28
0.24039387514296365
0.2586243921533149
0.017999085904618916
0.2331097945211117
0.2430393292458577
0.0073863021524879675
0.17642099349973384
2233218459134125e-25
4630609286336875e-21
0.0006292779082905217
91203495760881e-18
0.12475569681157173
8645597644737014e-22
0.00011180993200501193
0.15207841118035376
0.0009288600700596868
0.01180705335453097
12200689447916069e-21
0.13092654800650486
0.09355163000918021
0.021104316613601508
3146871104155504e-20
0.00015344084031342447
1200667905292928e-22
0.013620041288923143
0.1531323470616388
8333314492221399e-24
11103254525605663e-21
910630538103893e-20
964988976323723e-19
10586363603770275e-21
0.2521505419626908
0.15204316650410615
0.005146219099518082
0.0015475253033494054
0.04126899884723288
0.005871727500894083
6760239838425509e-20
0.028145842960156705
832343650047527e-19
0.000720787009059447
0.07879913541169926
9970375294542075e-22
0.2531723099436421
0.25227670091320764
0.0018269833505158038
0.000536984907859265
5829910082162684e-24
0.0010304281588742637
10390421258299069e-24
0.01024382008259987
0.02903457300809757
0.0009036270657037208
0.00033759435929308626
0.00015454129229732505
26181785728765363e-22
0.0061110181985259675
0.030325307342314495
0.021318743088499313
11257175900495328e-24
0.24341136546129122
0.06590015987566311
0
0
8177686962949686e-20
6661579799594027e-20
10336378159343354e-22
7596602256341907e-22
0.00019347044211430345
0.009722119591567923
0.0053810417568484524
15204233587843105e-24
0.00013149281422070944
73287116702303455e-22
0.055433354878182135
0.013347545342315538
0.09699026680286502
3845635302162865e-22
0.059514188636664446
0.007669378792941552
0.00012013866157081669
0.11827741906224165
0.0002963961590954146
18549559457234617e-29
8514577982772315e-20
37361518566255967e-22
0.00012471054469946703
0.016257729318047892
0.003898782754046553
0.00016354203657652943
0.0001521073147898118
37998745057604955e-25
0.0005143906553049126
0.022769568735409394
13135133503360444e-24
0.0018047951639310292
0.001799746383688313
441867074165789e-19
0.10408418123591602
43371758844165634e-21
0.25472509613389155
0.0019094620319504397
0.1689245628305897
0.003299017075843604
0.0007007133968029034
0.0005691799638795729
4475054110422035e-20
0.2600711914188701
12101940938092116e-21
2156746845822693e-20
0.00827865069986807
0.006430392521651454
2171598460167458e-23
8722754173110825e-20
0.00305251887696147
0.12587030614613137
0.0299533185221075
0.00010010940256412121
0.022845079030118943
0.0003540786945100961
0
0.10817602240972025
0.012288573514717495
0.25831595987087025
0.25065687772902945
0.25537096021000455
0.05139702548048197
0.029424253313541215
0.24808661202050875
0.25731058909344634
0.2456592203648144
0.24857633032211185
0.19214780613087232
0.0007650095079820682
0.015655290475649054
0.1332781919896504
0.2323597380464234
0.1297091983984019
0.0002992027414034042
0.026777241131426533
0.22235359828629128
0.10966140251375041
0.15527274845860914
