1.415524027067258
24291400350064408e-39
4700679944689031e-27
0
3348415479099729e-20
2546680351531052e-25
33676306263769513e-21
0
3400395026318352e-20
0
0.001967822095761112
0
3.319977613295823
0
5.124811860831749
0
32.98991606671245
27.147387266848963
0.0009022215782634067
0.014474812198819176
451087575620551e-89
75.87078732410572
2.377583890645602
28235539119015104e-30
0
0.0002170597992765466
4413168813010063e-21
0.0016651219372716996
0.006913968737462814
0.009339820021396446
0.014620656549673858
26552246930880314e-22
28600697421815736e-25
0.0016178947089946112
29264400757794734e-22
25996985792186765e-23
31384861708107155e-30
0.00025136470423419517
0.00028755227876624614
2.507232075809791
2.8982470131164995
0
1.1030148337956165
0
4.388005924483321
2.9854770774522215
4.2092288853160955
0
5.371357446544086
0
4.265181123637411
2.0194726432429873
32.26278516486307
32.90010359841179
1.9262440560451908
14.582257908317937
62.36502607788372
1.2959750216065893
0.037939631573986075
0.0135238966999174
10.884923949401566
34.65499174195511
0.5975412691790419
0.8721624613646864
2.1314432484399815
1.0072287308314505
74.8970737540564
0
70.25168065475538
0
14.749903362349503
0.021244104709220984
0.020988233507732604
4.234124914582531
5.87112827098608
1.191947010082624
2.219731777458904
0
0.0011455656065022498
0.19596395560778895
0.06918929479664464
0.027655558778454253
0.03321690281014341
0.00028589633417709897
0.00017293602461488072
0.0013330528141222088
2.0645034765905272
0.4150985891565441
0.005237154440329091
0.12589168177291152
0.01888326806322729
0.08759631013938199
0.01181670436210316
14419258612044987e-23
0.0672530139738446
0.609054712171522
0.01968641953568991
2945256943743372e-26
24482872348610488e-22
0.0010686239034345272
0
0.8098618647624993
0.43488078027249044
0.14855338022508033
0
0.31652109809611706
0.0002087092267141444
0.0583313059582832
0
0.00010752997863672062
0
0.12431762220038382
0.5960431126369022
0
0
0
0
24061109406633357e-22
0.35728530347133586
3478348751690162e-22
30359855712309364e-22
0.36867564685587345
0.2660822827215423
0.18296640469942194
0.5109133222675961
0.03076413466305693
0.5028820375583286
0.0011239247983754052
0.5135316600864271
9488574146072178e-22
0.0042454488673246225
0.41923966919060307
0.0011685352969619143
9696652638167565e-30
0.005026055118180417
0.02477515117473472
0.19974826153190642
0.022686477799574657
0.0377595248038487
0.04972980367142315
0.13946072969513273
0.24110891140782115
0.1891184981090548
0.24622717870124788
5760616538166434e-31
0.15726849150579034
0.15727793737099394
0.4384511605121061
0.5409128907486866
0.00034841482227179196
0.5338269748266823
0.6309555112077335
11.894218598546752
2.1185400276142277
2.8191910499377655
0.09082256384833211
0.4947009580560294
2.661596934166793
4.239280802529013
0.5778807062808922
5.137833742764931
7.229935873136715
4.594042976343242
2.47548555359775
2.939189284698238
0.6612390052111253
31.48642580657984
619.0857934746816
4.002048469395669
3922.3690270121288
1.0999811561918362
23.218354002038748
1.1686858350363303
45.018896855156115
1.3055894156080043
1.396900194422352
1.0999801447247861
0.8740905651933767
1.0757505702034926
67.57056810788457
0
0.0007903690695418035
0.0008316273629868115
0
0.008151722823272646
0.007185828158276206
0.006688070845455039
0.0049726871872847545
0.006049272172400516
0.00944176083607997
0.005141730615864739
0.010447780460991915
0.004175359649082156
0.006501427350050474
0.008847809708666025
0.01754186791361559
0.006614171413267298
0.00861592394045963
0.007216708204481
0.009078942858283496
0.005830392876123342
0.011586541815887712
0.016700014786289654
0.012092195030187984
0.007382798679950597
0.0018996575255389805
0.0074245158114442005
0.022740790851266148
0.07013413645758869
0.04096381365479068
0.10921432748520465
9119602455668519e-20
0.010073317634714755
0.20143056267992043
4806094792220622e-21
0.07188142576485804
0.010887826306140895
0.001268987568324501
5486339615543815e-21
12044227797544652e-22
0.09832398493089017
0.08604343366705987
0.004137624240660003
0.03995816852477557
0.02011608033681474
0.005771833606883045
0.012056866803902088
0.0004827926264800265
0.25981466179386853
15699129995029192e-25
0.07643951786686765
0.00034186873083121776
0.009597451078251069
0.010875997681137574
0.0001570520432365182
0.00017086362282326661
0.257664285499357
0.0003934462172896565
0.05557943554996959
0.21368998629863722
13179221574047046e-22
2586163331829405e-21
0.00014471813602131485
12571411177889196e-21
0.0005943466597306434
17002960108256564e-21
14432275994091685e-23
10044036849979034e-22
19076844668090543e-21
0.07437328023104042
0.0751325703890531
43499133927157584e-21
0.0002126654918174583
0.019496561467157725
0.008138471411845895
0.08831588105337672
0.02006663828700469
2782856292390981e-20
0.1300171066392338
0.03814840598096953
5573477266898718e-22
0.23666994193961172
44589627878681583e-23
0.0037596095368341515
0.0009822128020702484
22994565953029765e-28
0.24028365149266473
0.25842325336448885
0.01799875601360516
0.23301138625794535
0.24279834720347854
0.007386247455703348
0.17637690181441434
223321845913363e-24
4630609265065154e-21
0.0006292775151070247
9120348750805846e-20
0.12473646155983632
8645597637321963e-22
0.00011180991960126315
0.15204785966177808
0.000928859213031156
0.011806912690970943
12200689300243525e-21
0.13090506063159962
0.0935414985751608
0.021103860963321435
3146871005912697e-20
0.00015344081695197918
1200667905149917e-22
0.013619853612156485
0.15310128404578183
8333314492152513e-24
111032544033044e-19
9106305298774226e-21
9649888839331854e-20
10586363492591056e-21
0.2520141568454696
0.1520126319847968
0.005146192633801331
0.001547522922392836
0.041267201056168795
0.005871693011027937
6760239385017436e-20
0.028145023799593355
8323435813122031e-20
0.0007207864931416429
0.07879214532115458
9970375284680485e-22
0.2529504400899275
0.25205256848550184
0.0018269800306725717
0.0005369846215880388
582991008212897e-23
0.0010304271040194812
10390421258191968e-24
0.010243714441866753
0.02903370010553608
0.0009036262546350665
0.00033759424617779905
0.00015454126859955252
26181785660763055e-22
0.006110980827384092
0.030324353203650213
0.02131827798200508
11257175900369617e-24
0.2431709086678779
0.06589538267507909
0
0
8177686299459183e-20
6661579359324219e-20
10336378148744447e-22
7596602250617076e-22
0.00019347040497176226
0.009722024509260197
0.005381012811003569
15204233587613774e-24
0.00013149279706501401
7328711616948005e-21
0.05543003484079611
0.013347365172322512
0.09697930301790961
3845635300695764e-22
0.0595103352040193
0.007669319799237208
0.00012013864725016142
0.11826037666936877
0.0002963960719086103
18549559457234617e-29
8514577263485547e-20
37361518427779874e-22
0.0001247105292680264
0.016257460866963645
0.003898767590905252
0.00016354201003763788
0.00015210729183270523
3799874505746172e-24
0.0005143903926256532
0.022769037007370794
13135133503189292e-24
0.0018047919243373883
0.0017997431622174813
4418670547955963e-20
0.10407137351154136
4337175697793968e-20
0.2545804760595549
0.0019094584051691083
0.16888505173800822
0.003299006228381994
0.0007007129092350056
0.0005691796422377252
4475053911745037e-20
0.25988858943080995
12101940792800348e-21
21567467996765814e-21
0.008278581900059763
0.006430351123222325
2171598460120676e-23
8722753418219628e-20
0.003052509593221643
0.12585067615972603
0.029952388183671973
0.00010010939262072494
0.02284454370837995
0.0003540785700756373
0
0.10816207059249147
0.012288421036542919
0.25815512494764853
0.2505246410379719
0.25522397180775447
0.05139419052940128
0.029423356283642923
0.24785368445797815
0.2571552777088038
0.2454221516963697
0.24844933526116628
0.19209266657144786
0.0007650089267795404
0.015655041773186256
0.13325580251447577
0.23226243274062686
0.12968816835677083
0.00029920265255728174
0.026776501253417108
0.2222694987996468
0.10964702034270528
0.1552406275995465
