1.4155454005261816
24200504601970387e-39
46933223421650565e-28
0
3347759216867981e-20
2546188817272651e-25
336696867750509e-19
0
3399723815294635e-20
0
0.001967566449849314
0
3.3162577473780925
0
5.123473063001451
0
32.98969929270941
27.14747276793132
0.0009015542257310397
0.01445716919079025
4502240204134924e-90
75.91629395526205
2.3769627305975174
28190595902454213e-30
0
0.000216980508743559
4411364332416565e-21
0.0016650399315416256
0.006913967180588328
0.009339033242538437
0.014619936586618254
2655231292305332e-21
2859817611583433e-24
0.0016177584264798384
29264439504874997e-22
2599531251505735e-22
3138436026750463e-29
0.0002512730414765519
0.00028744741523173027
2.5060279994090564
2.8972779171494913
0
1.1030183676307637
0
4.386564871327308
2.9831875091257967
4.208670041574468
0
5.371290051144654
0
4.264338888554914
2.0186886895392377
32.2629618221219
32.900333150424785
1.933706504113053
14.564812269300473
62.35067764604572
1.2957406960484807
0.03809594509271827
0.01350567462550396
10.919143517914593
34.6546012116876
0.5975709928210623
0.8725893941288414
2.1310305138938688
1.0071659771647357
74.93078637140566
0
70.27547862145124
0
14.748771077085518
0.02130805319734869
0.021052810962627556
4.247670560700065
5.864853367126206
1.1915430068775414
2.21766766562259
0
0.0011461383146285102
0.19576969935198782
0.06918994995522659
0.02765537930160024
0.03323287093541445
0.00028587061719199654
0.00017291745742369584
0.0013330210246615868
2.064527763148617
0.41509541001572414
0.005236227216784843
0.12401300069147558
0.01888285823216743
0.0875781664774334
0.011818221744468383
14416960800246718e-23
0.0672552978549946
0.6088155857521024
0.019686741930826146
2944619409339148e-26
2447754334352205e-21
0.0010648086452945834
0
0.8098558820421324
0.4348661308298445
0.1486270333710756
0
0.3165133155935714
0.00020795176939476044
0.05831852420287925
0
0.00010739817939737166
0
0.12431749192411505
0.5960356678368259
0
0
0
0
24060516282107575e-22
0.3572839196773975
34778566695553143e-23
30347601223335926e-22
0.3686739506633931
0.2660793072675958
0.1829669605418183
0.510824698289943
0.03086661796162429
0.5028587866183029
0.0011239231143842952
0.5135307050107142
9488568646430323e-22
0.004260129404998423
0.4192375520846373
0.0011684486747082644
9690714545811475e-30
0.005008658139347627
0.024772878971752718
0.1997471187229287
0.02268699293955307
0.03776038909630317
0.04972561457912026
0.13945315405304687
0.24110807367332612
0.18912183539031463
0.24622917732154453
575712467505767e-30
0.15726787777829984
0.15727728541783
0.4384496254862648
0.5409114713358842
0.0003484240786554964
0.533791336458255
0.630966624609586
11.89438374884022
2.1185417808759945
2.8191940101261146
0.09082205905154823
0.49470693583503744
2.661600725524804
4.239288141361775
0.577878477210117
5.13788022395556
7.23001635792697
4.594055233037829
2.4754857599605877
2.939220779960938
0.6612479232554144
31.485818564664147
619.0857859372186
4.002048465567573
3922.309671341292
1.09998115590731
23.218353991335423
1.168685625780048
45.018890610710535
1.3055895121313899
1.3969001918446549
1.0999801444401933
0.8740877245598646
1.075749850315181
67.57166455888343
0
0.0007903741260077081
0.0008316250704265316
0
0.008151651081061135
0.007185873588198992
0.006688092596926804
0.004972638926909509
0.006049292617184342
0.00944181876253422
0.005141701980943614
0.010447924608625115
0.004175323346090609
0.006501448177102332
0.00884788850750831
0.017542102240004312
0.006614180815571952
0.00861601335044858
0.00721673469468228
0.009079042361088259
0.0058304424006895865
0.011586662313181922
0.016700119654894933
0.01209230831582517
0.0073828669981033735
0.0018996574482003632
0.00742451462068474
0.02274077942409051
0.07013401899315348
0.04096377550781938
0.10921402035819164
9119602437890528e-20
0.010073315434309497
0.20142920954858243
4806094791726922e-21
0.0718813019892078
0.010887823732451845
0.001268987533844199
5486339614900472e-21
12044227797234602e-22
0.09832374148126581
0.08604325162940311
0.004137623872585666
0.039958132286222844
0.020116071430544627
0.005771832888956521
0.012056863642457824
0.0004827926214947062
0.2598108320263215
15699129995028667e-25
0.07643937673867905
0.00034186872833200153
0.00959744908221455
0.010875995113082012
0.00015705204270921724
0.0001708636221991308
0.2576598622589268
0.00039344621397920245
0.055579363616939555
0.21368838130554457
13179221573675807e-22
25861633316864533e-22
0.00014471813557359153
12571411174511267e-21
0.0005943466521741527
17002960102077333e-21
14432275994047168e-23
1004403684976341e-21
19076844660311975e-21
0.07437314712955254
0.07513243436911367
4349913388671278e-20
0.00021266549085051804
0.01949655310878875
0.00813846997958455
0.0883156884423627
0.020066629425119022
27828562907356932e-21
0.13001665093024484
0.03814837304584506
5573477266832324e-22
0.23666770000895393
44589627878256626e-23
0.0037596092331067927
0.0009822127814216467
22994565953029765e-28
0.24028127725416878
0.25841892150338586
0.01799874890609139
0.23300926648576062
0.2427931578184356
0.007386246277252579
0.1763759519698502
22332184591336193e-26
463060926460685e-20
0.0006292775066357955
9120348733024944e-20
0.12473604716440441
8645597637162205e-22
0.00011180991933402145
0.15204720148959516
0.0009288591945662811
0.011806909660359547
12200689297061886e-21
0.13090459771980947
0.09354128030308152
0.021103851146336103
31468710037960323e-21
0.00015344081644865133
1200667905146836e-22
0.013619849568644395
0.1531006148550685
8333314492151027e-24
11103254400669391e-21
9106305297001813e-21
9649888819426095e-20
10586363490195673e-21
0.2520112192076507
0.15201197417880757
0.005146192063592671
0.001547522871094601
0.04126716232319485
0.0058716922679378026
6760239375248653e-20
0.02814500615084667
8323435798312842e-20
0.0007207864820260753
0.0787919947248162
9970375284468015e-22
0.2529456619915339
0.2520477416910526
0.0018269799591458264
0.0005369846154202587
5829910082128244e-24
0.001030427081292396
10390421258189659e-24
0.010243712165824037
0.029033681298931708
0.0009036262371604076
0.0003375942437407037
0.00015454126808897844
2618178565929793e-21
0.006110980022216472
0.030324332646836264
0.021318267961286774
11257175900366909e-24
0.24316573058398908
0.06589527975296806
0
0
8177686285164124e-20
6661579349838501e-20
10336378148516091e-22
7596602250493733e-22
0.00019347040417151746
0.009722022460699508
0.0053810121873601735
1520423358760883e-23
0.0001314927966953905
73287116158000244e-22
0.05542996331198973
0.01334736129054395
0.0969790668141958
3845635300664155e-22
0.05951025218364275
0.007669318528208818
0.00012013864694161952
0.1182600095139879
0.0002963960700301501
18549559457234617e-29
8514577247988344e-20
3736151842479637e-21
0.00012471052893555236
0.016257455083170006
0.003898767264212417
0.0001635420094658512
0.00015210729133808895
37998745057458635e-25
0.0005143903869661675
0.022769025551300462
13135133503185603e-24
0.0018047918545396372
0.00179974309281019
4418670543782609e-20
0.10407109758341956
4337175693773139e-20
0.2545773610894196
0.0019094583270293183
0.1688842005638352
0.0032990059946712475
0.0007007128987302429
0.0005691796353078771
44750539074644946e-21
0.2598846566388003
12101940789670002e-21
2156746798682352e-20
0.00827858041775783
0.0064303502312862615
21715984601196685e-24
8722753401955317e-20
0.0030525093932015726
0.12585025326069416
0.02995236813962723
0.00010010939240649212
0.022844532174883886
0.0003540785673946678
0
0.10816177001707576
0.012288417751385226
0.2581516608232381
0.250521792734883
0.25522080583891465
0.051394129451427205
0.02942333695722149
0.24784866838568792
0.2571519325199463
0.24541704651399235
0.24844659983650141
0.1920914787506782
0.0007650089142573987
0.015655036414876058
0.13325532016930455
0.23226033672317142
0.1296877152970492
0.00029920265064307125
0.026776485312794498
0.2222676872063027
0.1096467104961698
0.15523993562113142
