1.4156789136015349
2364035346161519e-38
4647621780350302e-27
0
33436654891617996e-21
25431216950013173e-26
33628382339665676e-21
0
3395535284518855e-20
0
0.001965975926686084
0
3.292910265893492
0
5.115081860595099
0
32.988340704742114
27.14800617029931
0.0008973606717429672
0.014348055229045894
4448690278644469e-90
76.07277154451975
2.3694554028492294
27911257145095763e-30
0
0.00021648586159606802
44000570624975e-19
0.001664528464940681
0.00691395745532557
0.00933412637437479
0.014615446204945322
26552788085927875e-22
2858264882659691e-24
0.0016169084807313532
29264750893762343e-22
25985058559974876e-23
31381304771000116e-30
0.00025070121332206486
0.0002867932319774891
2.4986097603755284
2.891211420180421
0
1.1030272197114293
0
4.375138574523637
2.968766818997367
4.205232009139616
0
5.370865180944991
0
4.25908608514924
2.0136675616219186
32.26401902683452
32.90171140510166
1.9807301807778235
14.455376230023303
62.2622404972329
1.2942801359034133
0.0390624007626925
0.013394583291585702
11.129258645427328
34.65214160679307
0.5977567588158037
0.8752558596162247
2.1284564883417483
1.0067609863468108
75.14125585821093
0
70.42468367492035
0
14.741688040207485
0.021701686765503363
0.021451336093120433
4.320561383469103
5.8115857161539966
1.1871663154182517
2.1935437117391596
0
0.0011497182461681966
0.19456887338966228
0.06919407621161143
0.02765424380363191
0.03333258216677591
0.00028555275936600785
0.00017270534015836032
0.0013328136025459348
2.0646801603858047
0.415075535127615
0.005230446662453171
0.10536908089462212
0.018831983457981472
0.08733133229571213
0.011827728189783204
14402657664746737e-23
0.06727009570132157
0.6073201376367694
0.019688824351285755
2940652073066803e-26
24444357193346114e-22
0.0010214314109787187
0
0.8098184751161408
0.43477364160892235
0.14908701745594818
0
0.3164646582309144
0.00020340110798552008
0.058238730622492824
0
0.00010657163393750939
0
0.12431667840507359
0.5959891556018616
0
0
0
0
24057049873391123e-22
0.3572752871664851
34747945565699927e-23
30271172798416885e-22
0.36866335496169333
0.266060786794685
0.18297060649085675
0.5102719214931432
0.03149694118743827
0.5027079011404404
0.0011239126288426985
0.5135246970640717
9488534292099291e-22
0.004350505337088598
0.41922440042148923
0.0011679089858309874
9653703674903388e-30
0.004904141594353332
0.024758688991361757
0.1997399798545075
0.022690217433805438
0.03776580709352172
0.04969945382898922
0.13940584102181913
0.24110284046848304
0.1891427628853313
0.24624179361621693
5735362157045246e-31
0.1572641327679343
0.15727327631451
0.43844003666816966
0.5409026045453933
0.0003484834711107255
0.5335713527445967
0.6310362860386095
11.895422073593622
2.1185527431199915
2.8192125419506535
0.09081890976955999
0.49474451848146694
2.6616244316397824
4.239334086451293
0.577864572266889
5.138172744306768
7.230523000482865
4.594133855016792
2.475487102328995
2.939419123604108
0.6613038965735197
31.48188196054464
619.0857388531306
4.002048441654691
3921.9389160192854
1.099981154129966
23.21835392447523
1.1686843186246756
45.0188516037011
1.305590115559813
1.3969001757425932
1.0999801426624314
0.8740699801856884
1.075745353416947
67.57850608600008
0
0.0007904060765077684
0.0008316107588317591
0
0.008151203106522542
0.007186161361451246
0.006688233235974369
0.0049723409268636505
0.006049424135673748
0.009442184919344648
0.005141526720557302
0.01044883254804313
0.004175099562834892
0.006501582904792722
0.00884838299693535
0.01754357853578713
0.0066142441508565885
0.008616577892577337
0.007216905233465737
0.009079670233706549
0.005830754890927991
0.011587430477703742
0.01670078672485286
0.01209302436413899
0.007383299017711944
0.001899656965091142
0.007424507182400377
0.022740708042355354
0.07013328523532458
0.0409635372168489
0.10921210185476365
9119602326837174e-20
0.010073301689101411
0.20142075718110736
4806094788642943e-21
0.07188052880763379
0.010887807655463695
0.0012689873184569414
5486339610881708e-21
1204422779529781e-21
0.0983222207439553
0.0860421145078375
0.004137621573345235
0.039957905916464934
0.020116015796049068
0.0057718284043040725
0.012056843893958204
0.000482792590353026
0.25978690998655607
15699129995025376e-25
0.07643849516249167
0.00034186871272020745
0.009597436613630297
0.010875979071284387
0.00015705203941533897
0.00017086361830035665
0.25763223342716834
0.0003934461932998688
0.05557891427670616
0.2136783557063718
1317922157135679e-21
2586163330793482e-21
0.000144718132776809
12571411153410433e-21
0.0005943466049712057
17002960063477686e-21
1443227599376907e-22
10044036848416495e-22
1907684461172178e-20
0.07437231569305867
0.07513158470218038
4349913363406717e-20
0.0002126654848103556
0.019496500896846024
0.008138461032717509
0.08831448527324977
0.020066574067878082
27828562803956473e-21
0.1300138042999398
0.038148167311433265
5573477266417584e-22
0.23665369587493784
4458962787560208e-22
0.00375960733582091
0.0009822126524365294
22994565953029753e-28
0.24026644668624056
0.2583918634135735
0.017998704507818424
0.23299602539195274
0.2427607439211482
0.007386238915856565
0.17637001871427405
22332184591335532e-26
4630609261743971e-21
0.000629277453718773
9120348621953412e-20
0.12473345860151716
8645597636164241e-22
0.00011180991766464912
0.15204309016562453
0.0009288590792221977
0.011806890729129339
12200689277187214e-21
0.13090170609683732
0.09353991683962522
0.02110378982291167
31468709905739144e-21
0.0001534408133045253
12006679051275885e-23
0.013619824310161175
0.15309643470362594
8333314492141756e-24
11103254384209337e-21
9106305285930125e-21
964988869508126e-19
10586363475232493e-21
0.25199286951068656
0.15200786514227377
0.00514618850168528
0.0015475225506511806
0.04126692037167447
0.005871687626096534
676023931422622e-19
0.028144895905092768
8323435705804642e-20
0.000720786412590728
0.07879105400478098
9970375283140782e-22
0.25291581680118747
0.2520175923614934
0.0018269795123414792
0.0005369845768921368
5829910082123706e-24
0.0010304269393236675
10390421258175245e-24
0.010243697948133807
0.02903356382044107
0.0009036261280018806
0.00033759422851695886
0.00015454126489958744
2618178565014576e-21
0.006110974992597534
0.030324204235392963
0.021318205365211677
11257175900349988e-24
0.24313338726660047
0.06589463683551383
0
0
8177686195867514e-20
6661579290584296e-20
10336378147089624e-22
7596602249723249e-22
0.00019347039917264744
0.00972200966401416
0.00538100829166351
1520423358757797e-23
0.0001314927943864722
73287116086289605e-22
0.055429516496792536
0.013347337042356069
0.09697759133911968
38456353004667034e-23
0.059509733584860953
0.007669310588510906
0.00012013864501425821
0.1182577160390394
0.0002963960582960183
18549559457234617e-29
8514577151182331e-20
373615184061594e-20
0.00012471052685869476
0.016257418953730993
0.0038987652234687095
0.00016354200589408503
0.00015210728824838129
3799874505743935e-24
0.0005143903516131954
0.02276895398906999
13135133503162569e-24
0.001804791418535754
0.0017997426592453814
44186705177130183e-21
0.10406937396636991
4337175668656328e-20
0.25455790374251946
0.0019094578389154302
0.16887888365155468
0.003299004534756285
0.0007007128331103973
0.0005691795920193626
4475053880725329e-20
0.2598600911078682
12101940770115747e-21
21567467924717266e-21
0.008278571158303766
0.00643034465965336
2171598460113372e-23
8722753300357445e-20
0.0030525081437412717
0.12584761157957686
0.029952242931275297
0.00010010939106824906
0.02284446012900127
0.00035407855064752
0
0.10815989243871119
0.012288397230089
0.2581300226121165
0.25050400104095405
0.255201029945856
0.051393747918748345
0.02942321623161364
0.2478173369043229
0.25713103719351366
0.24538515849671008
0.24842951320623252
0.19208405898529077
0.0007650088360356396
0.015655002943289233
0.13325230715476144
0.23224724400911234
0.1296848852155308
0.00029920263868561827
0.026776385737102795
0.22225637110361987
0.10964477500503489
0.15523561312590653
