1.4158265707636566
2303594741801122e-38
4597597945302735e-27
0
33391595284081244e-21
25397369545935477e-26
3358280232026023e-20
0
3390911756187765e-20
0
0.001964277410306222
0
3.266844407328605
0
5.105744661462346
0
32.98682916781849
27.148592350933516
0.000892669225314802
0.014229702735188962
43902600466400035e-91
72.99483757557323
2.2767656730432626
2760466864093945e-29
0
0.0002159401256026309
4387363868544003e-21
0.0016639644140931068
0.006913946699845437
0.009328715382152167
0.014610494164648654
26553028590779953e-22
28565889219356747e-25
0.001615971215369735
2926478114763163e-21
25974085932697204e-23
31377593722100003e-30
0.00025007033059156077
0.000286071480246936
2.4901547223313782
2.884477188372804
0
1.1029827930674416
0
4.345660938929315
2.952550753822252
4.201576038792758
0
5.370387738042545
0
4.253553619921019
2.007674407868533
32.26508833373364
32.90311556516861
2.0335026153852542
14.33332118397523
62.12716808637223
1.2927437124580226
0.04006330441512306
0.013272647704289287
11.344370806679857
34.64938280191799
0.5979625701326001
0.8780378236260615
2.1257470557329925
1.006261381366017
75.36024738269427
0
70.59048089821447
0
14.734310545470713
0.02210614480840212
0.021875842376634157
4.156767719848043
5.630172664233453
1.1393046024654532
1.9297106546220761
0
0.0011534747876636858
0.1932668823052939
0.06919880119154025
0.027652932461612992
0.033436638162952614
0.0002840860916879815
0.0001717900600157993
0.0013325463544068715
2.0648517190248725
0.4150535224338586
0.005224255718715399
0.03640381834717135
0.01767926700300404
0.08394749041569717
0.011838284607037416
1438694095916461e-22
0.06728874065826729
0.6056889752192899
0.019691425547692636
293629869872817e-25
2440839024772687e-21
0.0006741570656623675
0
0.8097770830659634
0.4346663040517025
0.1495670596786216
0
0.3164107610670429
0.00019876382660671184
0.058154841823017445
0
0.00010565034638714144
0
0.1243157792450488
0.5959376402487842
0
0
0
0
24053796033187682e-22
0.35726576372798635
3471431711683854e-22
3018689096248665e-21
0.36865163650042815
0.26604059235893224
0.18297538564818264
0.5096893005961264
0.03214461077319821
0.502518684016999
0.00112390137924595
0.513517962281618
9488496298633068e-22
0.004443520374507648
0.4192116443553777
0.0011673160463029888
9612940577045096e-30
0.004797545794935831
0.024743003319450983
0.1997320844873703
0.022693812067416514
0.03777188013650369
0.0496705360246079
0.13935353637850528
0.24109705256911476
0.18916625804070647
0.24625631935265865
5711401078591614e-31
0.15726040523714335
0.1572690091192729
0.43842943201482476
0.5408927980680389
0.00034855221889615974
0.5333507779834006
0.6311143753617685
11.896599448718705
2.118564887469882
2.8192331196156384
0.09081543502948577
0.49478713284613884
2.661650695518911
4.239385106554009
0.5778492335751989
5.138506303753949
7.231101457597343
4.59422995084928
2.475489315231825
2.9396460805323783
0.6613669539871972
31.476540809769585
619.0856867810603
4.00204841520853
3921.5289244904716
1.099981152164334
23.218353850532008
1.1686828729937897
45.018808464412714
1.3055907781360832
1.396900157934667
1.0999801406963379
0.8740503562986379
1.0757403801488838
67.58605658286598
0
0.0007904429305895584
0.000831594950004908
0
0.008150708033310089
0.007186493831470867
0.006688410197675494
0.004972026855238055
0.0060495880652281404
0.009442609513109034
0.00514134914126365
0.010449870231100646
0.004174865325165787
0.006501752723292423
0.008848940326070804
0.017545267273056157
0.0066143344276339
0.008617229320356514
0.007217116625993113
0.009080392969615948
0.005831116712416121
0.011588348853997711
0.01670157814758945
0.012093853997508654
0.007383800408174475
0.0018996564308025165
0.007424498956128917
0.022740629098854312
0.07013247375371617
0.04096327368346203
0.10920998014847295
9119602204019068e-20
0.010073286487777517
0.20141140980111039
48060947852322535e-22
0.07187967372655903
0.010887789875341796
0.0012689870802520661
54863396064372056e-22
12044227793155842e-22
0.09832053893040968
0.08604085693957002
0.0041376190305297275
0.039957655567077324
0.020115954267934423
0.005771823444561289
0.012056822053382868
0.0004827925559122657
0.25976045626255806
15699129995021733e-25
0.07643752020586742
0.0003418686954545346
0.009597422824170027
0.010875961330080937
0.00015705203577251443
0.00017086361398855487
0.25760168110669146
0.00039344617042981234
0.05557841733856958
0.21366726856463517
131792215687921e-20
2586163329805912e-21
0.00014471812968374145
1257141113007422e-20
0.0005943465527676846
17002960020788876e-21
14432275993461514e-23
10044036846926892e-22
1907684455798405e-20
0.07437139618680286
0.07513064503455741
4349913335465682e-20
0.00021266547813031167
0.019496443153845713
0.008138451138050154
0.08831315466208832
0.020066512846388464
27828562689602007e-21
0.13001065617634863
0.03814793978325439
5573477265958906e-22
0.2366382091381992
44589627872666315e-23
0.003759605237541775
0.000982212509787027
22994565953029753e-28
0.24025004606594538
0.25836194214742675
0.01799865540621587
0.23298138244150587
0.24272490120490822
0.007386230774618704
0.17636345713485022
22332184591334795e-26
4630609258577805e-21
0.0006292773951958405
9120348499115203e-20
0.12473059587442616
8645597635060557e-22
0.00011180991581842712
0.1520385434263329
0.0009288589516588279
0.01180686979240085
12200689255207054e-21
0.13089850821595753
0.09353840895693943
0.02110372200322364
3146870975951074e-20
0.00015344080982731742
12006679051063026e-23
0.013619796375903357
0.15309181184887868
8333314492131501e-24
1110325436600554e-20
9106305273685524e-21
9649888557563603e-20
10586363458684146e-21
0.2519725774423727
0.15200332093263108
0.005146184562439987
0.0015475221962607537
0.04126665278998468
0.0058716824925129025
6760239246739203e-20
0.028144773980644747
8323435603496325e-20
0.000720786335799558
0.07879001363997681
9970375281672942e-22
0.2528828139766267
0.2519842532767809
0.001826979018203772
0.000536984534282432
5829910082118684e-24
0.0010304267823151012
10390421258159303e-24
0.01024368222427517
0.02903343389708649
0.0009036260072793503
0.0003375942116804442
0.00015454126137231933
2618178564002404e-21
0.006110969430156453
0.03032406222095201
0.021318136138057654
11257175900331272e-24
0.24309762257773207
0.06589392581607811
0
0
8177686097111019e-20
6661579225052831e-20
10336378145512045e-22
7596602248871144e-22
0.00019347039364420805
0.009721995511695227
0.005381003983268444
1520423358754383e-23
0.00013149279183295208
7328711600698209e-21
0.05542902235115291
0.013347310225418848
0.0969759595815431
3845635300248334e-22
0.05950916005210737
0.007669301807708121
0.00012013864288271643
0.11825517965010554
0.0002963960453187985
18549559457234617e-29
8514577044120903e-20
3736151838554807e-21
0.00012471052456181943
0.016257378996910758
0.003898762966534266
0.00016354200194393378
0.00015210728483135673
3799874505741802e-24
0.0005143903125150085
0.022768874845953347
13135133503137095e-24
0.0018047909363426834
0.0017997421797497754
4418670488881673e-20
0.10406746778629643
4337175640878696e-20
0.2545363868581027
0.001909457299091957
0.1688730036720023
0.0032990029201818384
0.0007007127605389343
0.0005691795441449603
4475053851153474e-20
0.2598329258617202
12101940748489957e-21
215674678560316e-19
0.0082785609179352
0.006430338497779327
21715984601064094e-24
8722753187996509e-20
0.003052506761916441
0.12584469010904217
0.029952104459230564
0.0001001093895882354
0.02284438045099808
0.0003540785321262165
0
0.10815781599170583
0.012288374534850889
0.2581060942077465
0.2504843260048184
0.2551791608218465
0.05139332597062009
0.029423082717172547
0.24778269084583077
0.25710793023855344
0.2453498971567358
0.24841061782370366
0.19207585351973486
0.0007650087495272456
0.01565496592587815
0.1332489750273016
0.23223276514067862
0.12968175539320956
0.0002992026254614191
0.026776275613008653
0.22224385686837353
0.10964263451193672
0.15523083285503156
