1.4158148198690343
23083475168681988e-39
4601559155707649e-27
0
333951560407564e-19
25400059780580296e-26
3358642487050566e-20
0
33912793656575074e-21
0
0.0019644007962571594
0
3.2689315170109206
0
5.106489954443255
0
32.98694980818511
27.148546241815758
0.0008930451438423462
0.014239011938909852
4394878859761027e-90
74.18725051860658
2.3086120701425705
2762901914951079e-29
0
0.00021598350609132637
4388391668019768e-21
0.001664009241153489
0.006913947555788994
0.009329145412679615
0.014610887720291047
2655307218532948e-21
2856720944380183e-24
0.001616045703040911
2926484788195765e-21
2597494713074276e-22
31377962998120083e-30
0.00025012047905629056
0.00028612885228597196
2.4909173153332325
2.8850142918895285
0
1.1029908658825756
0
4.35039719005115
2.953854918484943
4.201856304881536
0
5.370426014932909
0
4.253939014879829
2.008204390828611
32.265008463715
32.903010104862055
2.0292768663929532
14.343089446466871
62.14678057972329
1.2928508294584857
0.0399943284923729
0.013283213994710996
11.329624031796099
34.64960360922465
0.5979461513988987
0.8778517274542705
2.1259354698182324
1.0063050878793594
75.34569792234305
0
70.57729303452005
0
14.734797752467333
0.022078461615197047
0.021843470088166433
4.2385674665612
5.66578487252363
1.1555826651864718
2.0150144068355447
0
0.0011532201904804176
0.19336939188000646
0.06919840294547006
0.027653040484474627
0.033429663181016915
0.00028436268084843983
0.000171960381058182
0.001332570861489437
2.064837618114659
0.41505527552104177
0.005224710187557705
0.04730312725147011
0.018082602934205275
0.08511903464828807
0.011837442666199554
1438818784605245e-22
0.06728705551746184
0.6058134628177785
0.019691190665847715
2936643178383162e-26
244111343249026e-20
0.0007658472739699115
0
0.8097803699892414
0.434675571261963
0.14953490154714913
0
0.3164150535325714
0.0001991113313303858
0.05816062727632226
0
0.00010572404801897909
0
0.12431585078290654
0.5959417533713767
0
0
0
0
2405402140724227e-21
0.3572665206967202
3471698431794972e-22
30193588962827767e-22
0.36865256909288824
0.26604216198300706
0.18297494125372704
0.5097299585046582
0.03210004622710344
0.5025355796663656
0.0011239022360091592
0.5135185020959897
948849932222939e-21
0.0044371154064188735
0.4192124452103341
0.0011673628965558095
9616177523865095e-30
0.004805556110354129
0.024744251327629363
0.19973271282729155
0.022693520119105033
0.03777138640978996
0.04967283681718119
0.13935769784759577
0.2410975131949777
0.189164342558216
0.2462550886856928
5713302694944291e-31
0.1572606457245589
0.15726933803597087
0.43843027595786616
0.5408935785037119
0.00034854663742808604
0.5333644802171191
0.6311080238659151
11.896501968117702
2.118563920169752
2.819231478719503
0.090815711235717
0.4947836046686821
2.661648603538691
4.239381038016421
0.5778504527159141
5.138478399459808
7.23105295838712
4.59422109687503
2.4754889686168506
2.939626978329671
0.6613617852927827
31.47712405558962
619.0856909250746
4.002048417313176
3921.561550984126
1.0999811523207634
23.218353856416577
1.168682988040336
45.01881189753443
1.3055907265681812
1.3969001593518644
1.0999801408528043
0.8740519180013738
1.0757407759320876
67.58545641398726
0
0.0007904398051026736
0.0008315962073620317
0
0.008150747418150639
0.007186465706838117
0.006688393268326676
0.004972049797674438
0.006049572461562785
0.009442573091504874
0.0051413611147298486
0.010449783202816651
0.0041748822195433076
0.00650173644214575
0.008848893705110893
0.017545125456881187
0.006614324590029834
0.008617173882116311
0.00721709677371663
0.009080331688649045
0.0058310855965276335
0.011588268247900975
0.0167015080493334
0.01209378296047659
0.007383757371851529
0.0018996564733224214
0.007424499610794078
0.022740635381348615
0.07013253833293438
0.04096329465598951
0.1092101489972018
9119602213793212e-20
0.010073287697532792
0.20141215367109858
4806094785503684e-21
0.0718797417754938
0.010887791290323492
0.001268987099208953
5486339606790909e-21
12044227793326305e-22
0.09832067277192398
0.08604095701905537
0.004137619232892744
0.039957675490396645
0.020115959164475596
0.005771823839268806
0.012056823791504348
0.00048279255865314014
0.25976256141174725
15699129995022022e-25
0.07643759779468964
0.0003418686968285763
0.009597423921566085
0.010875962741965417
0.00015705203606241873
0.00017086361433169792
0.2576041123975195
0.0003934461722498637
0.05557845688588015
0.2136681508836588
13179221568996204e-22
25861633298845046e-22
0.00014471812992989484
1257141113193137e-20
0.0005943465569221601
1700296002418615e-20
14432275993485993e-23
10044036847045437e-22
19076844562260623e-21
0.07437146936279705
0.07513071981502525
4349913337689293e-20
0.00021266547866192483
0.01949644774915946
0.008138451925489967
0.08831326055443312
0.020066517718527768
27828562698702597e-21
0.1300109067084313
0.03814795789041747
5573477265995409e-22
0.23663944157100542
4458962787289995e-22
0.0037596054045275842
0.0009822125211393997
22994565953029753e-28
0.2402513512238108
0.25836432322330766
0.01799865931382878
0.2329825477272831
0.24272775345640268
0.0073862314225167005
0.17636397931140507
22332184591334854e-26
4630609258829776e-21
0.0006292773998532291
9120348508890947e-20
0.12473082369438819
8645597635148391e-22
0.0001118099159653537
0.1520389052612634
0.0009288589618106119
0.01180687145859222
12200689256956286e-21
0.13089876270776954
0.09353852895680152
0.02110372740046152
31468709771147927e-21
0.0001534408101040416
12006679051079966e-23
0.013619798598973375
0.15309217974111847
8333314492132317e-24
1110325436745424e-20
9106305274659977e-21
9649888568507572e-20
10586363460001101e-21
0.25197419227172496
0.15200368256625071
0.005146184875934025
0.0015475222244639515
0.04126667408468391
0.005871682901055063
6760239252109975e-20
0.02814478368365179
8323435611638254e-20
0.0007207863419107747
0.07879009643408391
9970375281789756e-22
0.25288544025914433
0.251986906315846
0.0018269790575283758
0.0005369845376734096
5829910082119084e-24
0.0010304267948102012
10390421258160572e-24
0.010243683475614912
0.02903344423666286
0.0009036260168867247
0.00033759421302033253
0.00015454126165302738
26181785640829545e-22
0.0061109698728280485
0.03032407352276162
0.021318141647304646
11257175900332761e-24
0.24310046862076867
0.06589398240034977
0
0
8177686104970288e-20
6661579230267975e-20
10336378145637592e-22
7596602248938956e-22
0.0001934703940841739
0.009721996637968376
0.0053810043261402485
15204233587546548e-24
0.00013149279203616705
7328711601329356e-21
0.05542906167623158
0.013347312359570065
0.09697608943953696
3845635300265713e-22
0.05950920569495301
0.0076693025065041175
0.0001201386430523494
0.11825538149974467
0.0002963960463515553
18549559457234617e-29
8514577052641096e-20
37361518387188365e-22
0.00012471052474461
0.01625738217676229
0.0038987631461462223
0.00016354200225829585
0.00015210728510329136
3799874505741972e-24
0.0005143903156265315
0.022768881144333477
13135133503139122e-24
0.001804790974716706
0.0017997422179091276
44186704911761375e-21
0.10406761948318696
43371756430893036e-21
0.25453809915435643
0.0019094573420523377
0.1688734716067232
0.003299003048673336
0.000700712766314337
0.0005691795479549146
447505385350687e-19
0.2598350876301197
12101940750210987e-21
21567467861497762e-21
0.008278561732886686
0.006430338988155137
21715984601069636e-24
872275319693845e-19
0.003052506871885198
0.12584492260386423
0.029952115479129095
0.00010010938970601828
0.0228443867919456
0.00035407853360018413
0
0.10815798123864692
0.012288376340988302
0.2581079984036445
0.25048589173258884
0.25518090114810715
0.05139335955009016
0.029423093342534897
0.2477854478809873
0.2571097690668169
0.245352703149221
0.248412121508818
0.19207650651661007
0.000765008756411781
0.015654968871805168
0.133249240202573
0.23223391736907892
0.12968200446886066
0.0002992026265138311
0.026776284376919306
0.22224485275402503
0.10964280485574189
0.15523121327452802
