1.415811802756427
23095694118108638e-39
46025767708698946e-28
0
33396072178132384e-21
25400750636000366e-26
3358735516177271e-20
0
33913737613030285e-21
0
0.0019644335277090026
0
3.269466825866428
0
5.106681250452363
0
32.986980773562394
27.148534360087414
0.0008931415599856079
0.01424140649244989
43960656740751073e-91
74.3889749192044
2.3140833810034147
2763527110204501e-29
0
0.00021599464569765884
4388654680178236e-21
0.0016640207524770073
0.00691394777555769
0.009329255841285529
0.014610988783049082
2655307887477079e-21
28567548722531267e-25
0.0016160648309172805
2926486005271969e-21
25975168516285485e-23
3137805249541387e-29
0.0002501333566122874
0.00028614358475796984
2.4911049439443804
2.8851521488153087
0
1.102992720680533
0
4.351438311800397
2.954189205343184
4.201928833005224
0
5.370435835155198
0
4.2540425827719925
2.0083363958239624
32.26498772932942
32.90298275399899
2.0281924724129303
14.345594976252535
62.15101842584746
1.292879592816869
0.03997576090323354
0.013285833721705645
11.325651970215436
34.64966027938098
0.5979419384955699
0.8778009279467387
2.125986133904813
1.0063161478809297
75.34171671694885
0
70.57390488335352
0
14.734931417970039
0.02207099548963194
0.021835079744713368
4.252097523511952
5.673190136721623
1.1583840692989649
2.030188702737079
0
0.0011531509926112375
0.19339574811349222
0.06919830243802609
0.02765306811851136
0.033427760814441695
0.00028442193972630657
0.00017199694689916576
0.001332576996892037
2.0648340353150223
0.41505572560071136
0.005224830064754233
0.049825364409427926
0.018152276408013365
0.08532007681681257
0.011837226632154535
1438850809810843e-22
0.06728663312297495
0.6058458846014657
0.01969113189675958
2936731726740783e-26
24411848454568616e-22
0.0007838720344842494
0
0.8097812146868996
0.434677892929264
0.14952612841192614
0
0.3164161555630742
0.00019920154001436052
0.0581621878896649
0
0.00010574295339179382
0
0.12431586915114423
0.5959428083292211
0
0
0
0
24054080762866816e-22
0.3572667150797111
3471766938414546e-22
3019530897493801e-21
0.3686528085412974
0.2660425678946785
0.18297483025966538
0.5097408778377424
0.03208805433154692
0.5025398299601651
0.001123902458012667
0.5135186405799337
948850009855615e-21
0.004435391983699787
0.4192126622627173
0.0011673749481879451
9617008868948104e-30
0.004807633431897064
0.02474457176944173
0.19973287415709295
0.022693445736988078
0.03777126044631298
0.04967342757488083
0.13935876637771819
0.24109763146310378
0.18916385428395735
0.24625477848752136
5713791174454917e-31
0.15726071186467633
0.1572694229924628
0.4384304926452936
0.5408937788848629
0.00034854520718741877
0.5333683138046798
0.6311064036949434
11.89647723220481
2.118563671833671
2.819231057505085
0.09081578216257875
0.49478270938253255
2.661648066463824
4.239379993635045
0.5778507657821615
5.138471341128532
7.231040698862402
4.594218917296529
2.4754888963875756
2.939622155348475
0.6613604698491117
31.477260913987745
619.0856919890751
4.0020484178535565
3921.569928075669
1.0999811523609277
23.21835385792748
1.1686830175792278
45.01881277900904
1.3055907132273104
1.3969001597157384
1.099980140892978
0.8740523189782181
1.0757408775518202
67.58530229046589
0
0.0007904390174126839
0.0008315965302174986
0
0.008150757530857424
0.0071864586151586
0.0066883891431708045
0.004972055847872932
0.006049568656394721
0.009442563945313679
0.005141364357006973
0.010449761203699823
0.0041748866929724356
0.006501732477228467
0.008848881959751498
0.01754508962206235
0.0066143222699935845
0.008617159927900919
0.007217091912348659
0.009080316247329563
0.005831077791371775
0.011588248047947792
0.016701490604649743
0.012093765111498811
0.007383746566072863
0.001899656484239662
0.0074244997788832905
0.022740636994416953
0.07013255491404521
0.04096330004081334
0.10921019235016682
9119602216302781e-20
0.010073288008144733
0.2014123446646187
4806094785573376e-21
0.07187975924747596
0.010887791653628551
0.0012689871040762475
5486339606881724e-21
12044227793370073e-22
0.09832070713656417
0.0860409827150817
0.004137619284850662
0.03995768060582986
0.020115960421692072
0.005771823940612331
0.012056824237777493
0.0004827925593568761
0.25976310192416846
15699129995022095e-25
0.07643761771609738
0.0003418686971813697
0.009597424203329118
0.010875963104475249
0.0001570520361368534
0.00017086361441980198
0.25760473664971045
0.00039344617271717285
0.05557846703989366
0.2136683774249429
13179221569048608e-22
2586163329904684e-21
0.00014471812999309618
12571411132408204e-21
0.0005943465579888466
1700296002505842e-20
14432275993492277e-23
10044036847075875e-22
19076844563358656e-21
0.07437148815118366
0.07513073901537047
4349913338260219e-20
0.0002126654787984197
0.019496448929033974
0.00813845212766987
0.08831328774294765
0.020066518969478916
27828562701039225e-21
0.13001097103412262
0.03814796253954149
5573477266004781e-22
0.2366397580065489
44589627872959933e-23
0.003759605447402192
0.0009822125240541895
22994565953029753e-28
0.24025168633205737
0.25836493458234827
0.017998660317131945
0.23298284692232932
0.2427284857944725
0.007386231588868404
0.1763641133836139
22332184591334867e-26
4630609258894471e-21
0.0006292774010490416
9120348511400928e-20
0.12473088218859571
8645597635170944e-22
0.00011180991600307798
0.1520389981646889
0.0009288589644171433
0.011806871886396878
12200689257405411e-21
0.13089882805014708
0.09353855976751001
0.02110372878623491
31468709774135845e-21
0.00015344081017509218
12006679051084315e-23
0.013619799169759982
0.15309227419979812
8333314492132525e-24
11103254367826202e-21
9106305274910176e-21
9649888571317501e-20
10586363460339237e-21
0.25197460689050716
0.1520037754179883
0.0051461849564255
0.0015475222317052914
0.04126667955222731
0.005871683005950715
6760239253488952e-20
0.028144786174957533
8323435613728742e-20
0.0007207863434798662
0.07879011769198106
997037528181975e-21
0.2528861145773183
0.25198758750403005
0.0018269790676252035
0.0005369845385440634
5829910082119187e-24
0.0010304267980183928
103904212581609e-22
0.010243683796903914
0.029033446891411643
0.0009036260193534757
0.00033759421336435687
0.00015454126172510086
2618178564103636e-21
0.006110969986486638
0.03032407642456964
0.021318143061837054
11257175900333143e-24
0.24310119936474803
0.06589399692870841
0
0
8177686106988202e-20
6661579231606994e-20
10336378145669826e-22
7596602248956368e-22
0.0001934703941971378
0.009721996927145777
0.0053810044141746425
15204233587547246e-24
0.00013149279208834373
7328711601491407e-21
0.05542907177318567
0.013347312907526233
0.09697612278138307
38456353002701754e-23
0.05950921741403277
0.0076693026859241875
0.00012013864309590367
0.11825543332590462
0.00029639604661672175
18549559457234617e-29
8514577054828707e-20
3736151838760952e-21
0.0001247105247915426
0.016257382993208325
0.00389876319226267
0.00016354200233901017
0.0001521072851731122
37998745057420155e-25
0.0005143903164254337
0.022768882761480598
13135133503139643e-24
0.0018047909845694664
0.0017997422277067701
4418670491765255e-20
0.10406765843230827
433717564365689e-19
0.2545385387985383
0.0019094573530826732
0.1688735917519759
0.003299003081664299
0.0007007127677972063
0.0005691795489331431
44750538541111184e-21
0.25983564268001164
12101940750652874e-21
2156746786290123e-20
0.008278561942130374
0.006430339114062072
2171598460107106e-23
8722753199234347e-20
0.0030525069001203363
0.12584498229837224
0.02995211830855473
0.00010010938973625974
0.02284438842002216
0.00035407853397863417
0
0.10815802366682997
0.012288376804724948
0.25810848731961805
0.25048629374415493
0.2551813479892177
0.05139336817182385
0.029423096070660966
0.24778615577123375
0.25711024119911385
0.2453534236097831
0.24841250759044992
0.19207667417782884
0.0007650087581794268
0.01565496962818967
0.13324930828799805
0.23223421321154733
0.12968206842060376
0.00029920262678404414
0.026776286627106342
0.2222451084543535
0.1096428485925773
0.15523131094966364
