1.4158381209623783
22989327866547498e-39
45937077131586374e-28
0
3338811470006259e-20
25394726082150086e-26
3357924291766671e-20
0
33905504843444936e-21
0
0.0019641676483873553
0
3.264788174477185
0
5.1050117187151525
0
32.986710528889674
27.148637227399227
0.000892298905760737
0.014220586577977506
43857257076979797e-91
70.35569826478886
2.207106163931257
27580727698790092e-30
0
0.00021589749450882841
4386346982392183e-21
0.001663920362938445
0.006913945858521077
0.009328292787961287
0.014610107421014032
26552945858992694e-22
28564593163112275e-25
0.0016158980157971125
29264671598305703e-22
25973240868504384e-23
31377183658807716e-30
0.0002500210485159215
0.000286015099292805
2.489318045803303
2.883948903873738
0
1.1029732345379675
0
4.339331049161218
2.9512644371387475
4.2013050967277294
0
5.370350069552435
0
4.253223011414443
2.0071115580005303
32.265165126230706
32.90321716393347
2.0376592750352707
14.323698240639093
62.09918545392591
1.2926515314953366
0.040122241462743305
0.01326118801818983
11.35695412500023
34.64916567301559
0.597978733954968
0.8781890403108524
2.1255857518964105
1.0062174156376364
75.37197149138017
0
70.60342189135078
0
14.733921679675753
0.022129653398680407
0.021907044245025275
3.9732713213497117
5.576508817547297
1.1037822156645367
1.7593566922440123
0
0.0011536846949209427
0.1931663651080718
0.06919921068233773
0.027652826077356092
0.03344232372310579
0.00028370134101610877
0.00017155386821809227
0.0013325210931063383
2.064865981962942
0.4150517990689167
0.00522384227760284
0.023839698942690824
0.016816809300122797
0.0813815797710374
0.01183911392861219
1438571600157029e-22
0.0672904777325207
0.6055714306873644
0.019691669320166187
29359610229863156e-27
2440579219307104e-21
0.0005292243325987635
0
0.809773860614502
0.43465659460986417
0.14959324840040758
0
0.31640654141125407
0.0001984299839781484
0.05814994030022968
0
0.00010557774862629504
0
0.12431570893148215
0.5959335857496996
0
0
0
0
24053586263279135e-22
0.3572650198524025
34711696931176653e-23
30180308931172813e-22
0.368650719834133
0.26603907944443367
0.18297584567896596
0.5096543524779816
0.03218275016023928
0.5025014235321842
0.001123900552581748
0.5135174309628118
9488493326679089e-22
0.00444900203176276
0.41921094468504916
0.0011672702203873796
9609760645234823e-30
0.00478982794857598
0.024741776676086367
0.19973146687755325
0.022694105564159604
0.037772373711653394
0.049668274620908504
0.1393494463989913
0.2410965998084144
0.18916817728263852
0.24625758863206942
5709533862173987e-31
0.15726021426791106
0.15726868976322583
0.43842860248565524
0.540892030959262
0.00034855772187630286
0.5333405879844432
0.6311207278357608
11.896698283578033
2.118565838398346
2.819234733079247
0.09081516359766816
0.4947907100076345
2.661652752102226
4.2393891070938
0.5778480355310376
5.138534829749745
7.231151123174081
4.5942396208788665
2.4754898542162915
2.9396657007560916
0.6613721545281727
31.475832843450274
619.0856827078225
4.002048413139829
3921.4968554958164
1.099981152010576
23.21835384474794
1.1686827599121576
45.01880508992624
1.3055908277682857
1.3969001565416739
1.0999801405425438
0.8740488212704044
1.0757399911254848
67.58664631329216
0
0.0007904461550002777
0.0008315937142549216
0
0.008150669323689285
0.007186522863576102
0.006688429125260246
0.004972005951919926
0.006049605484181772
0.00944264743305348
0.005141339106801245
0.01044995934370584
0.004174850119667932
0.006501770949862329
0.008848988701255072
0.01754541262718875
0.006614346220619521
0.008617286701245003
0.007217138573964453
0.009080456228141687
0.005831149204720334
0.011588432783697958
0.0167016527617715
0.012093927849839732
0.007383845230089064
0.0018996563890088186
0.0074244983126449705
0.022740622923661684
0.07013241027751742
0.04096325306913905
0.10920981418379998
9119602194411856e-20
0.010073285298684034
0.20141067863850515
4806094784965459e-21
0.07187960683990853
0.010887788484527035
0.0012689870616189474
5486339606089543e-21
12044227792988292e-22
0.09832040737497914
0.08604075856947585
0.004137618831622921
0.03995763598404208
0.020115949455023426
0.0057718230565950894
0.012056820344947356
0.00048279255321820335
0.25975838708426235
1569912999502145e-24
0.07643744394227707
0.00034186869410396045
0.009597421745516742
0.010875959942310495
0.00015705203548756148
0.00017086361365127248
0.25759929136273235
0.0003934461686408461
0.055578378466722936
0.2136664013184668
1317922156859148e-21
2586163329728661e-21
0.00014471812944179217
12571411128248792e-21
0.0005943465486841644
17002960017449624e-21
1443227599343746e-22
10044036846810368e-22
1907684455378052e-20
0.07437132426066641
0.07513057153135282
43499133332800473e-21
0.00021266547760777802
0.019496438637017312
0.008138450364059257
0.08831305057842397
0.020066508057462563
27828562680656844e-21
0.13001040992362448
0.03814792198535558
5573477265923026e-22
0.2366369977606166
44589627872436673e-23
0.0037596050734079573
0.0009822124986285435
22994565953029753e-28
0.2402487632060441
0.2583596017598062
0.017998651565342697
0.23298023706355947
0.24272209770025507
0.007386230137786341
0.1763629438781608
22332184591334735e-26
46306092583301375e-22
0.0006292773906179964
9120348489506418e-20
0.12473037194585275
8645597634974225e-22
0.00011180991567400995
0.1520381877720934
0.0009288589416804283
0.011806868154666927
12200689253487698e-21
0.13089825807114464
0.09353829100672922
0.02110371669816762
31468709748072296e-21
0.0001534408095553195
12006679051046376e-23
0.013619794190801955
0.15309145024080623
8333314492130699e-24
11103254364581585e-21
9106305272727712e-21
9649888546806546e-20
10586363457389683e-21
0.2519709902031022
0.15200296547626344
0.0051461842543001944
0.0015475221685392448
0.041266631858992625
0.005871682090948344
6760239241460161e-20
0.028144764443360577
8323435595493451e-20
0.0007207863297927164
0.07878993226001177
9970375281558125e-22
0.25288023257549797
0.25198164557672625
0.0018269789795508015
0.0005369845309493697
5829910082118292e-24
0.0010304267700334078
10390421258158056e-24
0.010243680994307459
0.029033423734105418
0.0009036259978360622
0.00033759421036344013
0.0001545412610964055
26181785639232283e-22
0.006110968995045365
0.030324051112172387
0.02131813072290559
1125717590032981e-23
0.24309482517530942
0.065893870198268
0
0
817768608938598e-19
666157921992676e-19
10336378145388643e-22
7596602248804492e-22
0.0001934703932117565
0.00972199440465805
0.005381003646252635
1520423358754116e-23
0.0001314927916332079
732871160007784e-20
0.05542898369774239
0.013347308127717566
0.09697583194158958
38456353002312526e-23
0.05950911518883922
0.007669301120847062
0.00012013864271598065
0.11825498124823289
0.00029639604430368034
18549559457234617e-29
8514577035746225e-20
3736151838393579e-21
0.00012471052438215073
0.016257375871369162
0.003898762789989947
0.00016354200163494072
0.00015210728456406652
3799874505741636e-24
0.000514390309456628
0.02276886865514622
13135133503135098e-24
0.0018047908986240594
0.0017997421422421553
4418670486626396e-20
0.10406731868048319
4337175638705844e-20
0.25453470381772747
0.0019094572568653058
0.16887254373049648
0.003299002793884877
0.000700712754862171
0.000569179540400077
4475053848840272e-20
0.25983080103212663
12101940746798319e-21
21567467850658797e-21
0.008278560116902516
0.00643033801577878
21715984601058645e-24
872275317920729e-19
0.0030525066538258667
0.12584446158546472
0.02995209362754706
0.00010010938947246418
0.022844374218350595
0.0003540785306774231
0
0.10815765356729663
0.01228837275956112
0.2581042225476848
0.2504827870279661
0.2551774502305359
0.051393292964681925
0.029423072273286638
0.24777998092852913
0.2571061228288251
0.2453471391196359
0.24840913982920104
0.19207521167768848
0.0007650087427602926
0.015654963030265756
0.13324871438152644
0.23223163259699087
0.12968151057203797
0.00029920262442698146
0.026776266998781387
0.22224287799600295
0.10964246707772565
0.15523045893370502
