1.4158286666248663
2302748086192273e-38
4596891791881175e-27
0
33390961813520223e-21
2539688980652425e-25
3358215633842915e-20
0
3390846196604945e-20
0
0.0019642563364502446
0
3.2664717191534676
0
5.105611692046238
0
32.9868076443338
27.148600537852456
0.0008926021004267283
0.014228045587781069
43894368434694923e-91
72.6744666042037
2.2682850214875514
2760032512789274e-29
0
0.00021593238927896492
4387179904137742e-21
0.0016639564199577021
0.00691394654718145
0.009328638692999484
0.014610423980767638
26553017204005967e-22
2856565393211779e-24
0.0016159579316716438
29264765264886995e-22
2597393249439497e-22
31377523595018954e-30
0.0002500613872990092
0.0002860612487180188
2.490011546730485
2.8843813572966175
0
1.1029811938685934
0
4.3446706759230675
2.9523177267716827
4.201526472960085
0
5.3703809061536525
0
4.253488881324028
2.007576386008318
32.265102415355244
32.903134177844876
2.0342566693144244
14.331576985027304
62.12295999864953
1.292725696967469
0.04007486834620644
0.013270677313147995
11.34684148092696
34.649343406661316
0.5979655007674504
0.8780683926983476
2.12571543300762
1.006253476613943
75.36262912216066
0
70.59283121893377
0
14.73423109725448
0.022110773907362092
0.021881557503103242
4.134537503430132
5.622258235138594
1.134975199415065
1.907824607964323
0
0.0011535168643036033
0.1932486237419246
0.06919887372278266
0.02765291314530932
0.03343778535326978
0.0002840269660925011
0.0001717537140826642
0.0013325418684466948
2.064854267033265
0.41505320973393983
0.005224177422298462
0.03426438242211432
0.017572712725751633
0.08363526784887157
0.011838434905635683
14386718636219342e-23
0.06728904891633619
0.6056671707272825
0.019691468629943146
29362373390621674e-27
24407909075316963e-22
0.0006529716750846934
0
0.8097764974952661
0.43466460134973345
0.14957234678475256
0
0.31640999541826215
0.00019870257145338365
0.05815387507440535
0
0.00010563718716452976
0
0.12431576648601386
0.5959369056797623
0
0
0
0
2405375694771217e-21
0.35726562873446027
34713841560317866e-23
30185696492886207e-22
0.3686514701652966
0.2660403148955848
0.18297546718512825
0.5096824650652017
0.032152086748016805
0.5025156064119525
0.0011239012279370994
0.5135178659244142
948849575935191e-21
0.004444594886220404
0.4192115100040379
0.001167307709162259
9612363412827456e-30
0.004796131967436493
0.02474278073309275
0.19973197241802285
0.02269386466034638
0.03777196888635205
0.049670125670841475
0.13935279418625243
0.24109697041278605
0.18916660271935054
0.24625654381783282
5711062085879912e-31
0.1572603661227285
0.1572689508317539
0.43842928149117855
0.5408926588711649
0.0003485532162124252
0.5333486066262253
0.6311155173148969
11.896617086581465
2.118565060011063
2.8192334123449836
0.09081538577209951
0.49478777122174883
2.6616510686748414
4.239385832367075
0.5778490161615266
5.138511372078292
7.231110273745674
4.5942316105560685
2.475489392507225
2.9396495577792527
0.6613678858676216
31.476425628359227
619.0856860419439
4.00204841483315
3921.523105336316
1.0999811521364335
23.21835384948245
1.1686828524743664
45.01880785208944
1.3055907872462806
1.3969001576818991
1.0999801406684309
0.8740500777573077
1.0757403095579623
67.58616360896164
0
0.0007904435007383357
0.0008315947257598698
0
0.008150701008997438
0.007186498960570588
0.006688413407559926
0.004972022900416343
0.0060495910213831106
0.009442616185645836
0.005141347150095721
0.010449886050509685
0.004174862428513762
0.006501755812246046
0.008848948844718716
0.017545293063180225
0.006614336359056738
0.008617239448718294
0.007217120369469203
0.00908040415128654
0.005831122420714664
0.01158836363829251
0.016701591125752584
0.012093867002848526
0.007383808293807236
0.0018996564232187688
0.007424498839364425
0.02274062797832397
0.0701324622355289
0.04096326994285377
0.10920995003304851
9119602202275773e-20
0.0100732862720085
0.20141127712654297
4806094785183842e-21
0.071879661589522
0.010887789622969093
0.0012689870768709613
5486339606374119e-21
1204422779312544e-21
0.09832051505877928
0.08604083908964674
0.00413761899443675
0.03995765201360321
0.020115953394599276
0.005771823374162213
0.01205682174337574
0.00048279255542341
0.2597600807950211
15699129995021683e-25
0.07643750636732058
0.00034186869520946384
0.009597422628441129
0.010875961078260648
0.0001570520357208078
0.00017086361392735274
0.2576012474699375
0.00039344617010519245
0.055578410285009656
0.21366711119672602
13179221568755695e-22
25861633297918942e-22
0.00014471812963983812
12571411129742984e-21
0.0005943465520267025
1700296002018295e-20
14432275993457151e-23
10044036846905746e-22
1907684455722129e-20
0.07437138313531667
0.07513063169690144
4349913335069083e-20
0.00021266547803549442
0.019496442334236756
0.008138450997604296
0.08831313577539855
0.020066511977405575
27828562687978845e-21
0.13001061149210166
0.03814793655370538
5573477265952395e-22
0.23663798932513225
44589627872624646e-23
0.00375960520775859
0.000982212507762245
22994565953029753e-28
0.2402498132818829
0.25836151746678415
0.01799865470926355
0.232981174604559
0.24272439248773622
0.0073862306590611855
0.1763633640008624
22332184591334785e-26
4630609258532864e-21
0.0006292773943651598
9120348497371624e-20
0.1247305552410512
8645597635044892e-22
0.00011180991579222166
0.1520384788904183
0.0009288589498481802
0.011806869495223
12200689254895065e-21
0.130898462825464
0.09353838755406976
0.02110372104058546
31468709757435154e-21
0.00015344080977796159
12006679051060005e-23
0.013619795979401992
0.1530917462325994
8333314492131355e-24
11103254365747155e-21
9106305273511723e-21
9649888555611662e-20
10586363458449257e-21
0.25197228942639355
0.15200325643262172
0.005146184506525948
0.0015475221912304997
0.04126664899191467
0.005871682419646312
6760239245781285e-20
0.028144772250040175
8323435602044149e-20
0.0007207863347095763
0.0787899988730288
997037528165211e-21
0.2528823455620802
0.25198378009007033
0.0018269790111899306
0.0005369845336776254
58299100821186136e-25
0.0010304267800865055
10390421258159078e-24
0.010243682001089249
0.029033432052944987
0.0009036260055658022
0.00033759421144146496
0.0001545412613222529
26181785639880364e-22
0.006110969351202618
0.03032406020518896
0.021318135155441804
11257175900331007e-24
0.24309711496786493
0.06589391572384906
0
0
8177686095709259e-20
6661579224122671e-20
10336378145489653e-22
759660224885905e-21
0.00019347039356573683
0.009721995310815879
0.005381003922114658
15204233587543345e-24
0.00013149279179670717
7328711600585638e-21
0.05542901533722971
0.013347309844776825
0.09697593642040295
38456353002452345e-23
0.05950915191136324
0.007669301683072559
0.0001201386428524611
0.11825514364872718
0.00029639604513459846
18549559457234617e-29
851457704260126e-19
37361518385255512e-22
0.0001247105245292173
0.01625737842976018
0.003898762934499112
0.0001635420018878649
0.0001521072847828551
3799874505741772e-24
0.0005143903119600448
0.022768873722589646
13135133503136733e-24
0.0018047909294983855
0.0017997421729437654
4418670488472438e-20
0.10406744073002831
4337175640484417e-20
0.2545360814582851
0.001909457291429647
0.16887292021243083
0.0032990028972644052
0.0007007127595088475
0.0005691795434654259
4475053850733728e-20
0.25983254029581476
12101940748182997e-21
2156746785505667e-20
0.00827856077258243
0.006430338410317084
21715984601063105e-24
8722753186401646e-20
0.0030525067423026794
0.1258446486418719
0.029952102493748484
0.00010010938956722794
0.022844379320042164
0.0003540785318633232
0
0.10815778651868671
0.012288374212712606
0.2581057545814372
0.2504840467464198
0.25517885042270133
0.05139331998146913
0.02942308082205896
0.24778219911091656
0.25710760227096346
0.2453493966900593
0.24841034963101155
0.1920757370530212
0.0007650087482993365
0.015654965400449774
0.1332489277313355
0.23223255963260225
0.12968171096872771
0.00029920262527371343
0.026776274049898994
0.22224367924508076
0.10964260412985448
0.1552307650044261
