1.4158469795452495
22953638166153055e-39
45907262775784484e-28
0
3338547665232971e-20
2539269930965817e-25
33576514164707065e-21
0
3390273442302602e-20
0
0.00196410351851626
0
3.2632049326021177
0
5.104449321268599
0
32.986619497439506
27.14867091525208
0.0008920138868085223
0.014213634637073596
4382251899918028e-90
64.74157625650979
2.0576450109471005
27562352967811645e-30
0
0.0002158648037111461
43855604157972495e-22
0.0016638865841991255
0.006913945213256095
0.00932796873023727
0.014609810863242055
26552833492325024e-22
2856359994980406e-24
0.001615841884208975
29264533668201497e-22
2597259344400761e-22
31376811377207424e-30
0.00024998325760521457
0.0002859718646823448
2.4885310925561854
2.883543378037619
0
1.1029643039234196
0
4.332131846230043
2.9502727753819604
4.201102348907824
0
5.370321149406359
0
4.253048296475322
2.006611819843058
32.26522224859083
32.90329295237142
2.040848536129306
14.316289385158395
62.062779094618136
1.2926021770183358
0.04015307748541215
0.013250465084197074
11.363512570064684
34.648999161387266
0.5979911664604257
0.8782528478749472
2.1255011192646256
1.006183162167438
75.37672746163311
0
70.6133157627387
0
14.733771449455112
0.02214167566372749
0.021930358064145047
3.5893258074242254
5.504413443072445
1.027758641853634
1.4545571093940004
0
0.0011537791142550962
0.19308947249065736
0.06919955432254686
0.02765274555828759
0.033444760318489745
0.0002832472919033483
0.00017127589005561656
0.0013325005568294345
2.06487760346289
0.41505047716045085
0.005223579551640067
0.013104153532731776
0.01506772817861392
0.07587239236661586
0.01183975367676506
14384776914181691e-23
0.06729189913564733
0.6054891903334252
0.019691872351937315
2935703377859067e-26
24403960706013586e-22
0.00035040400960684387
0
0.8097714034024076
0.43464815786556826
0.14960442245040098
0
0.31640330477733236
0.0001981826031584977
0.05814746519305862
0
0.00010552186007271886
0
0.12431565500466402
0.5959304568673774
0
0
0
0
2405343907399097e-21
0.3572644494428537
347096882815243e-21
30175261808385076e-22
0.3686500167831925
0.266037967932127
0.18297622152942397
0.5096357528910835
0.03220283053459087
0.5024875413175308
0.0011238999343637223
0.5135170229530509
9488491047299497e-22
0.00445188729976068
0.4192104975695177
0.001167235428908373
9607323574805444e-30
0.004784070117132787
0.02474083591876337
0.19973099319229018
0.02269434232959469
0.03777276579115839
0.04966654026906306
0.13934631010363097
0.24109625255608622
0.1891697088907278
0.24625865959669993
570810433093221e-30
0.157260142175114
0.1572684489898828
0.43842796626696406
0.5408914426131345
0.0003485619545646041
0.5333381150030805
0.631125778885707
11.896779021103331
2.1185665678325334
2.819235970971408
0.0908149554594708
0.49479363212307226
2.6616543296646245
4.239392176428477
0.5778471168680632
5.13855850692899
7.231192482616194
4.594248619578679
2.4754906520333924
2.9396821324189855
0.6613763395061515
31.47506713312848
619.0856795837971
4.002048411553212
3921.4722599194874
1.0999811518926494
23.218353840311774
1.168682673182661
45.01880250181786
1.3055908641023224
1.3969001554732985
1.0999801404245897
0.8740476439607606
1.0757396927587661
67.58709843818589
0
0.00079044887657556
0.0008315927665729369
0
0.008150639636639156
0.00718654760450679
0.0066884473848329235
0.0049719926147600985
0.006049622256944508
0.009442679987412411
0.005141334248494832
0.010450033531678617
0.004174840748156375
0.006501788567298025
0.00884903036348601
0.017545533862182626
0.006614358737786707
0.008617335438216137
0.0072171593913365785
0.009080509693396256
0.005831177257404153
0.011588504133157315
0.016701719335252396
0.0120939910837789
0.00738388373385933
0.0018996563569545707
0.007424497819116195
0.022740618187514383
0.0701323615936176
0.04096323725870914
0.1092096868950952
9119602187043474e-20
0.010073284386692622
0.20141011786514412
4806094784760838e-21
0.07187955554031936
0.010887787417822755
0.0012689870473280226
5486339605822897e-21
12044227792859787e-22
0.09832030647686182
0.086040683123263
0.004137618679068631
0.03995762096457189
0.020115945763696297
0.0057718227590391235
0.012056819034639541
0.0004827925511519553
0.2597568001108388
15699129995021228e-25
0.07643738545092504
0.0003418686930681191
0.009597420918228936
0.010875958877941093
0.0001570520352690129
0.0001708636133925891
0.25759745853094246
0.0003934461672687739
0.055578348653446956
0.21366573617454257
13179221568437615e-22
25861633296694124e-22
0.00014471812925622585
12571411126848754e-21
0.0005943465455522527
17002960014888542e-21
1443227599341901e-22
10044036846721002e-22
19076844550556563e-21
0.07437126909597952
0.07513051515711354
43499133316037454e-21
0.0002126654772070137
0.019496435172774704
0.008138449770436405
0.08831297075011728
0.020066504384531125
2782856267379623e-20
0.13001022105704593
0.038147908335019305
5573477265895508e-22
0.23663606868221462
4458962787226055e-22
0.003759604947523286
0.0009822124900703921
22994565953029753e-28
0.24024777930373994
0.2583578067818787
0.01799864861953304
0.2329793586040946
0.24271994753596163
0.007386229649359089
0.1763625502299356
2233218459133469e-25
4630609258140187e-21
0.0006292773871069562
912034848213683e-19
0.12473020020104329
8645597634908011e-22
0.0001118099155632472
0.1520379149987742
0.0009288589340273582
0.011806866898584649
12200689252169013e-21
0.1308980662194833
0.09353820054330318
0.021103712629383257
31468709739299434e-21
0.00015344080934670694
12006679051033607e-23
0.013619792514908788
0.15309117290112842
8333314492130085e-24
11103254363489461e-21
9106305271993106e-21
9649888538556277e-20
1058636345639688e-20
0.2519697728550113
0.15200269285470427
0.005146184017968181
0.0015475221472778546
0.0412666158056892
0.0058716817829629325
6760239237411327e-20
0.028144757128612242
8323435589355539e-20
0.0007207863251856869
0.07878986984459158
997037528147006e-21
0.252878252752454
0.2519796455837921
0.0018269789499053782
0.0005369845283930319
5829910082117991e-24
0.0010304267606137953
103904212581571e-22
0.010243680050967003
0.029033415939470508
0.0009036259905934032
0.0003375942093533458
0.00015454126088478964
2618178563862504e-21
0.006110968661330987
0.030324042592144693
0.02131812656968159
11257175900328688e-24
0.24309267969107612
0.06589382754145971
0
0
8177686083461157e-20
6661579215995247e-20
10336378145293997e-22
759660224875337e-21
0.00019347039288008185
0.009721993555600833
0.005381003387773767
15204233587539116e-24
0.00013149279148001134
7328711599602041e-21
0.05542895405199883
0.013347306518857103
0.09697573404649547
3845635300218152e-22
0.059509080780365084
0.0076693005940496215
0.00012013864258810036
0.11825482908142883
0.00029639604352512164
18549559457234617e-29
8514577029323154e-20
37361518382699226e-22
0.00012471052424435137
0.016257373474192694
0.0038987626545868717
0.0001635420013979543
0.00015210728435906463
3799874505741508e-24
0.0005143903071109611
0.02276886390702317
13135133503133568e-24
0.0018047908696952454
0.0017997421134751737
4418670484896681e-20
0.10406720432188529
43371756370393444e-21
0.254533412994435
0.0019094572244789992
0.1688721909729172
0.0032990026970196994
0.0007007127505082996
0.0005691795375278876
44750538470661306e-21
0.2598291713767846
12101940745500896e-21
2156746784653805e-20
0.008278559502539596
0.006430337646101894
21715984601054462e-24
8722753172466279e-20
0.0030525065709243247
0.12584428631646286
0.029952085320041906
0.00010010938938367186
0.022844369438137523
0.0003540785295662511
0
0.10815752899383994
0.012288371397978526
0.2581027870616001
0.2504816066950291
0.255176138276906
0.051393267650340635
0.02942306426320802
0.2477779025404759
0.257104736619825
0.24534502382637108
0.2484080062670627
0.19207471940960644
0.0007650087375702853
0.015654960809436586
0.13324851447603
0.23223076398086323
0.12968132280340539
0.00029920262363360535
0.026776260391983858
0.22224212723937264
0.10964233866194091
0.15523017215024013
