1.4158463239872556
22956277292729178e-39
4590946845172751e-27
0
3338567014667706e-20
25392849273366625e-26
3357671605336747e-20
0
339029394291261e-19
0
0.001964107131705704
0
3.263322406266747
0
5.104490947856749
0
32.98662623518451
27.148668462578513
0.0008920350274414805
0.01421414721409645
438250885445112e-89
65.41835368733216
2.0758315257374123
27563713443747848e-30
0
0.00021586722274493527
4385618901294743e-21
0.0016638890837084124
0.006913945261007362
0.009327992709827988
0.014609832807486184
2655284404132645e-21
28563673433595278e-25
0.0016158460378283192
2926454633706494e-21
25972641340977074e-23
31376841565663234e-30
0.0002499860540321628
0.0002859750639310432
2.4885973467903706
2.883573402259452
0
1.1029650308441825
0
4.332780468692273
2.9503463995556776
4.201117141493177
0
5.370323290439684
0
4.25305690326647
2.006652529793383
32.26521809312882
32.903287430102125
2.04061251161959
14.316839092685312
62.06631415319101
1.2926046611812896
0.040151580906346566
0.013251369716785259
11.363196218351115
34.64901148038419
0.597990244668531
0.8782509917380354
2.125505239834968
1.0061857034528232
75.37660806102048
0
70.6125851580671
0
14.733774440998154
0.022141114598445005
0.02192865586807786
3.6349373095209843
5.511550364764338
1.036997952446738
1.4879053556119823
0
0.0011537757868053337
0.19309515554721843
0.06919952726145637
0.02765275142837389
0.03344468563541194
0.00028328878169563783
0.00017130126609108117
0.0013325021247182097
2.064876705353764
0.41505057498963943
0.0052235960138835875
0.013914814190724293
0.015273330647016541
0.07654285466981053
0.011839706107817474
143848463973618e-21
0.0672917899365241
0.6054948420217969
0.019691856547387032
2935722373309262e-26
24404087426424763e-22
0.0003664216698420686
0
0.8097715844432728
0.4346488369302621
0.1496040848185181
0
0.3164035443049659
0.00019820053354287884
0.05814757798161748
0
0.00010552600660190445
0
0.12431565899537216
0.5959306894760878
0
0
0
0
24053449319282195e-22
0.35726449165100044
34709836900424257e-23
30175635277086283e-22
0.3686500688108118
0.2660380474973992
0.18297619276085625
0.5096366795372168
0.032201845818136426
0.5024885952562146
0.0011238999794459716
0.5135170531624419
9488491215979438e-22
0.00445174589347317
0.41921052688112076
0.0011672379841810975
9607503841739687e-30
0.004784489678567915
0.024740905536231515
0.19973102824625086
0.022694324145171647
0.03777273603127835
0.049666668613710045
0.13934654216804615
0.24109627825369384
0.1891695922630831
0.24625857497224565
5708209989466361e-31
0.15726014340998193
0.15726846663169786
0.4384280133487859
0.5408914861523126
0.0003485616409089052
0.5333380054463485
0.6311253952364356
11.896772774441928
2.1185665138491308
2.819235879350692
0.0908149708609781
0.49479340604117183
2.661654212913378
4.239391949255864
0.5778471848454396
5.138556655589451
7.231189241743141
4.5942478664651425
2.4754905700627146
2.939680840134848
0.6613760189890017
31.475136119545507
619.085679814983
4.002048411670626
3921.474080050324
1.0999811519013762
23.21835384064006
1.1686826796008674
45.018802693344554
1.3055908615085108
1.396900155552361
1.0999801404333187
0.8740477310846754
1.0757397148386705
67.58706498657666
0
0.0007904486614840156
0.000831592836700924
0
0.008150641833499707
0.007186545629548425
0.006688445827297941
0.004971993453226345
0.006049620827493388
0.009442677386969895
0.005141334451635556
0.010450027719627181
0.004174841315445071
0.006501787063040505
0.0088490270209607
0.01754552435283842
0.006614357620145322
0.008617331570984021
0.007217157631218337
0.009080505464115783
0.005831175008621768
0.011588498483389578
0.016701713893511775
0.012093986041001219
0.0073838806569530785
0.0018996563593266678
0.007424497855638598
0.022740618538001474
0.07013236519635066
0.04096323842872154
0.10920969631478278
9119602187588753e-20
0.010073284454182338
0.20141015936376655
4806094784775981e-21
0.07187955933662009
0.01088778749676162
0.0012689870483855881
548633960584263e-20
12044227792869299e-22
0.09832031394357935
0.08604068870647519
0.0041376186903580425
0.03995762207605125
0.020115946036864008
0.005771822781059032
0.012056819131605697
0.000482792551304863
0.25975691755063546
15699129995021245e-25
0.07643738977943451
0.00034186869314477405
0.009597420979450365
0.010875958956707173
0.00015705203528518604
0.00017086361341173232
0.2575975941647781
0.00039344616737031085
0.05557835085970577
0.21366578539683856
13179221568449e-19
2586163329673797e-21
0.00014471812926995827
12571411126952361e-21
0.0005943465457840224
17002960015078068e-21
14432275993420377e-23
10044036846727615e-22
19076844550795145e-21
0.07437127317830731
0.07513051932895129
4349913331727796e-20
0.00021266547723667128
0.019496435429137576
0.008138449814366027
0.0883129766576155
0.020066504656337508
27828562674303935e-21
0.13001023503365078
0.038147909345179254
5573477265897544e-22
0.2366361374362891
44589627872273577e-23
0.0037596049568390764
0.0009822124907037173
22994565953029753e-28
0.24024785211491154
0.25835793961445036
0.01799864883753054
0.2329794236122486
0.24272010665301566
0.0073862296855039655
0.17636257936089006
2233218459133469e-25
46306092581542435e-22
0.0006292773873667822
9120348482682197e-20
0.12473021291059432
8645597634912911e-22
0.00011180991557144392
0.152037935184687
0.0009288589345937051
0.011806866991537974
122006892522666e-19
0.13089808041699175
0.09353820723782717
0.021103712930483774
3146870973994865e-20
0.00015344080936214482
12006679051034552e-23
0.0136197926389292
0.15309119342496308
8333314492130131e-24
11103254363570283e-21
910630527204747e-20
9649888539166817e-20
10586363456470348e-21
0.2519698629417102
0.15200271302938645
0.005146184035457359
0.0015475221488512525
0.04126661699367488
0.005871681805754647
6760239237710952e-20
0.02814475766992243
832343558980976e-19
0.0007207863255266191
0.07878987446349206
9970375281476579e-22
0.2528783992639375
0.2519797935878867
0.001826978952099216
0.0005369845285822075
5829910082118012e-24
0.0010304267613108708
1039042125815717e-23
0.010243680120776628
0.02903341651629353
0.0009036259911293787
0.0003375942094280954
0.00015454126090044975
2618178563866998e-21
0.006110968686026711
0.03032404322264865
0.021318126877030857
1125717590032877e-23
0.2430928384617975
0.06589383069817266
0
0
8177686083899609e-20
666157921628619e-19
10336378145301002e-22
7596602248757154e-22
0.00019347039290462662
0.009721993618433256
0.0053810034069018695
1520423358753927e-23
0.0001314927914913483
7328711599637252e-21
0.05542895624585981
0.013347306637916924
0.09697574129098169
3845635300219122e-22
0.059509083326680284
0.00766930063303399
0.00012013864259756383
0.11825484034215832
0.00029639604358273696
18549559457234617e-29
8514577029798477e-20
37361518382790735e-22
0.00012471052425454886
0.01625737365158993
0.0038987626646070487
0.0001635420014154919
0.0001521072843742353
3799874505741517e-24
0.0005143903072845465
0.022768864258396495
1313513350313368e-23
0.0018047908718360523
0.0017997421156040047
4418670485024684e-20
0.10406721278471236
43371756371626697e-21
0.25453350851846557
0.0019094572268756691
0.16887221707786318
0.0032990027041879724
0.0007007127508304974
0.000569179537740437
4475053847197422e-20
0.2598292919751353
12101940745596908e-21
21567467846842995e-21
0.008278559548004036
0.0064303376734589366
21715984601054773e-24
8722753172965131e-20
0.0030525065770592528
0.12584429928681296
0.029952085934818653
0.00010010938939024272
0.02284436979188559
0.00035407852964848075
0
0.1081575382125923
0.012288371498739147
0.2581028932910014
0.25048169404252196
0.25517623536462924
0.051393269523666796
0.029423064855974436
0.24777805634595823
0.2571048392026124
0.24534518036290673
0.24840809015340912
0.19207475583867167
0.0007650087379543593
0.015654960973783667
0.13324852926954237
0.232230828260587
0.12968133669875948
0.00029920262369231723
0.02677626088090387
0.2222421827972139
0.10964234816503524
0.15523019337293847
