1.4158576166803398
22910865564864938e-39
4587148811638194e-27
0
3338246365643548e-20
25390266483684225e-26
3357324013067518e-20
0
3389940825675863e-20
0
0.0019641273899080195
0
3.261278346630875
0
5.103773707004604
0
32.986510143730015
27.14870774930995
0.0008916677378183302
0.014205434140221459
43780847271223125e-91
31.981904194679792
1.103018748951849
2754023184389673e-29
0
0.00021582555606854522
4384597552684481e-21
0.0016638460315133638
0.0069139444384404836
0.009327579657856088
0.014609454834146262
26552556004243894e-22
28562407593609092e-25
0.0016157744911286798
2926421092537996e-21
25971816241105614e-23
31376195919319855e-30
0.00024993788699242866
0.00028591995842795927
2.486894461160857
2.8830556144325055
0
1.1029492622057882
0
4.316222308557707
2.9490639245908947
4.200872316990362
0
5.370286390196566
0
4.253209611832222
2.005690615661
32.26528642174035
32.903378644351044
2.04467661464088
14.307274450786549
61.94516915725868
1.2926430849688306
0.04012276311194952
0.013227661838208265
11.356892072233034
34.648799534407544
0.5980062081861877
0.8780832849933229
2.1255834334133517
1.0061428880682322
75.36248748809575
0
70.62507981274842
0
14.73428831313793
0.022127924379038596
0.021957360754462342
1.599360817166809
5.275243016527746
0.546668577904566
0.45257142085573787
0
0.001153578273269131
0.19299751141549656
0.06920011325295626
0.027652658865523073
0.033438623866923006
0.000282199910605272
0.00017063625320413685
0.0013324727313393592
2.064895006370174
0.41504888966767856
0.005223520240165122
0.001939948057125635
0.006465818875075722
0.04067325241819816
0.011840544936994284
1438364970048451e-22
0.06729390023172636
0.6054277572409823
0.01969217837857911
2935400202100285e-26
24402517179367763e-22
6588856432002786e-20
0
0.809768525208637
0.4346331044159866
0.14957586418642949
0
0.3163994180573229
0.00019791116623980856
0.05815052645279527
0
0.00010545386344380926
0
0.1243155902502236
0.5959266042301945
0
0
0
0
24053313233669286e-22
0.3572637646642198
34707277262306795e-23
3016920257767974e-21
0.3686491725781978
0.26603687412585775
0.182976735632436
0.5096520333946927
0.03218394037282056
0.5024691261305879
0.0011238992368318565
0.5135165324014946
9488488310286436e-22
0.004449165264718485
0.41921021272347825
0.0011671953799124789
960440354617686e-29
0.004777558952401024
0.02473970632279042
0.19973042440335012
0.02269468753015979
0.03777330337050754
0.049664457780625546
0.13934254666631088
0.2410958355838278
0.1891718424975516
0.24626042706970672
5706398868089182e-31
0.15726042337476154
0.15726817047354918
0.43842720231384213
0.5408907361420005
0.00034856706581947594
0.5333602508043342
0.6311327279377792
11.896900343833028
2.1185674438628155
2.8192374579809565
0.09081470558591621
0.494798022945024
2.6616562242830373
4.239395863464965
0.577846014018633
5.138595832879884
7.2312583075417125
4.594267243049156
2.475493894422518
2.939708708024115
0.6613823346195117
31.47303905920263
619.085675832556
4.002048409648046
3921.442726452771
1.0999811517510465
23.21835383498495
1.1686825690403493
45.01879939409091
1.3055908995951213
1.3969001541904216
1.099980140282953
0.8740462302821658
1.0757393344885964
67.58764094060673
0
0.000790453371355333
0.0008315916287466307
0
0.00815060399175305
0.00718659225011866
0.0066884878092928835
0.004971989918188148
0.006049659283841429
0.009442736238427086
0.005141342436396401
0.010450151485574008
0.004174840814315547
0.006501827704405836
0.008849104221484074
0.017545727691193298
0.006614390924982336
0.008617417327683532
0.007217204079940176
0.009080598349369851
0.005831226449919824
0.011588621919282295
0.016701845469716436
0.012094099593860997
0.007383950381550334
0.0018996563184647398
0.007424497226500882
0.022740612500484324
0.07013230313541598
0.040963218274001345
0.10920953405062436
9119602178195729e-20
0.010073283291599306
0.20140944450645829
4806094784515136e-21
0.07187949394127585
0.010887786136954646
0.001268987030167886
5486339605502717e-21
12044227792705478e-22
0.09832018532140073
0.08604059252967762
0.004137618495885774
0.03995760292962548
0.020115941331256257
0.005771822401742378
0.012056817461259266
0.0004827925486708633
0.25975489453096773
15699129995020968e-25
0.07643731521622742
0.0003418686918243103
0.009597419924845292
0.010875957599876638
0.00015705203500658595
0.00017086361308196944
0.25759525773573766
0.00039344616562122863
0.05557831285453176
0.21366493749131724
1317922156825286e-21
2586163329598268e-21
0.0001447181290334031
12571411125167627e-21
0.000594346541791542
1700296001181326e-20
14432275993396856e-23
10044036846613694e-22
19076844546685327e-21
0.07437120285584199
0.07513044746458164
4349913329590891e-20
0.00021266547672578722
0.01949643101301124
0.008138449057630974
0.0883128748946458
0.0200664999741801
278285626655582e-19
0.1300099942717771
0.038147891944089074
5573477265862465e-22
0.2366349530760372
44589627872049066e-23
0.0037596047963645487
0.0009822124797940074
22994565953029753e-28
0.24024659786707991
0.2583556514397653
0.017998645082288985
0.23297830377925804
0.24271736570482227
0.00738622906286954
0.17636207754947128
2233218459133464e-25
4630609257912098e-21
0.0006292773828909991
9120348473287637e-20
0.12472999397505911
8645597634828503e-22
0.00011180991543024643
0.15203758746095475
0.0009288589248377689
0.01180686539031685
12200689250585573e-21
0.13089783584982068
0.09353809191750227
0.021103707743703414
3146870972876522e-20
0.0001534408090962109
12006679051018273e-23
0.013619790502544072
0.1530908398801723
8333314492129347e-24
1110325436217807e-20
9106305271111014e-21
9649888528649588e-20
10586363455204745e-21
0.251968311105718
0.1520023654991134
0.005146183734187414
0.0015475221217477807
0.041266596529345966
0.0058716814131428065
6760239232549603e-20
0.028144748345272388
8323435581985308e-20
0.0007207863196536968
0.07878979489799039
9970375281364321e-22
0.2528758754575695
0.25197724406996935
0.0018269789143079956
0.0005369845253234539
5829910082117629e-24
0.001030426749302992
10390421258155951e-24
0.010243678918230647
0.02903340657989672
0.0009036259818966239
0.0003375942081404531
0.00015454126063068737
2618178563789587e-21
0.00611096826061625
0.03032403236154022
0.02131812158260906
1125717590032734e-23
0.24309010347947263
0.06589377632041052
0
0
8177686076346795e-20
6661579211274401e-20
1033637814518035e-21
7596602248691983e-22
0.00019347039248181636
0.009721992536077105
0.005381003077399688
15204233587536658e-24
0.0001314927912960572
7328711599030712e-21
0.05542891845425162
0.01334730458698334
0.09697561649697324
384563530020242e-21
0.059509039463671407
0.007669299961486243
0.00012013864243454536
0.11825464636410457
0.0002963960425902504
18549559457234617e-29
8514577021610511e-20
37361518381214403e-22
0.00012471052407888583
0.016257370595731645
0.0038987624919987057
0.00016354200111338776
0.00015210728411290422
37998745057413546e-25
0.0005143903042943509
0.022768858205612967
13135133503131735e-24
0.0018047908349583465
0.0017997420789325985
4418670482819687e-20
0.10406706700349008
43371756350382595e-21
0.2545318630190816
0.0019094571855904413
0.1688717673925936
0.0032990025807067454
0.0007007127452802947
0.0005691795340790441
4475053844935792e-20
0.25982721454637087
1210194074394299e-20
21567467841589977e-21
0.008278558764830085
0.0064303372022044
21715984601049443e-24
8722753164371864e-20
0.0030525064713785065
0.1258440758587384
0.02995207534462836
0.00010010938927705254
0.02284436369819455
0.0003540785282319873
0
0.10815737940975555
0.012288369763028962
0.2581010633811678
0.2504801893920608
0.2551745629291056
0.05139323725361398
0.02942305464493566
0.24777540689407818
0.25710307210924477
0.24534248386630386
0.2484066451246287
0.19207412830972082
0.0007650087313382718
0.01565495814272832
0.13324827443557535
0.23222972097554317
0.12968109733651562
0.0002992026226809419
0.0267762524587309
0.22224122575545283
0.10964218446410708
0.15522982778948852
