1.4158591396023483
2290475078868442e-38
4586636852961633e-27
0
33382072752183936e-21
2538991825067442e-25
3357277185908637e-20
0
33898932092730784e-21
0
0.001964155753056324
0
3.260996141958258
0
5.1036769504164505
0
32.98649448340792
27.14871207547373
0.000891617213749315
0.014204295650255239
43774883578648785e-91
23.273642856452877
0.8213331631249856
27537050891490144e-30
0
0.0002158199375550571
438445584459435e-20
0.0016638402262690397
0.006913944327509911
0.009327523955049571
0.014609403867463388
265524868047769e-20
2856223681055542e-24
0.001615764842580387
29264132237055304e-22
25971704899188965e-23
31376072981313174e-30
0.00024993139195148137
0.00028591252776447994
2.4864917542132745
2.882985629578566
0
1.1029462124517295
0
4.3128460176977015
2.9488865719886763
4.200842040254176
0
5.370281410972082
0
4.253323057330523
2.0054802041881916
32.26529475837334
32.903389889438735
2.0452240008957663
14.305954003383972
61.91010211092641
1.29267331518642
0.040102027491004694
0.013221925743474455
11.352412441376888
34.648771037040966
0.5980083800530821
0.8779992126118332
2.1256400000297115
1.0061374862578407
75.35560919806417
0
70.62673704807166
0
14.734531556577464
0.02211909483041524
0.02196109622304967
1.1340906995198967
5.214271774899152
0.40613542441791306
0.29986967559440697
0
0.0011534732957238097
0.19298440443370915
0.06920023158706805
0.0276526493533691
0.0334355470435737
0.000281971482883924
0.0001704968790797789
0.0013324680869651617
2.0648984050460824
0.41504866236760724
0.00522357425829179
0.0011903033672526204
0.004546730476723327
0.030286369038019234
0.01184066471446203
1438348834261343e-22
0.06729425420902602
0.6054280508030032
0.019692237361808095
29353583974779045e-27
24402494328507947e-22
41174526550329626e-21
0
0.8097681321714004
0.43462965811484816
0.14956159340732847
0
0.31639886158880565
0.00019787767447513652
0.05815242966895714
0
0.00010544390447510378
0
0.12431558097888837
0.5959260275988107
0
0
0
0
24053307530276316e-22
0.35726366664183246
3470693212619091e-22
30168335183840755e-22
0.36864905171297907
0.2660367805169446
0.18297682233826457
0.509663765153944
0.032170759165590444
0.5024661262067222
0.0011238991464692237
0.5135164621073548
9488487918427526e-22
0.004447268332937629
0.41921022514879447
0.0011671900970269095
9603987004726116e-30
0.004776704391292095
0.024739544601664352
0.19973034296955783
0.02269475309569776
0.037773397818101274
0.04966415963656988
0.13934200850368542
0.24109577588564232
0.1891722250669264
0.24626080617596452
570615751577172e-30
0.15726055993748284
0.15726813270947576
0.43842709293848614
0.540890634996144
0.0003485678039887055
0.5333695301115846
0.6311339542443107
11.896924095223063
2.118567569302179
2.819237670947885
0.0908146698175116
0.494798882499654
2.6616564955758513
4.239396391518177
0.577845856152649
5.138603506144051
7.231271964019498
4.594271956344056
2.475494981142896
2.939714305448881
0.6613834468692229
31.47245794026649
619.0856752954898
4.002048409375283
3921.4384981551657
1.0999811517307732
23.218353834222306
1.1686825541302621
45.01879894915668
1.3055909027064436
1.3969001540067516
1.0999801402626752
0.8740460278854808
1.0757392831949562
67.5877185383903
0
0.0007904543359972071
0.0008315914658578935
0
0.00815059888876235
0.007186603082504261
0.006688498440563233
0.00497199301925904
0.006049669007442881
0.009442748785433554
0.005141347279283408
0.010450175932461557
0.004174843787477875
0.006501838016187417
0.00884912111405598
0.017545768090064914
0.006614400025285038
0.008617435170280236
0.007217215634047361
0.009080617445839408
0.005831237554609469
0.011588647046417115
0.016701875623777028
0.012094123660077973
0.0073839652700501855
0.0018996563129541385
0.007424497141655963
0.02274061168627054
0.07013229476594068
0.04096321555595542
0.10920951216785044
9119602176928994e-20
0.010073283134814457
0.20140934810166564
4806094784479959e-21
0.07187948512212557
0.010887785953572364
0.0012689870277110638
5486339605456877e-21
12044227792683386e-22
0.09832016797554712
0.08604057955937304
0.004137618469659428
0.039957600347557146
0.020115940696662487
0.005771822350588091
0.012056817235997929
0.0004827925483156446
0.25975462170963654
15699129995020928e-25
0.07643730516070874
0.00034186869164623383
0.00959741978262225
0.010875957416895756
0.0001570520349690142
0.00017086361303749793
0.2575949426487281
0.00039344616538534907
0.05557830772919159
0.21366482314383056
1317922156822641e-21
2586163329588082e-21
0.00014471812900150152
1257141112492694e-20
0.0005943465412531198
17002960011372973e-21
14432275993393685e-23
10044036846598328e-22
1907684454613108e-20
0.0743711933722253
0.07513043777302535
43499133293027086e-21
0.00021266547665688989
0.019496430417456655
0.008138448955578399
0.08831286117099603
0.020066499342748824
2782856266437876e-20
0.13000996180289048
0.038147889597394964
5573477265857734e-22
0.23663479335477697
44589627872018784e-23
0.0037596047747231044
0.000982212478322734
22994565953029753e-28
0.2402464287208936
0.258355342860222
0.01799864457586069
0.2329781527600421
0.2427169960654857
0.007386228978901649
0.1763620098757628
2233218459133463e-25
46306092578794415e-22
0.0006292773822873991
9120348472020695e-20
0.12472996444964739
8645597634817119e-22
0.00011180991541120467
0.15203754056731889
0.0009288589235220924
0.011806865174377686
12200689250358871e-21
0.1308978028677561
0.09353807636552218
0.021103707044219176
3146870972725703e-20
0.0001534408090603473
1200667905101608e-22
0.0136197902144332
0.15309079220151559
8333314492129241e-24
11103254361990318e-21
9106305270984723e-21
9649888527231244e-20
10586363455034066e-21
0.25196810182730145
0.1520023186315672
0.005146183693558433
0.001547522118092632
0.04126659376954652
0.005871681360195544
6760239231853548e-20
0.028144747087759055
832343558093011e-19
0.0007207863188616801
0.07878978416786753
9970375281349183e-22
0.2528755351013349
0.2519769002463459
0.001826978909211507
0.0005369845248839814
5829910082117577e-24
0.0010304267476836206
10390421258155788e-24
0.010243678756056435
0.029033405239883816
0.0009036259806515033
0.0003375942079668029
0.00015454126059430748
2618178563779148e-21
0.0061109682032457965
0.030324030896821605
0.021318120868608396
11257175900327148e-24
0.24308973464467354
0.0658937689870799
0
0
817768607532823e-19
6661579210598514e-20
10336378145164081e-22
7596602248683194e-22
0.00019347039242479655
0.009721992390111577
0.005381003032963335
15204233587536307e-24
0.0001314927912697204
7328711598948915e-21
0.055428913357712724
0.013347304310396385
0.09697559966738248
38456353002001676e-23
0.059509033548349605
0.0076692998709219475
0.00012013864241256083
0.11825462020443034
0.0002963960424564046
18549559457234617e-29
8514577020506291e-20
3736151838100182e-21
0.0001247105240551961
0.016257370183621504
0.003898762468720907
0.00016354200107264629
0.00015210728407766134
3799874505741332e-24
0.0005143903038910959
0.022768857389340376
13135133503131472e-24
0.001804790829985054
0.001799742073987127
4418670482522324e-20
0.10406704734358667
4337175634751763e-20
0.25453164110939047
0.0019094571800227541
0.16887170674855112
0.0032990025640541832
0.0007007127445317995
0.0005691795335852721
44750538446307916e-21
0.25982693438754517
12101940743719942e-21
2156746784088156e-20
0.008278558659211985
0.006430337138651458
21715984601048725e-24
8722753163212985e-20
0.003052506457126501
0.125844045727468
0.029952073916445505
0.00010010938926178783
0.022844362876405212
0.00035407852804096037
0
0.10815735799377163
0.012288369528952733
0.258100816602235
0.25047998647700104
0.2551743373868567
0.05139323290170644
0.02942305326788481
0.24777504959364802
0.25710283380161836
0.24534212022156635
0.24840645025004457
0.19207404368191136
0.0007650087304460324
0.01565495776093489
0.13324824006894262
0.23222957164852365
0.12968106505638147
0.00029920262254454883
0.02677625132292475
0.22224109669001302
0.10964216238757199
0.15522977848731287
