1.415884514189153
2280314070920545e-38
45781151167888595e-28
0
33376111637608704e-21
25384140541471437e-26
335650070861962e-19
0
33891000339905565e-21
0
0.0019647919730106066
0
3.2561737712931755
0
5.102063626085654
0
32.986233400091926
27.148771239381166
0.0008907576595536992
0.014186051811052128
4367602298086323e-90
7.715046378027309
0.28387498025747726
2748391643895474e-29
0
0.0002157263446540509
4382047792506269e-21
0.0016637435254050288
0.006913942479210373
0.009326595622510158
0.014608554889895747
2654916961742615e-21
2855937337605608e-24
0.0016156040416464802
29260435936003614e-22
2596983337517155e-22
3137146741383567e-29
0.0002498231983642988
0.00028578874813334307
2.47780261876795
2.881808143146649
0
1.1028843694676183
0
4.250018604502523
2.945839682894319
4.200536982260656
0
5.370198381963643
0
4.256292675676942
2.001023927472714
32.265370767486445
32.90350161731375
2.054278030184051
14.28339210788213
61.16602348447723
1.293468155049424
0.03955854251236633
0.01310931754175925
11.234743213980698
34.648303439712116
0.5980447089935688
0.8758781746078151
2.1271174695818873
1.0060514735661832
75.18275060839181
0
70.65315970469764
0
14.74062185495906
0.021888616534872913
0.02198530545759226
0.35529443569014235
5.0397035587031995
0.13979277788956598
0.0856377401782716
0
0.0011508074908607147
0.19277014955706123
0.06920272594816065
0.02765253137601224
0.03335782359623627
0.0002776586493173312
0.00016786617713435538
0.001332382571909735
2.06496742498586
0.41504487432316267
0.005225223944277641
0.0003079838404286183
0.001417866552412393
0.010468523676875594
0.011842718179564938
14380799721246196e-23
0.06730102233436475
0.6055412756863452
0.019693421137258377
29346835543081266e-27
2440430507738549e-21
10890816702762744e-21
0
0.809761841790958
0.4345549481689882
0.14920129695699896
0
0.31638959096158714
0.0001975858826875409
0.05820169742363201
0
0.00010527375257618111
0
0.12431542645916902
0.5959160784726679
0
0
0
0
2405336143356258e-21
0.3572620343922763
34701181080823014e-23
30153886845812526e-22
0.3686470378791782
0.26603607972277765
0.18297842802236894
0.5099715156294325
0.0318236370682208
0.5024117494985281
0.0011238977533059896
0.5135152881916031
9488481389366008e-22
0.004397341941485389
0.41921114768887097
0.0011671081965018428
9597069028455127e-30
0.004768199360567637
0.024736850173798116
0.19972898613422524
0.02269606660991819
0.03777521012925179
0.04965919226847124
0.13933305065131923
0.2410947812028349
0.1891796515836645
0.2462688430918965
5702175508120774e-31
0.15726414924297447
0.1572676756890676
0.4384252705554148
0.5408889497205579
0.0003485799445637232
0.5335966991686696
0.631157545290524
11.897406930180566
2.1185696604006554
2.819241223590897
0.0908140741892336
0.49481635566820925
2.6616610181447724
4.239405200454172
0.5778432274545833
5.138763127622829
7.231557224214219
4.5943784184118295
2.475511571214023
2.9398320110969833
0.6614054443264336
31.45886653135164
619.0856663470099
4.002048404830566
3921.36804787444
1.099981151392983
23.218353821515333
1.1686823057017446
45.018791535762325
1.3055909307537368
1.3969001509464734
1.0999801399248064
0.8740426556017947
1.0757384285521825
67.58900622889276
0
0.0007904747929442784
0.0008315887526347347
0
0.008150513881398399
0.007186849326564306
0.006688741663305267
0.0049720922693048415
0.006049891345338481
0.009443019133589716
0.00514147804319942
0.010450686408937218
0.0041749337559518805
0.00650207407131279
0.00884948905883717
0.01754661399985485
0.00661461294411153
0.008617815941075241
0.007217478493824716
0.009081022998648776
0.00583147801777355
0.01158917794736383
0.016702543079636405
0.012094641040773988
0.007384286295904511
0.001899656221137732
0.007424495727988995
0.022740598120026392
0.0701321553157571
0.04096317026850706
0.10920914756259768
9119602155822953e-20
0.01007328052250065
0.2014077418333041
4806094783893843e-21
0.07187933817956971
0.010887782898098143
0.00126898698677604
5486339604693097e-21
12044227792315295e-22
0.09831987896325355
0.08604036345133896
0.004137618032681905
0.03995755732573499
0.020115930123205623
0.0057718214982668435
0.0120568134827444
0.00048279254239706916
0.2597500760636322
15699129995020296e-25
0.07643713761809412
0.00034186868867916285
0.009597417412933936
0.010875954368109583
0.00015705203434300216
0.0001708636122965236
0.25758969279596494
0.00039344616145517615
0.05557822233198651
0.21366291792051806
1317922156778568e-21
2586163329418367e-21
0.0001447181284699641
12571411120916648e-21
0.0005943465322820498
1700296000403699e-20
14432275993340827e-23
10044036846342342e-22
1907684453689636e-20
0.07437103535849726
0.07513027629466008
4349913324501092e-20
0.00021266547550893785
0.019496420494461705
0.008138447255201353
0.08831263251091845
0.020066488821984647
27828562644727167e-21
0.13000942081473776
0.0381478504973224
5573477265778906e-22
0.23663213213062825
4458962787151432e-22
0.003759604414138211
0.0009822124538087064
22994565953029753e-28
0.24024361046238876
0.25835020143093235
0.017998636137867455
0.23297563652595552
0.24271083730013854
0.007386227579847514
0.17636088231534794
22332184591334474e-26
4630609257335342e-21
0.0006292773722303519
9120348450911192e-20
0.12472947250485127
8645597634627444e-22
0.00011180991509393514
0.1520367592381462
0.0009288589016005856
0.011806861576448084
12200689246581631e-21
0.13089725332917593
0.09353781724227939
0.02110369538957218
31468709702127975e-21
0.00015344080846279613
12006679050979506e-23
0.013619785413995023
0.15308999779255683
8333314492127484e-24
11103254358862037e-21
9106305268880512e-21
9649888503599119e-20
10586363452190261e-21
0.2519646149025822
0.15200153773709293
0.005146183016607458
0.00154752205719136
0.041266547786410916
0.005871680478000128
676023922025604e-19
0.028144726135360697
8323435563348624e-20
0.0007207863056652736
0.07878960538516894
9970375281096943e-22
0.25286986422907726
0.25197117160285226
0.0018269788242949532
0.0005369845175615897
5829910082116712e-24
0.0010304267207020168
1039042125815305e-23
0.010243676053946247
0.02903338291289681
0.0009036259599055815
0.00033759420507348194
0.00015454125998815363
2618178563605207e-21
0.006110967247352168
0.0303240064920173
0.021318108972092145
1125717590032393e-23
0.24308358928386425
0.06589364680088096
0
0
8177686058357128e-20
6661579199337069e-20
10336378144892984e-22
7596602248536766e-22
0.00019347039147474547
0.009721989958066838
0.005381002292574772
1520423358753044e-23
0.00013149279083090302
7328711597586032e-21
0.055428828440387365
0.01334729970196704
0.0969753192569249
38456353001626366e-23
0.05950893498866368
0.007669298361960014
0.00012013864204625964
0.11825418433862493
0.0002963960402262956
18549559457234617e-29
8514577002107999e-20
3736151837745981e-21
0.00012471052366048278
0.016257363317135794
0.0038987620808714368
0.00016354200039382077
0.00015210728349045243
3799874505740968e-24
0.0005143902971721513
0.022768843788792837
13135133503127098e-24
0.0018047907471211613
0.001799741991586786
44186704775677177e-21
0.10406671977520776
4337175629978234e-20
0.25452794372808235
0.001909457087255195
0.16887069631424678
0.0032990022865929157
0.0007007127320605404
0.0005691795253581531
447505383954893e-19
0.25982226648813117
1210194074000359e-20
21567467829078088e-21
0.008278556899426963
0.0064303360797465965
2171598460103676e-23
8722753143903985e-20
0.0030525062196627654
0.12584354368802259
0.029952050120391403
0.00010010938900745055
0.02284434918393888
0.0003540785248581116
0
0.10815700116604827
0.012288365628827446
0.25809670486142017
0.2504766055757244
0.2551705794815462
0.051393160391248034
0.029423030323780183
0.2477690964093899
0.25709886320560343
0.2453360613333697
0.24840320331568636
0.19207263363771349
0.0007650087155797397
0.01565495139957926
0.13324766746107808
0.23222708360916106
0.1296805272131693
0.00029920262027199705
0.02677623239838308
0.22223894624147247
0.10964179455392277
0.1552289570277636
