1.4158819773397455
2281327873911094e-38
4578966372735222e-27
0
3337670326699309e-20
2538471569730574e-25
3356578006057049e-20
0
3389179313185267e-20
0
0.001964739566744258
0
3.256660043689099
0
5.102225022270867
0
32.98625951530124
27.148765424974727
0.0008908441764547329
0.014187845985432374
4368585519572388e-90
7.732117958478882
0.2845104329802543
27489225205680514e-30
0
0.00021573569987059745
4382288786103365e-21
0.0016637531911101052
0.00691394266399587
0.009326688454445013
0.014608639749186119
26549676502416824e-22
28559662006898037e-25
0.0016156201215146873
2926099861944058e-21
25970022634046357e-23
31372134924297087e-30
0.0002498340129737855
0.0002858011207116562
2.4786805391708433
2.8819268729847716
0
1.1028906254410338
0
4.256272898182724
2.9461483342281203
4.200550614071118
0
5.370206686220798
0
4.255989793013646
2.001475423027096
32.26536846964716
32.903496822408655
2.053378803765108
14.285666984517375
61.23588126491683
1.2933870789588933
0.039614157620937646
0.013119498562700817
11.24681805386531
34.64834954313383
0.5980410759944932
0.8760953282326386
2.1269667921146644
1.0060600477712345
75.20044644752643
0
70.65060750402479
0
14.739998730651545
0.021912258160404898
0.02198639362855998
0.35655981046053153
5.039886127351647
0.14010328106355785
0.0858474825799282
0
0.0011510805182103293
0.1927912050622129
0.06920247249419634
0.02765254285838904
0.033365781948751935
0.00027808828504363476
0.00016812821378795907
0.001332391173636818
2.0649604275476268
0.4150452531077447
0.005225054863749602
0.00030876489825173916
0.001421508681237675
0.010491885216523389
0.01184251559713339
14381068537426808e-23
0.06730033953888086
0.6055293789570969
0.019693301298722713
2934750860814308e-26
24404112245098944e-22
10918186099164705e-21
0
0.8097624688119406
0.43456252059888656
0.1492381853364416
0
0.3163905176961394
0.00019759458946110622
0.05819666039881332
0
0.00010529090794104119
0
0.12431544191127704
0.5959170757867112
0
0
0
0
24053356823268778e-22
0.35726219749220844
34701756104081247e-23
30155330994513335e-22
0.36864723921458437
0.266036143069429
0.18297826647878582
0.509940127632799
0.031859249376117324
0.5024172066323783
0.0011238978923638295
0.5135154057864237
9488482042115031e-22
0.004402461993543151
0.4192110451567206
0.0011671163393354677
9597760287130609e-30
0.00476856646737373
0.024737119540251894
0.19972912178548924
0.022695933552068566
0.03777502706600627
0.04965968886547161
0.1393339461450146
0.24109488064765322
0.18917890086634429
0.24626802611850762
5702573195182242e-31
0.15726378014490108
0.1572677062935242
0.43842545274953054
0.5408891182081511
0.0003485787553953271
0.533573626295853
0.6311551619636934
11.897357975775126
2.1185694512479585
2.8192408680384946
0.09081413370818386
0.49481458408274565
2.661660565789471
4.2394043188348585
0.5778434901181829
5.138746922356902
7.231528257205234
4.59436755655201
2.4755106214343505
2.9398200541444623
0.6614032179671978
31.460250257395863
619.0856672416431
4.002048405284929
3921.375091153978
1.099981151426754
23.218353822785726
1.168682330538629
45.0187922769237
1.305590928130724
1.396900151252428
1.099980139958585
0.8740429927487894
1.0757385139959081
67.5888779310693
0
0.00079047271320367
0.0008315890238222885
0
0.008150522378549298
0.007186824188527847
0.006688716831011174
0.004972081975007348
0.006049868647532426
0.009442991628488091
0.005141464579251568
0.010450634567588473
0.004174924446220477
0.0065020499700074
0.00884945159783664
0.017546528079371418
0.006614591178772195
0.008617777221339211
0.007217451665099213
0.00908098177091422
0.0058314535428928655
0.011589123994291347
0.016702475061058968
0.012094588406460716
0.007384253631378227
0.001899656230317168
0.007424495869321736
0.022740599476324702
0.07013216925741463
0.04096317479616224
0.10920918401431359
9119602157933048e-20
0.010073280783669276
0.20140790242099557
480609478395244e-20
0.07187935287028352
0.01088778320357216
0.0012689869908685592
5486339604769456e-21
12044227792352094e-22
0.09831990785750518
0.08604038505692894
0.004137618076369163
0.03995756162688212
0.020115931180297177
0.005771821583478498
0.012056813857979581
0.0004827925429887846
0.25975053051550756
1569912999502036e-24
0.07643715436831618
0.0003418686889757987
0.009597417649845843
0.010875954672914957
0.00015705203440558832
0.00017086361237060325
0.25759021765037254
0.0003934461618480991
0.055578230869650636
0.2136631083963384
1317922156782974e-21
25861633294353345e-22
0.00014471812852310511
12571411121317581e-21
0.0005943465331789413
17002960004770412e-21
1443227599334611e-22
10044036846367935e-22
19076844537819613e-21
0.07437105115606087
0.07513029243860371
4349913324981139e-20
0.00021266547562370547
0.01949642148652271
0.008138447425198213
0.08831265537140917
0.020066489873808203
27828562646691853e-21
0.130009474900462
0.038147854406389015
5573477265786787e-22
0.23663239818779758
44589627871564754e-23
0.0037596044501880406
0.0009822124562595205
22994565953029753e-28
0.24024389221908224
0.25835071544580634
0.017998636981463995
0.23297588808772385
0.24271145302176336
0.007386227719719323
0.17636099504399108
2233218459133449e-25
4630609257389739e-21
0.0006292773732358152
9120348453021636e-20
0.12472952168743141
8645597634646407e-22
0.00011180991512565448
0.1520368373521222
0.0009288589037922099
0.011806861936154605
12200689246959264e-21
0.1308973082697351
0.09353784314834952
0.021103696554756746
31468709704640275e-21
0.0001534408085225369
12006679050983164e-23
0.013619785893923502
0.15309007721419257
833331449212766e-23
11103254359174789e-21
9106305269090881e-21
9649888505961765e-20
10586363452474573e-21
0.2519649635091581
0.15200161580760974
0.005146183084286297
0.0015475220632800246
0.041266552383618066
0.005871680566198481
6760239221415512e-20
0.02814472823009674
832343556510635e-19
0.0007207863069845974
0.07878962325912776
9970375281122161e-22
0.2528704311744173
0.2519717443237907
0.0018269788327845693
0.000536984518293653
5829910082116799e-24
0.0010304267233995292
10390421258153324e-24
0.010243676324092354
0.02903338514505864
0.0009036259619796755
0.0003375942053627446
0.00015454126004875446
2618178563622597e-21
0.006110967342918572
0.030324008931910864
0.021318110161457824
11257175900324252e-24
0.24308420366539846
0.06589365901655683
0
0
8177686060053831e-20
6661579200462943e-20
1033637814492009e-21
7596602248551406e-22
0.00019347039156972776
0.009721990201212888
0.005381002366595846
1520423358753103e-23
0.00013149279087477423
7328711597722287e-21
0.05542883693007509
0.01334730016269925
0.0969753472912012
38456353001663884e-23
0.0595089448422584
0.0076692985128199625
0.00012013864208288096
0.11825422791466755
0.00029639604044925293
18549559457234617e-29
8514577003947389e-20
37361518377813926e-22
0.00012471052369994465
0.01625736400361936
0.0038987621196470692
0.00016354200046168703
0.0001521072835491592
3799874505741005e-24
0.0005143902978438845
0.02276884514852066
13135133503127535e-24
0.0018047907554055605
0.0017997419998248415
441867047806306e-19
0.10406675252413397
4337175630455472e-20
0.2545283133750184
0.0019094570965297235
0.16887079733314353
0.0032990023143323792
0.0007007127333073668
0.0005691795261806675
44750538400569946e-21
0.25982273316221804
12101940740375134e-21
2156746783025815e-20
0.008278557075363194
0.006430336185611649
21715984601037955e-24
8722753145834424e-20
0.0030525062434034363
0.1258435938798225
0.029952052499424592
0.00010010938903287818
0.02284435055285637
0.00035407852517632004
0
0.10815703684019981
0.012288366018746272
0.25809711593382706
0.2504769435826196
0.2551709551793558
0.05139316764054821
0.029423032617638924
0.2477696915784377
0.25709926016710755
0.24533666706997662
0.24840352792925013
0.1920727746078108
0.0007650087170660119
0.015654952035561963
0.13324772470800486
0.23222733235215734
0.12968058098447596
0.0002992026204991977
0.026776234290382245
0.2222391612337556
0.10964183132840005
0.15522903915379876
