1.4158870510385604
22793007175154345e-39
4577264019148675e-27
0
33375520003604654e-21
25383565936822165e-26
3356423484106694e-20
0
338902075969667e-19
0
0.0019648416587260457
0
3.2556867467975295
0
5.1019022069443505
0
32.98620728195981
27.1487770541272
0.0008906710387096178
0.014184263491815795
4366620223696425e-90
7.689800536370851
0.2829452670076181
27478608759482082e-30
0
0.0002157169898431719
4381806828167088e-21
0.0016637338601456996
0.0069139422944248935
0.009326502785926494
0.014608470034518966
2654862821959202e-21
28559084030273357e-25
0.0016155879609722975
29259835215333096e-22
25969643464209434e-23
31370759125618115e-30
0.00024981238423268476
0.0002857763760909714
2.4769261219198797
2.8816891899485833
0
1.1028781166162231
0
4.243781135538176
2.9455302459974293
4.200526867168641
0
5.3701900775199025
0
4.25659503088945
2.0005727291459556
32.265371962866226
32.90350508641591
2.0551759294798937
14.281113756330218
61.09746647239338
1.2935490876072957
0.03950298106776027
0.013099410114046325
11.222672181255614
34.64825747988872
0.5980483419917498
0.8756611157027477
2.1272678847246045
1.0060428985870937
75.16506203321846
0
70.65569247389637
0
14.741244663978883
0.02186498308773796
0.021983513149055833
0.3536476825474687
5.039361808382123
0.13933702114860164
0.0853312214039349
0
0.001150534578659962
0.19274917497205415
0.06920297938394226
0.027652519891313117
0.033349868595286124
0.0002772302017834794
0.0001676048709334791
0.0013323739728998722
2.0649744220879698
0.41504449552272094
0.0052253926535782
0.0003068418730401905
0.0014126833018216778
0.010434309901876049
0.011842919992856457
1438053090087351e-22
0.06730170495880072
0.6055531135604818
0.019693540951517922
2934616245202717e-26
24404496751875177e-22
10850782041550617e-21
0
0.8097612147276155
0.43454738385672625
0.1491644247264068
0
0.31638866425045276
0.00019758139215860673
0.058206729128590366
0
0.0001052565711668871
0
0.12431541100620401
0.5959150811719358
0
0
0
0
2405336541907319e-21
0.3572618713114626
3470060604488464e-22
3015244277222778e-21
0.3686468365436875
0.26603601634964935
0.18297858950697155
0.5100028480577105
0.031788039006294615
0.5024062956510177
0.0011238976140891105
0.5135151705454191
9488480736617064e-22
0.004392224398979596
0.4192112513702643
0.0011671000528438301
9596377817641478e-30
0.004767932742375286
0.024736580810004176
0.19972885048289238
0.022696199663056638
0.037775393187431366
0.04965869567603367
0.1393321551590636
0.241094681757923
0.18918040227226782
0.24626966001745462
570177784689813e-30
0.15726451829591057
0.1572676483514584
0.4384250883613991
0.5408887812328537
0.0003485811280583807
0.5336197265894803
0.6311599285413292
11.897455882242904
2.118569869574086
2.8192415792264924
0.09081401467687114
0.4948181271669941
2.661661470546193
4.239406082282299
0.577842964822856
5.138779331523716
7.231586188576437
4.594389279358445
2.47551241181984
2.9398439668221585
0.6614076705889367
31.457484253506507
619.0856654523768
4.002048404376203
3921.3610046075532
1.0999811513592122
23.21835382024494
1.1686822808648607
45.01879079460095
1.3055909333767977
1.396900150640519
1.0999801398910276
0.8740423184548894
1.075738343108464
67.58913443507893
0
0.000790476872611101
0.0008315884814626892
0
0.008150505384591625
0.007186874462211377
0.006688766493326639
0.004972102562032258
0.006049914040727843
0.009443046636177429
0.00514149150538818
0.010450738246936283
0.004174943064160015
0.006502098170408277
0.00884952651688621
0.0175466999145472
0.006614634707324013
0.008617854657979691
0.007217505320116137
0.009081064223424083
0.00583150249113275
0.01158923189656617
0.016702611092730496
0.01209469367111228
0.007384318957959952
0.0018996562119582964
0.007424495586656257
0.022740596763728162
0.07013214137410236
0.040963165740852375
0.10920911111089393
9119602153712855e-20
0.010073280261332033
0.20140758124574068
48060947838352455e-22
0.07187932348885888
0.010887782592624132
0.0012689869826835204
5486339604616738e-21
12044227792278495e-22
0.09831985006901042
0.0860403418457544
0.004137617988994648
0.03995755302458833
0.020115929066114122
0.0057718214130551915
0.01205681310750923
0.00048279254180535374
0.25974962161255194
15699129995020233e-25
0.07643712086787575
0.000341868688382527
0.009597417176022036
0.010875954063304216
0.000157052034280416
0.00017086361222244393
0.2575891679426267
0.00039344616106225326
0.055578213794323705
0.2136627274448675
13179221567741617e-22
25861633294014e-19
0.00014471812841682313
12571411120515715e-21
0.0005943465313851581
17002960003303564e-21
1443227599333554e-22
10044036846316751e-22
1907684453597311e-20
0.07437101956093702
0.07513026015071991
4349913324021046e-20
0.00021266547539417022
0.01949641950240075
0.008138447085204496
0.08831260965043364
0.02006648777016115
2782856264276248e-20
0.130009366729036
0.03814784658825619
5573477265771025e-22
0.23663186607375805
4458962787146388e-22
0.0037596043780883815
0.0009822124513578924
22994565953029753e-28
0.24024332870602574
0.25834968741708103
0.017998635294270957
0.23297538496445877
0.2427102215800757
0.007386227439975709
0.17636076958677685
2233218459133446e-25
4630609257280946e-21
0.0006292773712248886
9120348448800748e-20
0.1247294233222905
8645597634608481e-22
0.0001118099150622158
0.15203668112421032
0.0009288588994089614
0.011806861216741574
12200689246203999e-21
0.13089719838863983
0.09353779133621642
0.021103694224387674
3146870969961567e-20
0.00015344080840305535
12006679050975847e-23
0.013619784934066563
0.1530899183709623
8333314492127307e-24
11103254358549284e-21
9106305268670142e-21
9649888501236474e-20
1058636345190595e-20
0.25196426629648866
0.15200145966661627
0.00514618294892862
0.0015475220511026954
0.04126654318920428
0.005871680389801777
6760239219096568e-20
0.02814472404062481
8323435561590898e-20
0.0007207863043459499
0.07878958751121416
9970375281071725e-22
0.25286929728500834
0.2519705988832155
0.0018269788158053368
0.0005369845168295264
5829910082116625e-24
0.0010304267180045042
10390421258152775e-24
0.010243675783800149
0.02903338068073515
0.0009036259578314874
0.00033759420478421935
0.00015454125992755277
2618178563587817e-21
0.0061109671517857655
0.030324004052123932
0.021318107782726536
11257175900323607e-24
0.2430829749038829
0.06589363458520736
0
0
8177686056660425e-20
6661579198211194e-20
10336378144865881e-22
7596602248522126e-22
0.00019347039137976318
0.009721989714920795
0.005381002218553699
15204233587529855e-24
0.00013149279078703184
73287115974497765e-22
0.055428819950700946
0.013347299241234846
0.09697529122265672
3845635300158885e-22
0.0595089251350706
0.007669298211100069
0.00012013864200963834
0.11825414076259837
0.00029639604000333825
18549559457234617e-29
8514577000268611e-20
373615183771057e-20
0.0001247105236210209
0.016257362630652254
0.0038987620420958043
0.00016354200032595451
0.00015210728343174564
3799874505740932e-24
0.0005143902965004182
0.022768842429065093
1313513350312666e-23
0.001804790738836762
0.0017997419833487309
44186704770723755e-21
0.10406668702629183
4337175629500996e-20
0.2545275740816831
0.001909457077980667
0.16887059529541043
0.0032990022588534527
0.0007007127308137138
0.0005691795245356386
44750538390408655e-21
0.25982179981488257
12101940739632044e-21
21567467827898022e-21
0.008278556723490735
0.006430335973881545
21715984601035563e-24
8722753141973548e-20
0.003052506195922095
0.12584349349624274
0.029952047741358404
0.00010010938898202292
0.022844347815021468
0.0003540785245399032
0
0.10815696549190854
0.012288365238908631
0.25809629378966803
0.25047626756928526
0.2551702037842898
0.05139315314194887
0.029423028029921614
0.24776850124177177
0.2570984662447122
0.24533545559825828
0.24840287870254682
0.19207249266771967
0.0007650087140934675
0.01565495076359658
0.1332476102141759
0.2322268348664312
0.129680473441885
0.00029920262004479647
0.02677623050638405
0.2222387312493973
0.10964175777945782
0.1552288749017719
