1.4158908563126715
22777815319309226e-39
4575987669448037e-27
0
3337463287551399e-20
253827050562753e-24
3356307783444e-17
0
3388901857804824e-20
0
0.0019649114543333185
0
3.254954772168242
0
5.101660035092278
0
32.98616809928032
27.148785769119772
0.0008905409080210416
0.014181592228630652
4365149248099115e-90
7.774216089889391
0.28595268141177677
2747064916860134e-29
0
0.00021570295838744155
43814454087149674e-22
0.0016637193630855678
0.006913942017246707
0.009326363522360315
0.014608342758731081
2654775389338884e-21
28558648569140834e-25
0.0016155638384543018
29258865550159232e-22
25969357282399614e-23
3136962316852835e-29
0.00024979616393121343
0.0002857578190322605
2.475612956680796
2.8815103423622976
0
1.1028687367758458
0
4.234454673893498
2.945064603697715
4.200518148302068
0
5.3701776208186125
0
4.257048191579473
1.9998959260579219
32.26537173345612
32.90350785786154
2.056520291379104
14.277689584435935
60.99687683022417
1.2936703837353851
0.03941962687745975
0.013085030798330979
11.204548340776673
34.64818880923369
0.5980537915342541
0.8753353214250132
2.1274933213183704
1.0060300362048942
75.13851179340237
0
70.65945517031003
0
14.742179371017126
0.021829501555160193
0.021979555235578683
0.3569159013695147
5.0412073491851705
0.14082618314021678
0.0863214431087842
0
0.0011501249390152672
0.1927178645859856
0.06920335981321679
0.02765250268421999
0.033337928299660376
0.00027658959600135086
0.00016721418214032564
0.0013323610747322577
2.0649849244452256
0.41504392729229395
0.005225645450836491
0.0003105400791122341
0.001428000982367467
0.010545323530846959
0.011843221333948833
14380127662505012e-23
0.06730272908609591
0.6055708220535749
0.01969372074602303
29345152895702555e-27
2440478334662228e-21
1098059110204575e-20
0
0.8097602742095442
0.43453604196401396
0.14910908146223373
0
0.31638727422753504
0.00019758240586430063
0.05821427636099781
0
0.00010523074924801081
0
0.12431538782515039
0.5959135850404242
0
0
0
0
2405337023654139e-21
0.35726162672608863
3469974346730842e-22
3015027680268424e-21
0.3686465345402934
0.266035921748379
0.18297883171740323
0.5100498066837759
0.031734596234640235
0.502398118422098
0.0011238974050350068
0.5135149939799036
9488479757493796e-22
0.004384542386432972
0.41921140942234647
0.0011670878394551749
9595341102843863e-30
0.004767717165013234
0.024736176769342373
0.1997286470057641
0.02269639936485712
0.03777566790637528
0.049657950795932375
0.1393308119285932
0.24109453259037952
0.1891815288739676
0.24627088633411381
5701181425926736e-31
0.15726507256893868
0.15726761341204698
0.4384248150705656
0.5408885285010893
0.00034858289276170994
0.5336542242597252
0.6311635051436781
11.897529357479499
2.1185701833731048
2.819242112835865
0.09081392542067936
0.4948207861174921
2.6616621492347954
4.2394074054159905
0.5778425709350249
5.138803653622472
7.231629664344175
4.594405585597626
2.475513502062458
2.9398619125893135
0.6614110118519525
31.455411156876377
619.085664110427
4.002048403694658
3921.3504397309425
1.0999811513085558
23.218353818339352
1.168682243609536
45.01878968285894
1.3055909372989383
1.396900150181587
1.0999801398403593
0.8740418127346989
1.0757382149428987
67.58932657620115
0
0.0007904799945658911
0.0008315880747337004
0
0.008150492640026692
0.007186912201950832
0.006688803773218337
0.004972118026342601
0.00604994811502552
0.009443087921639505
0.00514151172501245
0.010450816058708887
0.0041749570475531446
0.006502134352937154
0.008849582749677268
0.017546828878110578
0.006614667384399263
0.008617912777444248
0.007217545596633098
0.009081126106758198
0.005831539231123783
0.011589312879451467
0.016702713199779964
0.012094772678067597
0.007384367989599189
0.0018996561981891426
0.007424495374657155
0.022740594729280972
0.07013212046162542
0.040963158949371296
0.10920905643336111
911960215054771e-19
0.010073279869579118
0.20140734036463562
4806094783747349e-21
0.07187930145279829
0.010887782134413135
0.0012689869765447415
5486339604502199e-21
12044227792223296e-22
0.09831980672766166
0.08604030943738773
0.004137617923463763
0.0399575465728692
0.020115927480476976
0.005771821285237714
0.0120568125446565
0.0004827925409177806
0.2597489399374223
1569912999502014e-24
0.07643709574255506
0.0003418686879375732
0.009597416820654197
0.010875953606096183
0.00015705203418653674
0.00017086361211132446
0.25758838066462453
0.0003934461604728689
0.05557820098783195
0.21366244173171015
13179221567675523e-22
25861633293759494e-22
0.00014471812833711167
12571411119914317e-21
0.0005943465300398208
1700296000220343e-20
14432275993327616e-23
10044036846278364e-22
19076844534588236e-21
0.07437099586460293
0.07513023593481617
43499133233009774e-21
0.00021266547522201876
0.019496418014309413
0.008138446830209216
0.0883125753597175
0.020066486192426004
2782856263981545e-20
0.1300092856005256
0.03814784072465762
5573477265759204e-22
0.23663146698901363
44589627871388227e-23
0.0037596043240136377
0.0009822124476816711
22994565953029753e-28
0.24024290607210075
0.2583489163982215
0.01799863402887628
0.232975007622723
0.24270929800291022
0.007386227230168004
0.17636060049405536
22332184591334438e-26
4630609257199352e-21
0.0006292773697166937
9120348445635082e-20
0.12472934954848573
8645597634580036e-22
0.00011180991501463681
0.15203656395338172
0.0009288588961215251
0.01180686067718183
12200689245637549e-21
0.1308971159778789
0.09353775247713543
0.02110369247661104
31468709695847206e-21
0.00015344080831344422
12006679050970363e-23
0.013619784214173905
0.15308979923864774
8333314492127044e-24
11103254358080155e-21
9106305268354586e-21
9649888497692506e-20
1058636345147948e-20
0.25196374338825267
0.15200134256097644
0.005146182847410363
0.0015475220419696983
0.041266536293395294
0.005871680257504252
676023921735736e-19
0.02814472089852127
8323435558954308e-20
0.0007207863023669642
0.0787895607002896
9970375281033898e-22
0.25286844687128823
0.25196973980620124
0.0018269788030709124
0.0005369845157314314
5829910082116495e-24
0.0010304267139582355
10390421258152363e-24
0.010243675378581014
0.02903337733249298
0.0009036259547203463
0.00033759420435032543
0.0001545412598366515
2618178563561732e-21
0.006110967008436164
0.03032400039228425
0.02131810599867824
11257175900323124e-24
0.24308205333682234
0.06589361626170119
0
0
8177686054115369e-20
6661579196522384e-20
10336378144825228e-22
7596602248500167e-22
0.00019347039123728975
0.009721989350201741
0.005381002107522091
15204233587528972e-24
0.00013149279072122505
7328711597245394e-21
0.05542880721617375
0.013347298550136586
0.0969752491712696
3845635300153256e-22
0.05950891035468403
0.007669297984810157
0.00012013864195470637
0.1182540753985886
0.0002963960396689022
18549559457234617e-29
8514576997509529e-20
3736151837657453e-21
0.0001247105235618281
0.016257361600927
0.0038987619839323563
0.0001635420002241551
0.00015210728334368544
3799874505740877e-24
0.0005143902954928186
0.02276884038947363
13135133503126003e-24
0.001804790726410163
0.0017997419709916483
4418670476329363e-20
0.10406663790293731
4337175628785139e-20
0.2545270196130908
0.001909457064068875
0.16887044376726928
0.0032990022172442583
0.0007007127289434741
0.0005691795233018671
4475053838278768e-20
0.2598210998065812
12101940739074727e-21
21567467826127926e-21
0.008278556459586401
0.006430335815083972
2171598460103377e-23
8722753139077892e-20
0.003052506160311089
0.12584341820861047
0.029952044172809257
0.00010010938894388148
0.02284434576164551
0.0003540785240625905
0
0.10815691198072094
0.012288364654030434
0.2580956771832674
0.2504757605604818
0.2551696402394424
0.05139314226800206
0.029423024589134105
0.24776760849302518
0.2570978708045247
0.24533454699839544
0.24840239178363285
0.19207228121292289
0.0007650087118640592
0.015654949809622613
0.13324752434386875
0.232226461752836
0.1296803927850003
0.0002992026197039955
0.026776227668385753
0.2222384087616745
0.10964170261778351
0.1552287517128658
