1.4158959300114864
2275757521081553e-38
4574286423643893e-27
0
3337344975237826e-20
25381559126326047e-26
3356153768451895e-20
0
3388743340629825e-20
0
0.001964995631931
0
3.2539762980761493
0
5.101337058532063
0
32.98611584547344
27.14879739661474
0.0008903670542125625
0.0141780507524059
43631919259918613e-91
7.747109346868563
0.2849356050769997
27460040272421094e-30
0
0.0002156842511994732
43809636408689155e-22
0.0016637000352027853
0.006913941647675852
0.00932617782144505
0.014608173071120098
26546477669774843e-22
2855806502873587e-24
0.0016155316722952162
29257450928599403e-22
259689730394444e-21
31367978056874013e-30
0.0002497745385348766
0.0002857330781629214
2.4738679081673576
2.8812711014943613
0
1.1028562464029483
0
4.2220792317456235
2.9444410894686985
4.200518241306383
0
5.370161012552144
0
4.257650147450754
1.9989949245068108
32.265367756128555
32.90350713788663
2.058308134380213
14.273112444002921
60.8671484331853
1.293831498292751
0.03930875271732615
0.013066776608040257
11.180413327323977
34.64809775021744
0.5980610575531674
0.874901570446844
2.1277927809616144
1.006012882424227
75.10316194517635
0
70.66440459825031
0
14.743423664541686
0.021782254679052718
0.021972010300106887
0.35472047435211856
5.040978233933405
0.14033041841095106
0.08598530522186243
0
0.0011495795493126706
0.19267639962797137
0.06920386671530997
0.027652479712209767
0.03332203101162637
0.00027573970467924616
0.00016669587539798721
0.0013323438905087491
2.064998919909413
0.41504316959609583
0.005225980924461679
0.0003092885362830633
0.0014220485522217334
0.010507957946226757
0.0118436204010245
143795899968455e-21
0.06730409355910834
0.6055941859717265
0.01969396028477448
2934380661609657e-26
2440516058633459e-21
10936752348083974e-21
0
0.8097590199098627
0.4345209564669435
0.14903539963996448
0
0.31638542094507316
0.00019759779054582958
0.05822431355722986
0
0.00010519623327305162
0
0.12431535691408276
0.5959115904120775
0
0
0
0
24053374031656597e-22
0.3572613006791669
3469859331991609e-22
30147389106160433e-22
0.36864613186880535
0.2660357950702805
0.18297915438247375
0.5101121808316404
0.03166343878559703
0.5023872290441714
0.001123897125684471
0.5135147583797312
9488478451996378e-22
0.004374315628739756
0.4192116238656883
0.001167071548837562
9593958973568686e-30
0.004767764380929662
0.02473563805794578
0.19972837570268542
0.02269666550134875
0.03777603405541335
0.04965695763843299
0.139329020955099
0.2410943336999936
0.1891830303570625
0.24627252035308336
570038626850721e-30
0.15726581075393795
0.15726757801197347
0.43842445068314684
0.5408881915250146
0.0003485852258759933
0.5337000343802387
0.6311682720238428
11.897627270571766
2.118570601844356
2.8192428246061625
0.09081380643547925
0.49482432942818905
2.6616630543143334
4.23940917032498
0.5778420458627958
5.138836061603192
7.2316875924629915
4.594427309397813
2.4755146748901065
2.939885823145762
0.6614154647127706
31.452654027599994
619.0856623211607
4.002048402785933
3921.3363532730723
1.099981151241014
23.218353815798565
1.1686821939357714
45.018788200536285
1.3055909425387913
1.3969001495696782
1.0999801397728015
0.8740411384414238
1.0757380440555022
67.58958245899355
0
0.0007904841546153013
0.0008315875324826637
0
0.008150475648477823
0.007186962476953326
0.006688853437103906
0.004972138614958637
0.006049993507386656
0.00944314292794796
0.0051415386520784435
0.010450919741887886
0.00417497566552652
0.006502182554860046
0.008849657670963153
0.017547000718472282
0.00661471091407867
0.008617990216343038
0.007217599253217783
0.009081208561661107
0.005831588183358673
0.011589420784280186
0.016702849236715528
0.012094877945679138
0.0073844333181816435
0.0018996561798302711
0.007424495091991694
0.022740592016685
0.07013209257833254
0.04096314989406494
0.1092089835300266
9119602146327515e-20
0.01007327934724192
0.20140701919027698
4806094783630154e-21
0.0718792720713947
0.010887781523465168
0.0012689869683597027
548633960434948e-20
12044227792149698e-22
0.09831974893922636
0.08604026622625116
0.0041376178360892505
0.03995753797057865
0.02011592536629431
0.0057718211148144166
0.012056811794186231
0.00048279253973434967
0.2597480310400323
15699129995020014e-25
0.07643706224214034
0.0003418686873443015
0.009597416346830433
0.010875952996485503
0.0001570520340613644
0.00017086361196316514
0.2575873309643646
0.0003934461596870231
0.055578183912514206
0.21366206078142794
13179221567587397e-22
25861633293420147e-22
0.00014471812823082971
12571411119112453e-21
0.0005943465282460377
17002960000736587e-21
14432275993317047e-23
1004403684622718e-21
19076844532741735e-21
0.07437096426950254
0.07513020364695666
4349913322340885e-20
0.00021266547499248348
0.01949641603018781
0.008138446490215522
0.08831252963878337
0.020066484088779334
27828562635886078e-21
0.13000917742925713
0.038147832906527596
5573477265743442e-22
0.23663093487706807
44589627871287356e-23
0.003759604251913981
0.000982212442780043
22994565953029753e-28
0.2402423425613573
0.25834788837665495
0.01799863234168352
0.23297450450135931
0.24270806657215646
0.0073862269504244085
0.17636037503734558
22332184591334407e-26
4630609257090559e-21
0.0006292773677057672
9120348441414195e-20
0.12472925118348058
864559763454211e-21
0.00011180991495119815
0.15203640772575078
0.0009288588917382767
0.011806859957768876
12200689244882283e-21
0.13089700609694505
0.09353770066505254
0.02110369014624242
314687096908226e-19
0.00015344080819396268
12006679050963047e-23
0.013619783254317086
0.15308964039570588
8333314492126692e-24
11103254357454648e-21
9106305267933846e-21
9649888492967215e-20
10586363450910855e-21
0.2519630461789595
0.15200118642026367
0.005146182712052692
0.001547522029792369
0.041266527098985095
0.005871680081107556
6760239215038415e-20
0.02814471670905043
8323435555438855e-20
0.0007207862997283167
0.07878952495240439
9970375280983462e-22
0.252867312990777
0.2519685943747384
0.00182697878609168
0.0005369845142673049
58299100821163215e-25
0.0010304267085632106
10390421258151814e-24
0.01024367483828886
0.02903337286817069
0.0009036259505721582
0.0003375942037718002
0.0001545412597154498
2618178563526952e-21
0.006110966817303369
0.0303239955124987
0.021318103619947418
11257175900322479e-24
0.2430808245861764
0.06589359183036757
0
0
8177686050721962e-20
6661579194270636e-20
1033637814477102e-21
7596602248470888e-22
0.00019347039104732517
0.00972198886390969
0.005381001959479951
15204233587527797e-24
0.00013149279063348268
7328711596972883e-21
0.0554287902368087
0.013347297628672296
0.09697519310278184
38456353001457526e-23
0.059508890647507647
0.007669297683090285
0.00012013864188146376
0.1182539882466318
0.0002963960392229875
18549559457234617e-29
8514576993830753e-20
373615183758663e-20
0.0001247105234829044
0.016257360227960097
0.003898761906381094
0.0001635420000884226
0.00015210728322627188
3799874505740805e-24
0.0005143902941493525
0.02276883767001863
13135133503125129e-24
0.0018047907098413644
0.0017997419545155383
4418670475338679e-20
0.10406657240516734
43371756278306624e-21
0.2545262803235133
0.001909457045519819
0.16887024172995924
0.0032990021617653334
0.0007007127264498211
0.0005691795216568382
447505383726264e-19
0.25982016646511313
12101940738331635e-21
21567467823767798e-21
0.008278556107713967
0.006430335603353881
21715984601031378e-24
8722753135217019e-20
0.0030525061128297486
0.12584331782517086
0.02995203941474439
0.00010010938889302623
0.022844343023811182
0.0003540785234261736
0
0.10815684063251202
0.01228836387419288
0.2580948550436914
0.25047508455034034
0.2551688888482484
0.05139312776940988
0.02942302000141805
0.24776641816636677
0.25709707688641975
0.24533333553714604
0.24840174255989894
0.19207199927355598
0.0007650087088915148
0.015654948537657414
0.1332474098502119
0.23222596426897485
0.1296802852425654
0.0002992026192495943
0.02677622388438849
0.22223797877877208
0.10964162906892759
0.15522858746114307
