1.4159035405597087
2272724870639749e-38
4571735741166478e-27
0
33371675299738325e-21
253798442856998e-24
3355923282616209e-20
0
33885056075143354e-21
0
0.001965104574447373
0
3.252503237905724
0
5.1008524199426555
0
32.98603744282483
27.148814834150205
0.000890105533118877
0.014172782363838224
4360264386205819e-90
7.7520324618838865
0.2850505723847141
27444134984738856e-30
0
0.00021565619345938948
4380241185749645e-21
0.00166367104660816
0.006913941093319698
0.009325899235621186
0.014607918568058553
26544343222770625e-22
28557182774573055e-25
0.0016154834170837456
29255086407958774e-22
25968390346181314e-23
3136525033506077e-29
0.0002497421040234017
0.00028569597087774965
2.471260084774003
2.8809105816608684
0
1.1028375289845094
0
4.203640076188169
2.943500162550941
4.200542506830944
0
5.370136103783263
0
4.2585498716011045
1.9976449266082594
32.265354229910166
32.90349696608917
2.060979964415561
14.2662220444346
60.68120198026118
1.2940722949238452
0.03914271273896568
0.013041228121754062
11.144211198414709
34.64796223592819
0.5980719566106278
0.8742513537898415
2.128240372898861
1.0059871470373136
75.05016737696842
0
70.67168449062987
0
14.7452885829866
0.021711395306751362
0.021956160800866868
0.3535649164776432
5.041508110485438
0.14039658015379367
0.0860219494471227
0
0.0011487619461514962
0.19261480530466996
0.06920462711575605
0.027652445252385957
0.03329819918852303
0.00027447357986639786
0.000165923770374253
0.0013323181306796482
2.0650199148426718
0.4150420329323745
0.0052264818613141865
0.0003094303506242415
0.0014217283294657172
0.010512408455513978
0.011844213353531094
14378783467474568e-23
0.06730613934615337
0.6056288656436943
0.019694319488108722
2934178707887403e-26
24405719290729292e-22
10941833828600427e-21
0
0.8097571382683614
0.43449838039316274
0.14892494693458322
0
0.31638264119500714
0.00019764980403572072
0.058239338955822756
0
0.00010514427433525962
0
0.12431531054106586
0.5959085984039112
0
0
0
0
2405337376399303e-21
0.35726081175216096
3469686800506303e-22
30143058124595145e-22
0.3686455278609402
0.26603560514950286
0.1829796380146493
0.5102054030196674
0.031556725978978746
0.5023709174364216
0.0011238967055249621
0.5135144045953473
9488476493750838e-22
0.00435898230533455
0.4192119544181116
0.001167047108893625
959188614528503e-29
0.004768524315845834
0.02473483001147088
0.1997279687475512
0.022697064746763387
0.03777658332293072
0.049655467936401944
0.13932633450882628
0.24109403536371188
0.1891852827277914
0.24627497161380107
5699193739118086e-31
0.15726691815161697
0.15726754845999852
0.43842390410280363
0.5408876860600695
0.0003485886834233392
0.5337684598681074
0.6311754228581206
11.897774152556005
2.1185712297067076
2.8192438928854218
0.09081362800708323
0.49482964482676284
2.661664412279479
4.239411819254212
0.5778412584934748
5.1388846741649905
7.231774484638388
4.594459897846339
2.475515985589316
2.939921688182724
0.6614221444689793
31.4485272113943
619.0856596372613
4.002048401422844
3921.315223681145
1.0999811511397015
23.218353811987388
1.1686821194251287
45.018785977052396
1.3055909503892094
1.3969001486518147
1.0999801396714652
0.8740401270021807
1.0757377877244583
67.58996565402528
0
0.0007904903956412899
0.0008315867192224335
0
0.00815045016373542
0.007187037895280785
0.006688927938598383
0.004972169502452537
0.006050061598900586
0.009443225439628012
0.0051415790466912345
0.01045107527697835
0.0041750035949636765
0.006502254863247739
0.008849770060521978
0.01754725849498493
0.006614776213137672
0.008618106382142991
0.007217679744015308
0.009081332251845282
0.005831661619309293
0.01158958265098931
0.016703053307707025
0.012095035857284256
0.007384531317597491
0.0018996561522919646
0.0074244946679935244
0.02274058794779165
0.07013205075341401
0.040963136311109156
0.10920887417511609
9119602139997225e-20
0.010073278563736177
0.20140653742969933
4806094783454362e-21
0.0718792279993118
0.010887780607043282
0.0012689869560821446
5486339604120402e-21
120442277920393e-20
0.09831966225663707
0.08604020140958701
0.004137617705027486
0.03995752506714629
0.020115922195020723
0.00577182085917948
0.01205681066848092
0.00048279253795920334
0.25974666769991045
15699129995019826e-25
0.07643701199154576
0.00034186868645439387
0.00959741563609483
0.010875952082069545
0.0001570520338736059
0.00017086361174092617
0.25758575642199527
0.00039344615850825436
0.05557815829954742
0.21366148935727808
1317922156745521e-21
2586163329291113e-21
0.00014471812807140676
12571411117909656e-21
0.000594346525555363
1700295999853632e-20
14432275993301194e-23
10044036846150405e-22
19076844529971988e-21
0.07437091687687715
0.07513015521519341
4349913320900746e-20
0.00021266547464818058
0.019496413054005776
0.008138445980225006
0.08831246105742657
0.020066480933309747
27828562629992016e-21
0.1300090151725232
0.03814782117933556
55734772657198e-20
0.23663013671139327
44589627871136054e-23
0.0037596041437644983
0.0009822124354276008
22994565953029753e-28
0.24024149729772046
0.25834634635197506
0.01799862981089467
0.23297374982135122
0.24270621943774062
0.007386226530809035
0.1763600368528212
22332184591334363e-26
463060925692737e-20
0.0006292773646893774
9120348435082864e-20
0.12472910363611825
8645597634485222e-22
0.00011180991485604015
0.15203617338460534
0.000928858885163404
0.01180685887864953
12200689243749384e-21
0.1308968412757172
0.09353762294698204
0.021103686650689967
3146870968328568e-20
0.0001534408080147404
12006679050952072e-23
0.013619781814531986
0.1530894021316021
8333314492126166e-24
1110325435651639e-20
9106305267302736e-21
964988848587928e-19
10586363450057919e-21
0.251962000368637
0.1520009522094953
0.005146182509016192
0.0015475220115263753
0.04126651330737364
0.005871679816512523
676023921156e-16
0.028144710424845346
8323435550165675e-20
0.0007207862957703453
0.07878947133060696
9970375280907807e-22
0.2528656121795434
0.25196687623730724
0.0018269787606228318
0.000536984512071115
5829910082116062e-24
0.001030426700470673
1039042125815099e-23
0.010243674027850681
0.029033366171688543
0.0009036259443498761
0.0003375942029040123
0.00015454125953364727
26181785634747815e-22
0.006110966530604185
0.030323988192821845
0.021318100051851682
11257175900321511e-24
0.24307898147185347
0.06589355518338412
0
0
8177686045631853e-20
6661579190893013e-20
10336378144689711e-22
7596602248426969e-22
0.00019347039076237827
0.009721988134471659
0.005381001737416748
15204233587526037e-24
0.0001314927905018691
7328711596564117e-21
0.055428764767770894
0.013347296246475978
0.09697510900011097
3845635300134496e-22
0.05950886108675531
0.007669297230510499
0.00012013864177159983
0.11825385751881708
0.00029639603855411545
18549559457234617e-29
8514576988312588e-20
3736151837480396e-21
0.0001247105233645188
0.016257358168509956
0.0038987617900542036
0.0001635419998848238
0.0001521072830501515
3799874505740696e-24
0.0005143902921341533
0.022768833590836746
13135133503123816e-24
0.0018047906849881666
0.0017997419298013734
44186704738526535e-21
0.10406647415858965
4337175626398948e-20
0.2545251713931733
0.0019094570176962351
0.16886993867444736
0.0032990020785469473
0.0007007127227093416
0.0005691795191892951
4475053835738446e-20
0.2598187664591975
12101940737216999e-21
21567467820227603e-21
0.008278555579905348
0.0064303352857587575
2171598460102779e-23
8722753129425707e-20
0.0030525060416077394
0.12584316725016156
0.02995203227764851
0.00010010938881674336
0.022844338917060305
0.0003540785224715482
0
0.10815673361028688
0.012288362704436642
0.2580936218392378
0.250474070538549
0.2551677617656062
0.05139310602152928
0.029423013119845305
0.24776463268710158
0.25709588601385913
0.24533151835648856
0.2484007687274796
0.1920715763652816
0.0007650087044326982
0.015654946629709808
0.13324723810991115
0.23222521804518137
0.1296801239290803
0.00029920261856799244
0.026776218208393602
0.22223733380597827
0.10964151874573623
0.15522834108388486
