1.4159162248067458
22676794127713386e-39
45674877650192095e-28
0
33368718175747194e-21
25376996890131867e-26
3355540551908969e-20
0
3388109509910712e-20
0
0.0019652445059869157
0
3.25003451902335
0
5.100044222889002
0
32.985906713209985
27.14884389430895
0.0008896677791746838
0.014164117809118217
4355407391415831e-90
7.757816606419202
0.285155416469732
2741764774043027e-29
0
0.00021560943866972792
43790376432725085e-22
0.0016636227406912332
0.006913940169393118
0.009325434834778448
0.014607494470105302
26540261007188283e-22
28555691339332665e-25
0.0016154029759307945
29250567147156336e-22
259674000443564e-21
3136008411750692e-29
0.00024968805605715406
0.00028563413611802847
2.4669405547114804
2.8803053232826885
0
1.1028063873970302
0
4.173236817879396
2.941917371197106
4.200643424234405
0
5.370094607400521
0
4.260040760989576
1.995398924387832
32.265312710139376
32.903457192699754
2.0654065526062557
14.25467524199701
60.39278202194682
1.2944712639310527
0.038866728873694446
0.013003208810644444
11.083881490053164
34.647739238084384
0.5980901217660861
0.8731691002638946
2.1289820539709288
1.0059442409776285
74.96195179252292
0
70.68343600687717
0
14.74839172296488
0.02159334324664634
0.021918857130453488
0.351527630152472
5.042340108054952
0.14046399338187485
0.08605442769127888
0
0.0011474009987498019
0.19251374957189776
0.06920589414817194
0.027652387783128077
0.03325852988846826
0.0002723864714299389
0.0001646511248034196
0.0013322752459520718
2.0650549007150585
0.4150401381734583
0.005227310611397033
0.0003095599652785133
0.001420739261203075
0.010516619957348292
0.01184518662272387
14377439169913773e-23
0.06730954594719399
0.6056856796167139
0.019694917731781912
2933842069118318e-26
2440663121817188e-21
10946557754877448e-21
0
0.8097540015364735
0.43446090271289417
0.14874110498328705
0
0.3163780087376774
0.00019780913313615297
0.05826429493365091
0
0.00010505720572031563
0
0.12431523323561966
0.595903611746549
0
0
0
0
2405335518959519e-21
0.3572599972560751
34693992231255123e-23
30135841323631466e-22
0.3686445211794768
0.2660352881576274
0.18298044300877944
0.5103598598699165
0.03137895176907419
0.5023437935930745
0.001123896002177928
0.5135138139324118
9488473230009815e-22
0.004333447529514107
0.4192125286280951
0.0011670063599122876
9588432389843274e-30
0.004771520467398295
0.024733483323474196
0.1997272904876176
0.02269773008002668
0.037777498687492035
0.049652985190925564
0.13932185712854428
0.24109353813469941
0.1891890361930049
0.2462790562361766
5697206709816287e-31
0.1572687630541599
0.1572675602914065
0.4384229931377169
0.5408868436162737
0.0003485943342474215
0.533881724908688
0.6311873396570375
11.898018916314145
2.1185722765584405
2.8192456750138235
0.09081333075813912
0.4948385023554441
2.6616666764767003
4.239416238310268
0.5778399468485323
5.1389656701201725
7.231919256854074
4.594514196009885
2.475517364564955
2.939981440757556
0.6614332757523506
31.4416750586146
619.0856551640956
4.002048399151029
3921.280007947609
1.0999811509708473
23.218353805635427
1.1686819952407344
45.01878227124615
1.30559096345984
1.3969001471220421
1.0999801395025712
0.8740384412718931
1.0757373605061873
67.59060273186874
0
0.000790500796243286
0.0008315853640988879
0
0.008150407696045954
0.0071871635493618805
0.0066890520678543845
0.00497222095418428
0.006050175043103336
0.009443362913976407
0.005141646340073388
0.01045133444379847
0.004175050116980706
0.006502375338426755
0.00884995732470412
0.017547688020973572
0.006614885004962803
0.00861829994219089
0.007217813852574021
0.009081538350301364
0.00583178398662435
0.01158985236085047
0.016703393330224553
0.01209529897357288
0.007384694606670377
0.0018996561063947877
0.007424493961329961
0.022740581166304348
0.0701319810452719
0.04096311367285953
0.10920869191717524
911960212944674e-19
0.010073277257893405
0.20140573449796415
4806094783161374e-21
0.07187915454590038
0.010887779079673641
0.0012689869356195481
5486339603738605e-21
12044227791855305e-22
0.09831951778582479
0.08604009338192191
0.00413761748659122
0.03995750356143495
0.02011591690956586
0.005771820433121278
0.01205680879230563
0.00048279253500062617
0.2597443954822759
15699129995019512e-25
0.07643692824062821
0.00034186868497121457
0.009597414451535606
0.010875950558043123
0.0001570520335606751
0.00017086361137052787
0.25758313220610113
0.0003934461565436398
0.05557811561129568
0.21366053698709114
13179221567234896e-22
2586163329206277e-21
0.00014471812780570185
12571411115904995e-21
0.0005943465210709051
1700295999486921e-20
14432275993274772e-23
10044036846022445e-22
19076844525355737e-21
0.07437083788923528
0.07513007449565737
4349913318500516e-20
0.00021266547407434243
0.019496408093703402
0.008138445130240889
0.0883123467552836
0.020066475674194874
27828562620168585e-21
0.13000874474508317
0.038147801634023516
5573477265680396e-22
0.2366288064412514
44589627870883877e-23
0.003759603963515368
0.0009822124231735302
22994565953029753e-28
0.2402400885316013
0.25834377633129535
0.017998625592914045
0.23297249202677014
0.2427031409116201
0.007386225831450132
0.1763594732133884
22332184591334288e-26
4630609256655388e-21
0.0006292773596620611
9120348424530644e-20
0.12472885772423561
8645597634390407e-22
0.00011180991469744349
0.15203578281683228
0.000928858874205283
0.0118068570801175
12200689241861218e-21
0.13089656657413198
0.09353749341700804
0.0211036808247705
31468709670724154e-21
0.00015344080771603657
12006679050933784e-23
0.013619779414890489
0.15308900502558656
8333314492125285e-24
11103254354952624e-21
9106305266250885e-21
9649888474066055e-20
10586363448636357e-21
0.251960257361079
0.15200056185901667
0.005146182170622043
0.001547521981083052
0.041266490321364785
0.005871679375520827
676023920576264e-19
0.028144699951173323
8323435541377045e-20
0.0007207862891737264
0.0787893819610257
9970375280781715e-22
0.25286277751957587
0.25196401270095686
0.0018269787181747527
0.0005369845084107985
5829910082115628e-24
0.0010304266869831109
10390421258149617e-24
0.010243672677120525
0.029033355010888395
0.0009036259339794059
0.00033759420145769924
0.00015454125923064307
26181785633878314e-22
0.006110966052772244
0.030323975993364338
0.021318094105026778
112571759003199e-22
0.2430759096457043
0.06589349410512366
0
0
8177686037148337e-20
6661579185263642e-20
10336378144554194e-22
7596602248353771e-22
0.00019347039028746682
0.009721986918741729
0.005381001367311431
152042335875231e-22
0.00013149279028251316
7328711595882841e-21
0.055428722319400554
0.013347293942815768
0.09697496882915493
3845635300115736e-22
0.05950881181886737
0.007669296476210914
0.00012013864158849329
0.11825363963944695
0.0002963960374393287
18549559457234617e-29
8514576979115646e-20
37361518373033394e-22
0.00012471052316720947
0.016257354736093636
0.0038987615961760605
0.0001635419995454925
0.00015210728275661756
3799874505740515e-24
0.000514390288775488
0.022768826792201886
13135133503121628e-24
0.0018047906435661714
0.001799741888611099
4418670471375945e-20
0.10406631041449965
4337175624012758e-20
0.25452332318667653
0.0019094569713235966
0.1688694335831362
0.003299001939849642
0.0007007127164752092
0.0005691795150767231
4475053833198123e-20
0.2598164331327686
12101940735359273e-21
21567467814327283e-21
0.008278554700224386
0.006430334756433585
21715984601021812e-24
872275311977352e-19
0.003052505922904394
0.12584291629221311
0.029952020382492485
0.00010010938868960523
0.022844332072477148
0.00035407852088050596
0
0.10815655524014699
0.012288360754843158
0.2580915665115759
0.2504723805280192
0.25516588330559875
0.05139306977508207
0.029423001650560974
0.24776165691691876
0.2570939012385161
0.24532848975197002
0.24839914568193133
0.19207087152022692
0.0007650086970013371
0.015654943449797648
0.1332469518765684
0.23222397434418754
0.12967985507371765
0.00029920261743198936
0.026776208748404792
0.22223625885548154
0.1096413348739973
0.15522793045599015
