1.4159174932314496
22671754822000406e-39
4567063184630313e-27
0
3336842249491974e-20
25376712875996597e-26
3355502374851618e-20
0
33880699092974585e-21
0
0.001965255897132527
0
3.249786743948276
0
5.099963370986839
0
32.98589363622244
27.14884679989498
0.0008896238786546567
0.014163259313223105
43549232042578082e-91
7.763778548200697
0.2853595219300893
27415000493766976e-30
0
0.0002156047637482886
4378917325724085e-21
0.0016636179106657377
0.0069139400770004845
0.009325388388470194
0.014607452065281091
2653982004222207e-21
28555540618820762e-25
0.0016153949307364344
29250079134222715e-22
25967299577408664e-23
3135952881336955e-29
0.00024968265191718016
0.00028562795337867353
2.466510396142523
2.880244497292309
0
1.102803276709015
0
4.17021876419928
2.94175811609564
4.200657457722793
0
5.370090459491353
0
4.260189303563162
1.9951745474042633
32.265307318807686
32.90345172492829
2.06584739374611
14.253516399641628
60.36531962473661
1.2945110117175769
0.038839173613305446
0.01299970086349849
11.077847203931023
34.64771713456034
0.5980919382895831
0.8730609587928811
2.12905595005976
1.0059399495084458
74.95313648018482
0
70.6845850866096
0
14.748701731268689
0.021581538117757
0.021914442866819372
0.35157295738716127
5.042526392497206
0.14056632937893876
0.08612149713141552
0
0.0011472650031858307
0.19250375370658135
0.06920602083414616
0.02765238203410171
0.03325456586643918
0.0002721793236373737
0.0001645248207879847
0.0013322709606204408
2.0650583989836564
0.4150399486755542
0.0052273930966360675
0.0003098111906078513
0.0014216539909810751
0.010524181516274418
0.011845282929181508
14377304734528301e-23
0.06730988641069134
0.605691298141026
0.019694977528853973
29338084019964984e-27
24406721187034444e-22
10955389812091856e-21
0
0.809753687823076
0.4344571648166831
0.14872273511018444
0
0.3163775455233288
0.00019782981203614615
0.05826678515342177
0
0.00010504846769356404
0
0.12431522550390187
0.5959031130753801
0
0
0
0
24053351975437157e-22
0.3572599158327401
3469370463676027e-22
3013511974675708e-21
0.36864442051121443
0.2660352564320201
0.1829805234389559
0.5103752477963965
0.03136117452686198
0.5023410853780098
0.0011238959316343144
0.5135137547959551
948847290363582e-21
0.004330894709983446
0.41921258766086444
0.0011670022839729674
9588087080289418e-30
0.004771933038848399
0.02473334865859692
0.19972722266152962
0.02269779660942335
0.03777759021974737
0.049652736922650445
0.13932140939265453
0.2410934884116692
0.18918941151224072
0.24627946465259698
5697008042828623e-31
0.15726894750055911
0.15726756557574859
0.43842290204135953
0.5408867593717415
0.00034859489168634626
0.5338930013070038
0.631188531268752
11.898043390478131
2.1185723812720996
2.8192458533409526
0.09081330104229786
0.4948393880256747
2.6616669029597877
4.2394166805027345
0.5778398157278389
5.13897376817925
7.231933731107228
4.59451962489466
2.47551746403041
2.9399874146118328
0.6614343887878686
31.440991534345464
619.085654716779
4.002048398923847
3921.27648639165
1.0999811509539619
23.21835380500023
1.1686819828222956
45.018781900665545
1.305590964765495
1.3969001469690652
1.0999801394856816
0.8740382726989872
1.0757373177843694
67.5906663363454
0
0.000790501836252814
0.0008315852286078544
0
0.008150403449749986
0.007187176112095555
0.006689064478421875
0.0049722260977487585
0.006050186385049547
0.009443376658666921
0.0051416530675741975
0.010451360357071166
0.004175054767559179
0.0065023873836514805
0.008849976048066446
0.01754773096758986
0.006614895881696931
0.008618319295270828
0.007217827260899375
0.009081558957091205
0.005831796221892012
0.011589879327820608
0.016703427326851553
0.012095325281086762
0.007384710933026748
0.00189965610180507
0.007424493890663608
0.02274058048815573
0.07013197407446148
0.040963111409035254
0.10920867369139788
9119602128391692e-20
0.010073277127309137
0.20140565420496664
4806094783132075e-21
0.07187914720056336
0.010887778926936688
0.0012689869335732885
5486339603700425e-21
12044227791836905e-22
0.09831950333875525
0.08604008257916286
0.004137617464747594
0.03995750141086446
0.020115916381020452
0.00577182039051546
0.012056808604688116
0.0004827925347047684
0.2597441682616057
1569912999501948e-24
0.0764369198655415
0.00034186868482289663
0.009597414333079693
0.010875950405640492
0.00015705203352938202
0.00017086361133348806
0.25758286978598216
0.00039344615634717835
0.05557811134247231
0.21366044175030593
13179221567212865e-22
25861633291977934e-22
0.00014471812777913136
12571411115704528e-21
0.0005943465206224593
170029599945025e-19
14432275993272128e-23
10044036846009649e-22
1907684452489411e-20
0.07437082999047571
0.07513006642370854
4349913318260492e-20
0.0002126654740169586
0.019496407597673234
0.008138445045242483
0.08831233532507743
0.020066475148283466
2782856261918624e-20
0.13000871770237013
0.03814779967949286
5573477265676455e-22
0.23662867341464852
4458962787085866e-22
0.0037596039454904553
0.0009822124219481232
22994565953029753e-28
0.24023994765544374
0.2583435193306336
0.01799862517111604
0.2329723662476855
0.24270283306115573
0.007386225761514245
0.1763594168495442
2233218459133428e-25
463060925662819e-20
0.0006292773591593295
9120348423475422e-20
0.12472883313307402
8645597634380925e-22
0.00011180991468158382
0.15203574376011017
0.0009288588731094709
0.011806856900264312
12200689241672403e-21
0.13089653910400517
0.09353748046402051
0.021103680242178645
31468709669468005e-21
0.0001534408076861662
12006679050931955e-23
0.013619779174926362
0.15308896531504165
8333314492125198e-24
11103254354796247e-21
9106305266145699e-21
9649888472884732e-20
105863634484942e-19
0.2519600830609864
0.15200052282402393
0.0051461821367826295
0.0015475219780387197
0.04126648802276461
0.0058716793314216595
6760239205182904e-20
0.02814469890380633
8323435540498181e-20
0.0007207862885140645
0.07878937302407314
9970375280769107e-22
0.25286249405532685
0.25196372634911174
0.0018269787139299446
0.0005369845080447669
58299100821155844e-25
0.0010304266856343545
1039042125814948e-23
0.01024367254204752
0.029033353894808617
0.0009036259329423589
0.0003375942013130679
0.00015454125920034262
26181785633791362e-22
0.0061109660049890515
0.03032397477341886
0.02131809351034438
11257175900319738e-24
0.24307560246522447
0.06589348799730073
0
0
8177686036299985e-20
6661579184700706e-20
10336378144540642e-22
7596602248346451e-22
0.00019347039023997567
0.009721986797168744
0.005381001330300901
15204233587522804e-24
0.00013149279026057755
7328711595814713e-21
0.05542871807456531
0.013347293712449767
0.09697495481207048
38456353001138597e-23
0.05950880689208082
0.00766929640078096
0.00012013864157018263
0.11825361785153202
0.00029639603732785
18549559457234617e-29
8514576978195951e-20
3736151837285634e-21
0.00012471052314747853
0.016257354392852044
0.0038987615767882467
0.00016354199951155936
0.00015210728272726417
3799874505740497e-24
0.0005143902884396215
0.022768826112338512
1313513350312141e-23
0.0018047906394239718
0.0017997418844920717
4418670471128274e-20
0.10406629404010481
4337175623774139e-20
0.25452313836676493
0.001909456966686333
0.16886938307408816
0.003299001925979912
0.000700712715851796
0.0005691795146654659
4475053832944091e-20
0.25981619980127824
121019407351735e-19
2156746781373725e-20
0.008278554612256295
0.006430334703501071
21715984601021213e-24
8722753118808302e-20
0.00305250591103406
0.1258428911964458
0.02995201919297714
0.00010010938867689141
0.022844331388018946
0.00035407852072140173
0
0.10815653740314918
0.012288360559883827
0.2580913609797099
0.25047221152759336
0.25516569546035855
0.05139306615043875
0.02942300050363279
0.2477613593418662
0.2570937027618246
0.24532818689357452
0.2483989833779598
0.19207080103586374
0.0007650086962582011
0.015654943131806466
0.13324692325326795
0.2322238499744545
0.12967982818821205
0.00029920261731838905
0.026776207802406093
0.2222361513607178
0.10964131648684035
0.1552278893932604
