1.4159276406290793
22631480573920272e-39
4563667962523216e-27
0
3336605707089822e-20
2537444545448541e-25
33551975791828684e-21
0
33877531685931916e-21
0
0.0019653315513100543
0
3.2477989070877333
0
5.099316343935787
0
32.985788993955744
27.14887004607689
0.0008892718936273376
0.014156443096284341
43510594930122546e-91
7.754465082673742
0.28494248680855283
2739383225002928e-29
0
0.00021556736802553976
4377955041542616e-21
0.0016635792740826018
0.006913939337859564
0.0093250167775379
0.014607112858477609
2653609994819742e-21
28554323669637905e-25
0.0016153305621658288
29245963013546637e-22
25966485652614047e-23
3135485912308622e-29
0.00024963942309467904
0.000285578496284758
2.4630815201256304
2.879755937369379
0
1.10277841760784
0
4.1462222108486735
2.940477900567897
4.200794039335133
0
5.370057290816807
0
4.261373857188012
1.9933811439539344
32.26525651776465
32.90339875844498
2.0693622317172635
14.244219712263764
60.15410523572803
1.2948279611560647
0.03861905637482855
0.012973445283939658
11.029573771399198
34.64754158896864
0.5981064704746112
0.8721966252735746
2.1296452338542284
1.0059056107347828
74.88267504599773
0
70.69360833069732
0
14.75117908872934
0.021487118032867448
0.021875075361588177
0.3493016547737441
5.042919910196915
0.14037290839570501
0.08598238321181441
0
0.0011461780048443659
0.1924245022145041
0.06920703398257959
0.027652336011527858
0.03322288188718508
0.00027053251999122047
0.00016352076447256309
0.0013322367012750143
2.0650863776107133
0.41503843254781375
0.005228050275457651
0.0003092985398038812
0.001418241591502041
0.01050907057107532
0.011846046724519471
1437622921436972e-22
0.06731260849656416
0.6057358137467115
0.019695455644769076
2933539034271212e-26
24407432506913468e-22
10937543696283674e-21
0
0.8097511777661922
0.43442733207184825
0.14857591227773928
0
0.316373840012641
0.00019802461608087383
0.05828666684426182
0
0.00010497836924942556
0
0.12431516364248854
0.5958991237843956
0
0
0
0
24053316583466825e-22
0.35725926461800184
3469140376825253e-22
3012934780727889e-21
0.36864361516435684
0.26603500207744735
0.18298116637284728
0.510497951301835
0.031218985794956848
0.5023194484311141
0.0011238953658798938
0.5135132812458868
9488470292644531e-22
0.004310480482776612
0.4192130702324897
0.0011669696669785751
9585325027048596e-30
0.0047759326394602565
0.0247322713656923
0.19972668005220637
0.022698328721907378
0.03777832234562333
0.04965075081750348
0.13931782751575097
0.24109309062658113
0.18919241342590706
0.24628273092932454
5695418925539446e-31
0.15727042221351956
0.15726763399880672
0.4384221732715156
0.5408860854144836
0.000348599301372755
0.533982870777477
0.6311980623303269
11.898239131103132
2.1185732191677826
2.819247280705848
0.09081306337481443
0.49484647146403893
2.661668715239137
4.239420219919595
0.5778387670489328
5.139038528626441
7.232049480358151
4.594563037619411
2.475518086186716
2.9400351855265705
0.6614432909441708
31.435535694771595
619.0856511382464
4.002048397106395
3921.2483140578274
1.0999811508188784
23.21835379991866
1.1686818834747914
45.0187789360208
1.3055909752097752
1.3969001457452472
1.0999801393505664
0.874036924116542
1.0757369760098883
67.59117453221558
0
0.0007905101540749852
0.0008315841448191335
0
0.008150369482477675
0.007187276567480663
0.006689163718522349
0.004972267214851627
0.006050277078214996
0.009443486571322234
0.005141706853578043
0.01045156759566926
0.004175091943818495
0.006502483702244276
0.008850125777013025
0.017548074425483656
0.006614982852216622
0.008618474064127005
0.007217934480063929
0.00908172375306155
0.005831894070103983
0.011590094988022945
0.01670369919062262
0.012095535663179282
0.007384841495161354
0.0018996560650873296
0.007424493325332811
0.02274057506296751
0.07013191830800321
0.04096309329844556
0.10920852788528854
9119602119951304e-20
0.010073276082635054
0.20140501186213927
4806094782897686e-21
0.07187908843789427
0.010887777705041147
0.0012689869172032122
54863396033949885e-22
12044227791689708e-22
0.09831938776227521
0.0860399961571393
0.004137617289998592
0.03995748420630465
0.020115912152657674
0.005771820049668921
0.012056807103748119
0.00048279253233790673
0.2597423505033994
1569912999501923e-24
0.07643685286488089
0.0003418686836363532
0.009597413385432432
0.010875949186419523
0.00015705203327903735
0.00017086361103716942
0.25758077043465466
0.0003934461547754867
0.05557807719189714
0.21365967985755246
13179221567036616e-22
25861633291299244e-22
0.00014471812756656742
12571411114100798e-21
0.000594346517034893
17002959991568807e-21
14432275993250991e-23
1004403684590728e-21
1907684452120111e-20
0.07437076680042934
0.07513000184814908
4349913316340308e-20
0.00021266547355788806
0.019496403629432345
0.008138444365255262
0.0883122438834814
0.02006647094099268
27828562611327496e-21
0.13000850136086817
0.03814778404325123
5573477265644932e-22
0.23662760920451772
4458962787065692e-22
0.003759603801291158
0.0009822124121448667
22994565953029753e-28
0.24023882064915714
0.258341463334543
0.017998621796732332
0.2329713600174531
0.2427003702714981
0.007386225202027173
0.17635896593943914
2233218459133422e-25
4630609256410605e-21
0.0006292773551374763
9120348415033647e-20
0.12472863640395576
8645597634305075e-22
0.00011180991455470649
0.1520354313066944
0.000928858864342974
0.011806855461438911
1220068924016187e-20
0.1308963193431982
0.09353737684018483
0.021103675581444357
3146870965941878e-20
0.00015344080744720314
12006679050917325e-23
0.013619777255213503
0.1530886476310533
8333314492124495e-24
11103254353545235e-21
9106305265304219e-21
9649888463434151e-20
1058636344735695e-20
0.25195868866458615
0.15200021054444302
0.005146181866067328
0.0015475219536840625
0.041266469633967774
0.005871678978628329
6760239200545016e-20
0.02814469052487182
8323435533467276e-20
0.0007207862832367694
0.07878930152848923
9970375280668234e-22
0.25286022635277444
0.2519614355460662
0.0018269786799714816
0.0005369845051165136
5829910082115238e-24
0.0010304266748443053
10390421258148381e-24
0.010243671461463539
0.02903334496617193
0.0009036259246459827
0.00033759420015601745
0.00015454125895793925
2618178563309576e-21
0.006110965622723528
0.03032396501385678
0.021318088752885784
11257175900318449e-24
0.2430731450353604
0.06589343913473765
0
0
8177686029513172e-20
6661579180197209e-20
10336378144432228e-22
7596602248287893e-22
0.0001934703898600465
0.00972198582458492
0.0053810010342166675
15204233587520455e-24
0.0001314927900850928
73287115952696915e-22
0.05542868411589504
0.013347291869521919
0.09697484267546776
3845635300098852e-22
0.059508767477803114
0.007669295797341352
0.0001201386414236974
0.11825344354835707
0.0002963960364360206
18549559457234617e-29
8514576970838398e-20
37361518371439884e-22
0.00012471052298963108
0.01625735164691957
0.00389876142168574
0.00016354199924009433
0.000152107282492437
3799874505740351e-24
0.0005143902857526893
0.022768820673432246
1313513350311966e-23
0.0018047906062863763
0.0017997418515398533
44186704691469064e-21
0.10406616304503893
4337175621865187e-20
0.2545216598123039
0.0019094569295882225
0.16886897900224773
0.0032990018150220726
0.0007007127108644899
0.0005691795113754083
44750538309118327e-21
0.2598143331568989
1210194073368732e-20
21567467809016993e-21
0.008278553908511605
0.006430334280040968
21715984601016432e-24
8722753111086552e-20
0.003052505816071387
0.1258426904304874
0.0299520096768561
0.0001001093885751809
0.022844325912354062
0.0003540785194485679
0
0.1081563947072726
0.012288359000209288
0.2580897167306745
0.2504708595282918
0.25516419270341545
0.05139303715330144
0.029422991328208904
0.24775897875431224
0.2570921149538081
0.24532576403987008
0.24839768495000517
0.19207023716188926
0.0007650086903131123
0.015654940587877256
0.13324669426708577
0.23222285501898807
0.1296796131043679
0.00029920261640958655
0.026776200234417725
0.22223529140448003
0.10964116938969592
0.1552275608918136
