1.4159347626232959
22603256560147703e-39
4561286519484708e-27
0
3336439704589567e-20
2537285898718303e-25
3354984309794245e-20
0
3387530934409949e-20
0
0.0019653695458008743
0
3.2463979346202514
0
5.098861999492089
0
32.9857155223302
27.148886359929588
0.000889024047212036
0.014151713977836827
43483580230831857e-91
7.753982270105035
0.28486771183030224
2737898550446182e-29
0
0.0002155411255519824
4377279917936695e-21
0.0016635521606080594
0.006913938819090528
0.00932475591809303
0.014606874817889472
2653330105076141e-21
28553457045565707e-25
0.0016152853774023224
2924286697405746e-21
259659030069913e-21
3135135967776165e-29
0.0002496090873235498
0.00028554378973097774
2.46068754704248
2.8794109777284915
0
1.1027609953028616
0
4.129534093691841
2.9395729683884277
4.200914555619877
0
5.370034029269875
0
4.262201628251076
1.9921237192618384
32.265213058073876
32.90335219779166
2.0718165175410075
14.237668104941672
60.0143284055281
1.2950494268292365
0.03846483843763587
0.012956830177156948
10.995677972186833
34.64741974135258
0.5981166699899967
0.8715906552106669
2.1300570260625453
1.005881503455581
74.83327155059523
0
70.69976244150081
0
14.752915463234462
0.021420842444012392
0.02184345933986774
0.3479892633136135
5.043310467153426
0.1403447283848248
0.08595657743683587
0
0.0011454158848881665
0.19236963654176037
0.06920774479065657
0.02765230368550773
0.03320066762441474
0.00026938749283393024
0.0001628226912720678
0.0013322126788511347
2.065106008517238
0.4150373682933298
0.005228508927174028
0.0003092068923437782
0.0014169883964180435
0.01050649891000247
0.011846575800118891
14375474316385844e-23
0.06731451746651806
0.6057666389813586
0.01969579097375911
2933349948230404e-26
24407923631372858e-22
10934426732626888e-21
0
0.8097494157648798
0.43440646416280493
0.1484729777336452
0
0.3163712394997492
0.0001981912403494188
0.058300583771268434
0
0.00010492897064485306
0
0.12431512021665655
0.5958963238830033
0
0
0
0
2405328096598706e-21
0.3572588077426587
34689788773852467e-23
30125297464114057e-22
0.36864304992743135
0.26603482311094634
0.18298161712166985
0.5105836891520513
0.03111917431762542
0.502304291811305
0.0011238949673428316
0.5135129483967593
9488468460109901e-22
0.004296154806107322
0.4192134200208882
0.0011669467655470193
9583386920618899e-30
0.004779450991799004
0.024731515291147754
0.19972629921888585
0.022698702092219344
0.037778836088973415
0.049649356904738796
0.139315313572509
0.2410928114385258
0.18919451981972873
0.24628502253396672
5694303834918576e-31
0.15727145654980904
0.15726770921858246
0.43842166178239583
0.5408856123936526
0.0003486023436697433
0.5340456112026971
0.631204750304113
11.898376470433657
2.1185738074462646
2.819248283301646
0.09081289662976147
0.4948514414654035
2.6616699876351713
4.239422706066488
0.5778380313334117
5.139083960569914
7.232130681135109
4.59459349199116
2.4755183875521207
2.9400686964993383
0.6614495372535258
31.4317185948585
619.0856486266381
4.002048395830809
3921.2285413063064
1.0999811507240695
23.218353796352133
1.1686818137473278
45.01877685527238
1.3055909825332332
1.3969001448863054
1.0999801392557353
0.8740359776090658
1.0757367361340788
67.59153056002967
0
0.0007905159902788249
0.0008315833843055299
0
0.008150345645688454
0.0071873470329933565
0.006689233333963391
0.004972296047295828
0.006050340696422368
0.009443563676126128
0.0051417445753969915
0.0104517129916495
0.0041751180124640665
0.006502551268229228
0.008850230817153677
0.017548315388221613
0.006615043856240403
0.008618582643390348
0.007218009693140637
0.009081839367793845
0.005831962718079615
0.011590246287759218
0.016703889909689892
0.012095683256469422
0.0073849330906588925
0.0018996560393168274
0.00742449292855301
0.022740571255276835
0.07013187916810361
0.040963080587455875
0.10920842555076637
9119602114027379e-20
0.010073275349426166
0.20140456103231538
4806094782733178e-21
0.07187904719509355
0.010887776847448644
0.0012689869057138042
54863396031806155e-22
12044227791586395e-22
0.09831930664451193
0.08603993550152607
0.004137617167350265
0.039957472131215546
0.020115909184963792
0.00577181981044434
0.012056806050307105
0.00048279253067671493
0.259741074709663
15699129995019055e-25
0.07643680584021713
0.00034186868280357263
0.009597412720322223
0.010875948330704181
0.00015705203310333184
0.00017086361082919695
0.2575792970062088
0.0003934461536723882
0.055578053223183134
0.21365914512150322
13179221566912911e-22
25861633290822907e-22
0.00014471812741737852
12571411112975216e-21
0.0005943465145169445
1700295998950979e-20
14432275993236158e-23
10044036845835433e-22
19076844518609163e-21
0.07437072245025839
0.07512995652555099
4349913314992619e-20
0.00021266547323568744
0.019496400844306067
0.00813844388800337
0.08831217970486457
0.020066467988088255
278285626058118e-19
0.13000834952087925
0.03814777306889232
5573477265622809e-22
0.23662686228696636
44589627870515317e-23
0.0037596037000842703
0.0009822124052644096
22994565953029753e-28
0.24023802965815563
0.2583400203347081
0.017998619428407144
0.23297065379307727
0.24269864176701986
0.007386224809348817
0.17635864946695118
22332184591334182e-26
4630609256257891e-21
0.0006292773523147217
9120348409108752e-20
0.1247284983289721
8645597634251839e-22
0.0001118099144656571
0.15203521201031814
0.0009288588581901711
0.011806854451593284
12200689239101695e-21
0.13089616510336083
0.09353730411142326
0.021103672310288778
314687096523657e-19
0.0001534408072794859
12006679050907058e-23
0.013619775907855023
0.15308842466358763
8333314492124002e-24
11103254352667207e-21
9106305264713622e-21
964988845680122e-19
10586363446558768e-21
0.25195771000614653
0.1519999913700731
0.00514618167606465
0.0015475219365906428
0.041266456727717345
0.005871678731018842
6760239197289894e-20
0.028144684644082464
8323435528532606e-20
0.0007207862795328773
0.0787892513490481
9970375280597437e-22
0.25285863476823195
0.2519598277486372
0.0018269786561375904
0.0005369845030613066
58299100821149955e-25
0.0010304266672712633
10390421258147612e-24
0.01024367070305114
0.029033338699571906
0.0009036259188231359
0.00033759419934393663
0.0001545412587878074
26181785632607557e-22
0.006110965354428857
0.030323958164068476
0.021318085413843856
11257175900317546e-24
0.24307142029258844
0.06589340484036144
0
0
8177686024749818e-20
666157917703641e-19
1033637814435614e-21
7596602248246793e-22
0.0001934703895933916
0.009721985141972884
0.005381000826408698
15204233587518807e-24
0.00013149278996192807
7328711594887166e-21
0.055428660281870205
0.013347290576055314
0.0969747639719933
3845635300088319e-22
0.059508739814740134
0.007669295373814723
0.00012013864132088608
0.11825332121308531
0.00029639603581008633
18549559457234617e-29
851457696567447e-19
3736151837044574e-21
0.0001247105228788452
0.01625734971967545
0.003898761312826389
0.00016354199904956545
0.00015210728232762258
37998745057402495e-25
0.0005143902838668544
0.022768816856113514
13135133503118432e-24
0.001804790583028614
0.0017997418284121985
4418670467756275e-20
0.10406607110569288
4337175620525379e-20
0.254520622087692
0.0019094569035507565
0.16886869540328422
0.003299001737145843
0.0007007127073641281
0.0005691795090662675
4475053829485485e-20
0.2598130230526056
12101940732644236e-21
21567467805704058e-21
0.008278553414585435
0.006430333982833708
21715984601013074e-24
872275310566701e-19
0.0030525057494214334
0.12584254952223628
0.02995200299792785
0.00010010938850379496
0.02284432206923614
0.0003540785185552241
0
0.10815629455567671
0.012288357905545192
0.2580885627137467
0.25046991062618607
0.25516313799234447
0.051393016801546954
0.029422984888400304
0.24775730794246587
0.25709100054985023
0.2453240635639759
0.24839677364687227
0.19206984140552893
0.0007650086861405263
0.015654938802409958
0.13324653355239416
0.23222215670780502
0.12967946214706946
0.0002992026157717397
0.02677619492279415
0.22223468784252168
0.10964106614905686
0.1552273303320902
