1.416665194982283
19887186640485887e-39
4323531925955445e-27
0
33194691829562606e-21
25225348609935007e-26
33351232355133174e-21
0
3365428815365278e-20
0
0.001957535053038299
0
3.1043604999023886
0
5.051261109622177
0
32.978055538358724
27.150554136630113
0.0008639016384910134
0.01388734995404857
41038240219616857e-91
7.959332631177824
0.2868308095511769
25900315238130048e-30
0
0.00021286659036303909
43091432988642465e-22
0.0016607789621124198
0.006913885614813987
0.009297841119905642
0.014582527742950963
26131518551362014e-22
28394341009007745e-25
0.0016106233059649134
28798911179354e-19
25842143471457163e-23
3085723810999243e-29
0.0002465177170726639
0.0002820066177111439
2.264293005569568
2.8366793718954555
0
1.1010756049103452
0
2.9519634919562727
2.8405870653272336
4.246284585775535
0
5.36789952583873
0
4.337922909852994
1.8443555336404223
32.24506504268559
32.87970962736101
2.2668424298400374
13.575360104052955
53.77796331005732
1.3152401421256403
0.02282098759356018
0.013202095507337324
7.201741469825325
34.640535606817
0.5991618028825525
0.8123452124512581
2.167707041989544
1.0033872200366216
69.98658969947583
0
70.69493263898696
0
14.920113540528115
0.01415201841990134
0.015013062535554659
0.21933690780534687
5.083351860554928
0.14215930335646884
0.08649261847784391
0
0.001070679164552342
0.18981415682286984
0.06927390983243503
0.027648554566690766
0.03102424347050762
0.00018886080538074208
0.00011382787592859171
0.0013298445364325537
2.066953800353797
0.4149274664183742
0.005268420512610583
0.00031167282705543887
0.001340878403165185
0.010588546775129359
0.011876838056278313
1429769562757252e-22
0.06749918458026277
0.6077804562174045
0.019727594502924762
2913557611040242e-26
24436501140369904e-22
11030765070092387e-21
0
0.8095675377416129
0.43255981828910767
0.13841134765979773
0
0.3161053459507946
0.00027571359325569286
0.0596139051917081
0
9994064598285278e-20
0
0.1243106321534233
0.5956092032966366
0
0
0
0
239875689371945e-20
0.3572127098603796
34523186757213547e-23
2971301795509886e-21
0.3685850756913213
0.26600488623952956
0.18302575641623683
0.5183997949226528
0.020094033288956186
0.5008752830176546
0.0011238480360731952
0.5134768036468218
948828051757576e-21
0.002735769925179317
0.41929756282164754
0.0011644927138385504
9386368550769326e-30
0.006554859825059733
0.024654124965453637
0.1996872380482797
0.022734088173045848
0.03782839217876569
0.049506587308389804
0.13905743626269074
0.24106417386134757
0.18939648277124282
0.2464970117910151
5580562229502004e-31
0.15736032844968922
0.15732917963336654
0.4383692100336828
0.540837094688521
0.00034870835349633386
0.539507845666701
0.6318488191874734
11.911298603525175
2.118634957985983
2.819354382243123
0.09079605689222403
0.4953190016846865
2.661802301498788
4.239685900526502
0.5777638420918509
5.143297607588345
7.239643705791938
4.597337460230495
2.4755161411021516
2.943156259081
0.6620437477479357
31.08829296699138
619.0853910359276
4.002048265006602
3919.2011755463386
1.0999811410004552
23.218353430568857
1.1686746625145512
45.01856345404064
1.3055917128423336
1.3969000567933656
1.0999801295298377
0.8739389074545152
1.0757121347335081
67.62670154397728
0
0.0007910577988927815
0.0008315060043525772
0
0.008147914564873349
0.0071936034179288545
0.00669547007369794
0.004974605556048574
0.006056064059543189
0.009450618138325087
0.005144927904277236
0.010465222928043383
0.004177233787575163
0.006508602992023899
0.008859821645015142
0.01757066538206871
0.0066204064032201965
0.00862857926287067
0.007224761727476114
0.009092504563149577
0.005838259021979677
0.011604231525614305
0.01672120259125073
0.012109230982471507
0.007393331594628712
0.001899653396293701
0.007424452234894083
0.02274018074156929
0.07012786509252535
0.04096177696817229
0.10919793062232094
9119601506469214e-20
0.010073200151741112
0.20135832924430547
4806094765861137e-21
0.07187481745545937
0.010887688893044036
0.001268985727359664
5486339581194483e-21
12044227780990475e-22
0.09831098755491391
0.0860337148835258
0.004137604588546285
0.03995623372838377
0.020115604820340863
0.005771795275602742
0.012056698009791934
0.0004827923603047624
0.25961026246342256
15699129995001064e-25
0.07643198314016024
0.0003418685973935344
0.009597344506805085
0.010875860568820095
0.00015705201508296176
0.00017086358949952227
0.2574282268048782
0.0003934460405385221
0.05557559504464115
0.213604309651403
13179221554225868e-22
25861633241969668e-22
0.00014471811211655305
12571410997535357e-21
0.000594346256275976
17002959778336228e-21
14432275991714733e-23
1004403683846662e-21
19076844252778664e-21
0.07436617403323975
0.07512530838106084
43499131767735535e-21
0.00021266544019076333
0.019496115203620774
0.008138394941155506
0.08830559778790563
0.020066165140256085
27828562040121602e-21
0.12999277773986131
0.03814664755443422
5573477263353815e-22
0.23655027087573505
44589627855992614e-23
0.0037595933203113806
0.0009822116996043863
22994565953029725e-28
0.24015691937987715
0.25819206893896623
0.017998376534420487
0.23289823472628207
0.24252143155350672
0.007386184536332601
0.17632619503620295
2233218459133055e-25
4630609240595464e-21
0.0006292770628128228
9120347801451141e-20
0.12471433815807992
8645597628792117e-22
0.00011180990533274277
0.15201272263422924
0.0009288582271583647
0.011806750882194702
1220068913036998e-20
0.13088034721708672
0.0935298453434828
0.02110333682297478
3146870892900115e-20
0.00015344079007839046
12006679049854066e-23
0.013619637723357617
0.15306555882500333
8333314492073279e-24
11103254262616443e-21
9106305204141888e-21
9649887776527135e-20
10586363364697179e-21
0.2518573588941482
0.15197751450548813
0.0051461621894103755
0.0015475201834889848
0.04126513308296324
0.005871653336223235
6760238863444266e-20
0.028144081516329703
8323435022432508e-20
0.0007207858996614746
0.07878410511082536
9970375273336317e-22
0.2526954549059428
0.2517949863738972
0.0018269762117332402
0.0005369842922791299
5829910082090169e-24
0.001030425890579696
1039042125806875e-23
0.010243592920506391
0.029032696003700384
0.0009036253216316583
0.00033759411605686364
0.0001545412413390733
26181785582537255e-22
0.006110937838166205
0.030323255657388724
0.02131774296418453
1125717590022498e-23
0.24289459549609035
0.06588988770087618
0
0
8177685536219919e-20
6661578852864524e-20
10336378136552134e-22
7596602244031579e-22
0.00019347036224523912
0.009721915133476271
0.005380979513647505
1520423358734996e-23
0.00013149277733014267
7328711555655227e-21
0.055426215916592435
0.013347157918671294
0.09696669247586749
38456352990080873e-23
0.05950590275683511
0.0076692519370102725
0.00012013863077654839
0.11824077516882561
0.0002963959716142178
18549559457234617e-29
8514576436061629e-20
37361518268485367e-22
0.00012471051151663327
0.016257152062560867
0.003898750148217851
0.00016354197950890797
0.00015210726542424276
3799874505729705e-24
0.0005143900904554925
0.02276842535496409
13135133502992405e-24
0.001804788197712061
0.0017997394564394761
4418670325133001e-20
0.10405664222954157
4337175483114634e-20
0.2544142154251072
0.0019094542331478156
0.1688396119975658
0.0032989937501625775
0.0007007123483668136
0.0005691792722406288
44750536831990546e-21
0.2596786937164341
12101940625665489e-21
2156746746592893e-20
0.00827850275763003
0.006430303501303815
21715984600668622e-24
872275254983853e-19
0.0030524989138039607
0.12582809879735116
0.029951318014362818
0.00010010938118244483
0.0228439279221546
0.0003540784269338183
0
0.10814602349159547
0.012288245637216288
0.25797023403382696
0.25037261023044877
0.255054989880026
0.05139092956660059
0.029422324428543877
0.2475860091540943
0.25697673283020733
0.2451497251854992
0.24830332806939942
0.19202925692826922
0.0007650082581998634
0.01565475568580686
0.1332300516687426
0.23215054900127288
0.1296639808863128
0.0002992025503541112
0.026775650167804588
0.22217279517875899
0.10963047829619582
0.1552036859249082
