1.4166076672043952
20088778091900106e-39
4341798735626612e-27
0
33208022176600316e-21
25236195726980807e-26
3336585418869929e-20
0
3367106110061783e-20
0
0.001958259366000625
0
3.1141000917514443
0
5.0550764897518485
0
32.97866791935954
27.15042316372039
0.0008656645519661742
0.013893079542928495
412136627795561e-89
7.943846183291726
0.2866703641656859
26013674680503138e-30
0
0.00021307602350749606
4314432427963963e-21
0.0016609972663991423
0.006913889805052253
0.009299970956220356
0.014584444328315729
2616175533950961e-21
2841137782024341e-24
0.0016109922290736963
28832324583323698e-22
25856000043846804e-23
3089446829000904e-29
0.00024675976845031937
0.0002822836007523536
2.2765340185612732
2.8404724238493446
0
1.1012015862707798
0
3.014377735132944
2.847724494177251
4.241971903315383
0
5.368045160663356
0
4.332568709932728
1.859076287392361
32.247572278542265
32.8826781885652
2.2556899319790875
13.620652471119827
54.31390765524012
1.3138171839302883
0.024037166916122045
0.013177751759086585
7.524480205157284
34.64069774643359
0.5990796985546923
0.8168080894569134
2.16504649228806
1.0035848009312693
70.35282615439564
0
70.73282219109947
0
14.907734549937242
0.014764711885162632
0.015619804501854049
0.22990947975471732
5.08053359523102
0.1420165397937999
0.08644750213565527
0
0.0010763271389671232
0.18980373443707188
0.06926944214434382
0.027648895812339137
0.031188504753548174
0.0001931240479500753
0.00011641723661031563
0.0013300244102779956
2.0668267099323145
0.41493618140971394
0.005265764530502984
0.0003114688468340734
0.0013466829373379972
0.010582371217200518
0.011875818013138464
1430385947374669e-22
0.06748564191256148
0.607697613119221
0.019725347564132186
29151585178715126e-27
24435703319161905e-22
11022855728753293e-21
0
0.8095819301222291
0.43268524664298913
0.13916912235560147
0
0.3161262360386568
0.0002660537398624274
0.05951825825514947
0
0.00010028147820527056
0
0.1243109880074507
0.5956318135864195
0
0
0
0
23996834045811307e-22
0.35721628997330657
3453640791478445e-22
2974526513022617e-21
0.36858964190479737
0.26600852778240147
0.18302242460322357
0.5178489696175838
0.021020368037779073
0.5009789694160834
0.0011238521458275847
0.5134797868149976
9488295319531443e-22
0.0028652143191155634
0.4192874494126137
0.0011646965919917096
9401769920344825e-30
0.006333541739540324
0.024660207759157216
0.19969031465430304
0.02273162733804963
0.03782484083907777
0.04951781802121909
0.13907775464088995
0.2410664296098205
0.18938214343733298
0.2464828802009402
5589494915437821e-31
0.15735522944468291
0.15732330882554252
0.4383733405344463
0.540840916205386
0.00034871340419253215
0.5391415995089862
0.6318027713663124
11.91041052649917
2.1186300881931404
2.8193458112775835
0.09079736576391703
0.4952868722247762
2.6617917612384705
4.23966463253429
0.5777696009592963
5.1430144618627605
7.239140845721919
4.597163336213846
2.4755167307353076
2.942950992615212
0.6620021135215433
31.11219557995495
619.085411323389
4.002048275310123
3919.360809857382
1.0999811417662726
23.21835345937741
1.1686752257335353
45.01858026117096
1.3055916564257117
1.3969000637314262
1.0999801302958352
0.873946552288542
1.075714072283237
67.62401186437128
0
0.0007910215287458518
0.0008315120574285577
0
0.008148105133520593
0.0071932178805473
0.006695078641490032
0.00497449529557415
0.0060557012008184315
0.009450156098414675
0.005144752839269418
0.010464314148203613
0.004177128561522071
0.006508223348438221
0.008859196932674613
0.01756916650877775
0.006620082774287596
0.00862791788467967
0.0072243361803319495
0.0090917963923677
0.005837845996543372
0.011603299319220047
0.01672008771039227
0.012108339638606474
0.007392780199440035
0.0018996536044541803
0.007424455439858695
0.022740211497611035
0.07012818122687686
0.04096187963780395
0.10919875715085411
9119601554319599e-20
0.010073206074179782
0.20136197000688189
48060947671899545e-22
0.07187515057449988
0.010887695820177757
0.0012689858201650626
5486339582926077e-21
12044227781824995e-22
0.0983116427286337
0.08603420479393072
0.004137605579232991
0.039956331261776286
0.020115628791483677
0.005771797207926983
0.012056706518868822
0.00048279237372300454
0.2596205626530393
1569912999500248e-24
0.07643236295788196
0.00034186860412030256
0.009597349879183741
0.010875867480791267
0.0001570520165022195
0.00017086359117941596
0.25744012165667307
0.0003934460494487778
0.05557578864322201
0.21360862790174473
13179221555225079e-22
2586163324581728e-21
0.0001447181133216235
12571411006627233e-21
0.0005943462766146507
17002959794967947e-21
1443227599183456e-22
10044036839046977e-22
19076844273715082e-21
0.07436653224978011
0.07512567445164924
43499131876594834e-21
0.00021266544279333275
0.019496137700109058
0.008138398796126548
0.08830611615220456
0.020066188991939946
2782856208467453e-20
0.12999400408275794
0.03814673619709224
5573477263532518e-22
0.23655630220312032
445896278571364e-21
0.0037595941378059817
0.0009822117551811132
22994565953029725e-28
0.2401633065124722
0.25820371829869215
0.017998395664274584
0.232903937528671
0.24253538367386757
0.007386187708168138
0.17632875088273645
22332184591330837e-26
4630609241829014e-21
0.0006292770856135616
9120347849309359e-20
0.12471545333398344
8645597629222117e-22
0.00011180990605203765
0.15201449374370976
0.0009288582768574858
0.01180675903913519
12200689138933529e-21
0.13088159294118898
0.0935304327634939
0.021103363245268535
3146870898597228e-20
0.00015344079143312335
12006679049936996e-23
0.013619648606514457
0.15306735958089993
8333314492077274e-24
11103254269708707e-21
9106305208912428e-21
964988783010452e-19
10586363371144477e-21
0.251865260949906
0.15197928462968732
0.0051461637241479175
0.0015475203215606199
0.041265237329736304
0.005871655336275988
6760238889737456e-20
0.02814412901731523
8323435062292206e-20
0.00072078592957958
0.07878451040878146
9970375273908193e-22
0.25270830289062796
0.2518079651247243
0.0018269764042508118
0.0005369843088800211
5829910082092125e-24
0.00103042595175076
1039042125807496e-23
0.010243599046523744
0.02903274662096548
0.000903625368665566
0.00033759412261643023
0.00015454124271330988
2618178558648072e-21
0.006110940005302072
0.030323310985190786
0.021317769934816277
1125717590023227e-23
0.24290851728914986
0.06589016469879655
0
0
8177685574695814e-20
6661578878395825e-20
10336378137166767e-22
7596602244363563e-22
0.00019347036439913923
0.00972192064722417
0.005380981192206156
15204233587363258e-24
0.00013149277832500347
7328711558745077e-21
0.05542640842729462
0.013347168366523846
0.09696732815065384
3845635299093165e-22
0.0595061261944346
0.007669255358020157
0.00012013863160700489
0.11824176322852208
0.00029639597667018946
18549559457234617e-29
8514576477773155e-20
37361518276515616e-22
0.00012471051241150433
0.01625716762965721
0.0038987510275248325
0.00016354198104790132
0.00015210726675552803
3799874505730536e-24
0.0005143901056882842
0.02276845618877438
13135133503002329e-24
0.0018047883855759688
0.0017997396432524444
4418670336365801e-20
0.10405738480296112
43371754939369016e-21
0.2544225942432281
0.0019094544434646867
0.16884190238208616
0.0032989943792049265
0.0007007123766409072
0.0005691792908926641
4475053694720359e-20
0.25968927077729603
12101940634090976e-21
2156746749268912e-20
0.00827850674728606
0.00643030590197902
21715984600695747e-24
8722752593614762e-20
0.00305249945216658
0.12582923685497938
0.029951371962092264
0.00010010938175906357
0.022843958964352113
0.00035407843414978456
0
0.10814683239010411
0.012288254479267478
0.25797955145810897
0.2503802720950206
0.25506350580309683
0.051391093951078666
0.02942237644485258
0.24759949609697818
0.2569857305449127
0.2451634513239726
0.24831068643011867
0.19203245299086016
0.0007650082919038317
0.015654770107723388
0.1332313496836851
0.23215618791774698
0.1296652001005816
0.00029920255550630685
0.026775693071503986
0.2221776691285023
0.10963131214281538
0.15520554799296588
