1.4179883338737027
1576721483349476e-38
39239721828365935e-28
0
32889597570313426e-21
24989847892373647e-26
330334863229192e-19
0
3329733837765818e-20
0
0.0019403954482825963
0
3.0250937748143145
0
4.96263184676024
0
32.96353179505404
27.15354860310489
0.0008457969470358076
0.014579117892635138
37392881697589425e-91
8.204222678438864
0.2887214365552266
23429844136428572e-30
0
0.00020810603399178435
4190633003450232e-21
0.0016557426039046914
0.006913789241836072
0.00924866804648079
0.01453831140242317
25628580348065495e-22
2790769430450749e-24
0.001602105683160857
2824260296836549e-21
2543643618596464e-22
30229122739577206e-30
0.00024101656917769734
0.00027571069116010135
2.1295838261551703
2.741883312926638
0
1.0983824858999063
0
2.2272151880578925
2.7759383562280417
4.329365500102029
0
5.365619423683828
0
4.4119617098420605
1.0949263805989493
32.092573624624656
32.69756992392557
2.34160617681538
13.207425055821943
29.83826394434674
1.3347446329212986
0.0038643802179287793
0.009498936677771736
1.398989752538902
34.6514317672746
0.601006950352909
0.7184860201155356
2.204393079008619
0.998759511334383
62.23996001715859
0
68.76748811995688
0
15.169960850625657
0.0027771785862528717
0.0031067408347648885
0.04011852484848466
5.121777950351365
0.14444830979822437
0.08700137558933355
0
0.0009510779705114317
0.20183756397185804
0.06932920838433825
0.027637851428081974
0.027557301114143562
0.00013917874057773144
8365887756544127e-20
0.0013259497193463456
2.0686917106646185
0.41472400389224245
0.005293699310476406
0.00031434309308472967
0.0012050003564301895
0.010654219498574397
0.01186572641155637
1415352242736214e-22
0.0677569985040663
0.6045680013688596
0.019764069683707326
2874204241301568e-26
243504822319451e-20
11140882672204501e-21
0
0.8092351089871278
0.4304670749722696
0.12247871182958177
0
0.3156260116013427
0.0008543753319982002
0.061308238181089506
0
9716914090410931e-20
0
0.12430234613304843
0.5950893185406955
0
0
0
0
23676980054699056e-22
0.3571318910703578
34212911311756634e-23
28981711803696207e-22
0.3684800413642391
0.265839065705667
0.18309707657303662
0.525954293441095
0.003816984971902489
0.498828730117722
0.0011237373696180322
0.5134027534630909
9487940072166923e-22
0.0005092696424747659
0.4196701735886713
0.0011591881474298067
9037111152087988e-30
0.019301005672702765
0.02451511055406383
0.19961646652358267
0.02276958197249239
0.037887332614452436
0.049248912779992056
0.13858960507832446
0.24101227698533437
0.18962557222651646
0.2466573248190351
5375510738347499e-31
0.15735629801025816
0.1573718850785893
0.438274225213709
0.540749184060625
0.00034819426739050006
0.5440039890399658
0.6326064389412576
11.923386961707848
2.1187484473290583
2.819557402209947
0.09076647894225409
0.4957563161022075
2.662048034350086
4.240189857803024
0.5776339283501833
5.146728804108133
7.245598674080238
4.598658651519725
2.4755016341127916
2.945494107086245
0.6626696561734907
30.65490156985166
619.0849244244971
4.002048028025602
3915.5313803682693
1.0999811233866517
23.21835276797216
1.16866170855283
45.018176891774864
1.3055929893348766
1.3968998972181492
1.0999801119118984
0.8737630889521206
1.075667572051788
67.68056393231292
0
0.000791476587814838
0.0008313680453852462
0
0.008143557068118541
0.007195625670108604
0.006698101733604832
0.0049725664907495975
0.0060588259408175475
0.009455306485029638
0.005144128839480377
0.010476187783835628
0.0041757469391121155
0.006511141396607285
0.008865842683334433
0.017588426187063782
0.006621548807789083
0.008635742484845907
0.007227766418795696
0.009100368408590308
0.005842428819379928
0.011614860132732193
0.016730946648175912
0.012118509337456307
0.007398979862146197
0.0018996486086089726
0.007424378521089857
0.022739473364089883
0.07012059439575996
0.04095941563766815
0.10917892219262329
911960040591042e-19
0.010073063936612755
0.2012746098710249
4806094735298344e-21
0.07186715614363051
0.01088752957018486
0.0012689835928373688
5486339541367789e-21
12044227761796528e-22
0.09829591976438323
0.0860224477141462
0.004137581802817499
0.039953990526064714
0.02011505349194019
0.005771750832323725
0.01205650230268093
0.00048279205168529613
0.2593734708567912
1569912999496847e-24
0.076423247853475
0.0003418684426779032
0.009597220942925996
0.010875701594695523
0.00015705198244003702
0.00017086355086197167
0.2571547968501047
0.0003934458356026979
0.055571142463411445
0.21350501398380625
13179221531243977e-22
2586163315347464e-21
0.0001447180843999357
12571410788422259e-21
0.0005943457884866512
17002959395806727e-21
14432275988958755e-23
10044036825118422e-22
1907684377124102e-20
0.07435793552903133
0.07511688924983352
4349912926397168e-20
0.0002126653803316755
0.019495597791554783
0.008138306277325534
0.08829367624881852
0.020065616559352222
27828561015404283e-21
0.12996457504609718
0.03814460883014969
5573477259243654e-22
0.2364115927803815
4458962782968554e-22
0.0037595745179846143
0.000982210421340538
22994565953029664e-28
0.2400100622039299
0.2579242786782983
0.017997936553387966
0.23276710880416804
0.24220075421253026
0.007386111584491199
0.17626742078966195
22332184591323936e-26
4630609212223813e-21
0.000629276538396059
9120346700712202e-20
0.12468869186429068
8645597618902121e-22
0.00011180988878896208
0.15197199281096843
0.0009288570840793143
0.011806563274118822
12200688933408328e-21
0.1308516988349651
0.09351633570142863
0.021102729119348834
31468707618665246e-21
0.00015344075891953704
12006679047946633e-23
0.013619387413150542
0.15302414728591893
8333314491981396e-24
11103254099494342e-21
910630509441945e-20
9649886544247384e-20
1058636321640934e-20
0.25167568002195123
0.15193680733868126
0.005146126890573223
0.0015475170078447763
0.04126273547986729
0.005871607335197935
6760238258700925e-20
0.028142989015789592
832343410565951e-19
0.0007207852115453905
0.07877478383327559
9970375260183193e-22
0.2524001314759853
0.25149665966643986
0.0018269717838346954
0.0005369839104587762
5829910082045197e-24
0.0010304244836462308
10390421257925901e-24
0.010243452023118382
0.029031531830959578
0.0009036242398524549
0.00033759396518686746
0.00015454120973163599
2618178549183763e-21
0.006110887994253401
0.03032198314580341
0.021317122649072116
11257175900057308e-24
0.2425746143831558
0.06588351707009454
0
0
8177684651274381e-20
6661578265644642e-20
10336378122415605e-22
7596602236395946e-22
0.00019347031270554348
0.00972178831813767
0.005380940906943048
15204233587044105e-24
0.00013149275444834666
7328711484588676e-21
0.05542178835498225
0.013346917620319816
0.09695207310587377
38456352970513083e-23
0.05950076392359852
0.007669173254204119
0.00012013861167605067
0.1182180520744587
0.0002963958553268936
18549559457234617e-29
8514575476696563e-20
3736151808378967e-21
0.00012471049093460063
0.01625679402345903
0.003898729924212007
0.00016354194411206485
0.00015210723480468507
37998745057106e-22
0.0005143897401014094
0.02276771618885206
13135133502764126e-24
0.0018047838768475803
0.0017997351597465587
4418670066778632e-20
0.10403956450338003
4337175234202483e-20
0.25422157874853346
0.0019094493958661744
0.16878694172797198
0.003298979282221654
0.0007007116980629756
0.0005691788432439859
4475053418209073e-20
0.25943554018198584
12101940431879253e-21
21567466850444603e-21
0.008278410996072027
0.006430248286021489
21715984600044673e-24
8722751542985252e-20
0.003052486531489922
0.12580192631261444
0.029950077243403997
0.00010010936792021468
0.022843213963254023
0.00035407826096663493
0
0.10812742049567779
0.012288042271794898
0.25775602612932136
0.2501964520417486
0.2548592021039026
0.05138714886872659
0.029421128078824514
0.24727601214869846
0.25676987231864773
0.24483423601816162
0.24813414594305538
0.1919557621682028
0.0007650074830090028
0.015654423985393597
0.13320020081510983
0.23202089171810308
0.12963594212197957
0.00029920243185363547
0.02677466340169216
0.2220607238400226
0.10961130157428704
0.15516086452488895
