1.418889301159921
13459702473320502e-39
3673251848689324e-27
0
32683608089854016e-21
24835637248482933e-26
32825326316845817e-21
0
33075787350424995e-21
0
0.0019296225563004289
0
3.134965747067083
0
4.904705532739847
0
32.95316958771123
27.15556633780546
0.000858754290470163
0.015857166341399043
35166906404235646e-91
8.229537700414387
0.2870161642922011
2188631177220195e-29
0
0.0002049254939930145
4112553035127412e-21
0.0016523117350253755
0.006913723621163868
0.009215376307936618
0.014508190318210809
25465284659346504e-22
2758292411913432e-24
0.0015963390120826715
28061276159660216e-22
2516539128109484e-22
3001352291183817e-29
0.00023734197552900425
0.00027150452786080405
2.1597419452624727
2.6822083354995168
0
1.0965932383264558
0
2.099299562641746
2.8491072536566824
4.34803945820746
0
5.3647826339928475
0
4.418821701218734
0.7586391275573678
31.89088924873295
32.45645865334782
2.2943311871548904
13.717797823285357
24.962216501138222
1.33636898747161
0.0018687819610012514
0.008515393121627407
0.6890696838780862
34.67128682626523
0.6021742149217215
0.6631772685183662
2.207594504140983
0.995413737914679
57.63411747182424
0
66.67624875718221
0
15.307042432046813
0.001285255974351873
0.0013467889576714424
0.019476977816885985
5.124327744831088
0.14441801198415433
0.08642937351385693
0
0.0008798624905210726
0.22191514556886272
0.06931779127789801
0.027627596302886057
0.025502628619195687
0.00013010036656194813
781084384693779e-19
0.0013234320079430918
2.068642605062491
0.4145830829779326
0.005279628380569332
0.0003126881710472553
0.0011084179138429965
0.010583981543324225
0.011835415381409175
14053653380361159e-23
0.06788328747113839
0.5983703958826548
0.019773933809319914
2845110596770614e-26
2420347980230995e-21
11093212835860647e-21
0
0.8090093706034636
0.42974059919889357
0.11309170025871788
0
0.31529922187324766
0.0015856460657618892
0.06200267396347833
0
0.00010099921975421346
0
0.12429660441921976
0.5947354594489279
0
0
0
0
2345389912499649e-21
0.3570774253040266
3399710430558949e-22
28494934523574356e-22
0.36840850780022816
0.2656412111788433
0.1831424552001882
0.5265938816435799
0.0018749276292430465
0.4976185925972843
0.0011236479721673427
0.5133471290003095
9487708245217887e-22
0.00024954171531737786
0.41999725029483503
0.0011549908512107601
880487083452085e-29
0.03397905057362475
0.024421889155728668
0.19956826565944416
0.022771694049057167
0.03790375229668709
0.049074133641042454
0.13827093625717735
0.2409769219191062
0.18967691121796168
0.24659549000856434
5236705603656481e-31
0.15722818821079482
0.15727686304573985
0.438209548636833
0.540689305664987
0.0003476981607829442
0.5439577963692482
0.6328085580047573
11.922956092349763
2.1188260121175384
2.8196966815759756
0.0907465358846887
0.49574079293615814
2.662216008871177
4.240535646499243
0.5775464098518325
5.145896033954976
7.243890953123096
4.59677991188648
2.4754952493211766
2.944645627234241
0.6627514105320459
30.45935000182487
619.0846066941585
4.002047866657722
3913.0344670681015
1.0999811113928535
23.218352316789044
1.168652887871127
45.017913671152826
1.3055938470348778
1.3968997885581256
1.0999800999152833
0.873643382469902
1.0756372289626415
67.70891933340117
0
0.0007913278470103707
0.0008312745962358992
0
0.008140596107928312
0.007189925230843725
0.006693305312571053
0.004966450972983898
0.006054953016145271
0.009452372837559628
0.0051385995948724774
0.0104733610756862
0.004170713453978554
0.006506465588522477
0.00886130734074393
0.017583220414675717
0.006615813143708048
0.008632292362547865
0.007222799162221986
0.009097005133095805
0.005839725477301478
0.011610911068944092
0.016721128819472176
0.012113217209962288
0.007395548252996391
0.0018996453485293182
0.007424328327438693
0.022738991700895172
0.07011564397886787
0.04095780781065026
0.10916598064294103
9119599656505067e-20
0.010072971184460633
0.20121762261297288
4806094714487167e-21
0.07186193978049547
0.010887421083525169
0.0012689821393754132
548633951424853e-20
12044227748726761e-22
0.0982856609490318
0.08601477638521968
0.004137566287363043
0.039952463130448854
0.02011467808357319
0.005771720569679637
0.012056369041312614
0.00048279184153661437
0.25921235554927247
15699129994946277e-25
0.07641730029074788
0.00034186833732715704
0.00959713680526752
0.010875593345495907
0.00015705196021243692
0.00017086352455244157
0.2569687759411394
0.0003934456960554487
0.055568110763622794
0.21343742682844208
13179221515594878e-22
25861633093215563e-22
0.00014471806552681385
12571410646030528e-21
0.0005943454699542564
1700295913533024e-20
14432275987082122e-23
1004403681602921e-21
19076843443346753e-21
0.07435232619224592
0.07511115693601848
4349912755907946e-20
0.0002126653395717315
0.0194952454771078
0.008138245903861079
0.08828555941539573
0.02006524302177816
27828560317641726e-21
0.12994537443819745
0.03814322066040378
5573477256444915e-22
0.23631720899273118
4458962781177221e-22
0.0037595617149370846
0.0009822095509310457
22994565953029624e-28
0.2399101138876254
0.2577420907575043
0.017997636962487174
0.23267786325331466
0.2419826375290401
0.007386061909678229
0.1762274107512134
22332184591319433e-26
4630609192904656e-21
0.0006292761813042821
9120345951184181e-20
0.12467123150680029
8645597612167709e-22
0.00011180987752377787
0.15194426482667295
0.0009288563057212964
0.011806435527528707
12200688799290888e-21
0.1308321948307607
0.09350713767394826
0.02110231532466802
31468706726415966e-21
0.00015344073770248796
120066790466478e-21
0.013619216971614964
0.15299595526608814
833331449191883e-23
11103253988419322e-21
9106305019705959e-21
9649885705149063e-20
10586363115435444e-21
0.251552044117453
0.15190909477638334
0.005146102854612692
0.0015475148454515242
0.04126110295551116
0.005871576011845342
6760237846912012e-20
0.02814224512175115
832343348139972e-19
0.0007207847429856743
0.07876843731056625
997037525122681e-21
0.25219923392435717
0.2512937218474323
0.0018269687687441142
0.0005369836504653283
5829910082014574e-24
0.0010304235256216577
10390421257828633e-24
0.010243356082721937
0.029030739135489234
0.0009036235032353854
0.0003375938624547349
0.00015454118820913196
26181785430077376e-22
0.0061108540541830935
0.030321116682818942
0.021316700267144727
11257175899943134e-24
0.24235697035935314
0.06587917945781412
0
0
8177684048686919e-20
6661577865788007e-20
10336378112789595e-22
7596602231196603e-22
0.00019347027897239887
0.009721701966493421
0.005380914618570586
15204233586835834e-24
0.0001314927388674074
7328711436197206e-21
0.055418773690103146
0.013346753996017768
0.09694211957405695
38456352957188757e-23
0.059497264982847166
0.007669119677044898
0.00012013859866991698
0.11820258169714891
0.00029639577614318805
18549559457234617e-29
8514574823434488e-20
37361517958024507e-22
0.00012471047691964304
0.01625655022777814
0.0038987161531042723
0.00016354192000923477
0.00015210721395485948
379987450569759e-23
0.0005143895015343254
0.022767233307768656
13135133502608684e-24
0.0018047809346396705
0.0017997322339977843
44186698908569474e-21
0.10402793734141272
43371750647103045e-21
0.25409048980091437
0.0019094461020145157
0.16875108627252447
0.003298969430577575
0.000700711255250788
0.0005691785511267344
4475053237768989e-20
0.25927009953347907
12101940299924053e-21
21567466431341794e-21
0.008278348513295473
0.006430210688453782
21715984599619807e-24
872275085738695e-19
0.00305247810000785
0.1257841077523019
0.029949232392475225
0.00010010935888954203
0.02284272781873781
0.00035407814795435425
0
0.10811475495645186
0.012287903795747937
0.2576102669688373
0.25007657127468425
0.2547259700094907
0.051384574630670185
0.02942031347415134
0.24706514750638764
0.2566291097341029
0.24461964181776422
0.24801901043633545
0.19190573335086336
0.0007650069551573799
0.015654198124071633
0.13317987824875066
0.23193264540198405
0.12961685310702056
0.00029920235116292555
0.026773991502124367
0.22198444326203942
0.10959824545517023
0.15513171283556523
