1.4187839841841388
1371104482214847e-38
3701711904805604e-27
0
327076078783531e-19
24853554897602064e-26
3284951228672004e-20
0
33101138257647695e-21
0
0.001930842606336534
0
3.11592897738657
0
4.911251773187196
0
32.95439965149558
27.155331420206743
0.0008563374504247967
0.015695685102061412
3541926812791889e-90
8.228337626680984
0.28724704789762967
22061319029474685e-30
0
0.00020529475434195415
41215917995561365e-22
0.0016527118637142601
0.006913731291661923
0.009219250071144219
0.014511703221479223
2548216348103256e-21
2761848769564214e-24
0.0015970100081110104
280800365715767e-20
2519491873413002e-22
3003609855520664e-29
0.00023776856960621538
0.00027199285410879945
2.1549118479178553
2.6886792313776917
0
1.0968046515707173
0
2.107752696080823
2.8361937816789196
4.346766603651883
0
5.3648682142789825
0
4.418473036429516
0.7799238723246398
31.91573159170245
32.4861332900613
2.300728693728591
13.629204319636111
25.105713806502486
1.3363003126213377
0.0019720317106767856
0.008513683111624369
0.7262939176548631
34.66856970820364
0.6020428901364201
0.6693175689807769
2.207449360175326
0.9958132465257754
58.14699212755298
0
66.94601650204051
0
15.292203090385033
0.0013659123854227872
0.0014371539793744665
0.020555380181633512
5.124270518683399
0.14444088465160929
0.0865041275115556
0
0.0008877948222485799
0.21936804527159465
0.06932091407778902
0.027628902485814205
0.02573118217913084
0.00013073394869889064
7849894570649842e-20
0.0013237240658297358
2.068693576803781
0.4145996196516075
0.005281665450067628
0.0003129120971084896
0.0011192794133081884
0.010593444160070497
0.011839631609428431
1406535517514525e-22
0.06787018950108892
0.5991122376181922
0.01977331052054632
28485829582974e-24
2422158919690881e-21
11099874168237998e-21
0
0.8090356374697931
0.429802253957231
0.1141338291335658
0
0.31533747404119644
0.0014976172364514096
0.061929852258758626
0
0.00010033369249496018
0
0.12429727933434705
0.5947768173801782
0
0
0
0
2347854729387931e-21
0.35708380785669525
34022416200745555e-23
2855137471821609e-21
0.36841687010459645
0.2656674439766243
0.1831372168478704
0.5265658010496232
0.0019764929581364008
0.49775756332974036
0.0011236589255820115
0.5133538334553504
948773534473437e-21
0.0002630947651249322
0.41995831960447594
0.0011555013955243574
8831775266700895e-30
0.03229112416124429
0.02443271783781678
0.19957390043342504
0.022772259595671827
0.037902705844990274
0.04909453622916188
0.13830817517764285
0.2409810554172354
0.18967474927055492
0.24660898262323558
52528723646429e-29
0.15724772983288499
0.157292839270866
0.43821710942651115
0.5406963057656241
0.00034775565116036645
0.5439921722809992
0.6327964550171131
11.923324029203727
2.1188169811842177
2.8196805503406903
0.0907488724155174
0.4957540923692564
2.6621964529937827
4.240495600221479
0.5775566666447536
5.146108421749723
7.244299342421461
4.597101057190546
2.475495855288461
2.944832933237509
0.6627544828974226
30.478945187767692
619.0846438346755
4.002047885520534
3913.3262571237965
1.0999811127948473
23.2183523695293
1.1686539189456615
45.01794443978197
1.3055937470550527
1.3968998012597686
1.0999801013176063
0.8736573747647611
1.0756407758201296
67.7057432811554
0
0.0007913612314710555
0.0008312855314556056
0
0.008140942750864194
0.0071908496227824055
0.006694106236426878
0.004967338038838864
0.0060556145972574275
0.009452938843440431
0.0051394275331767495
0.010474067505054177
0.004171447836341311
0.006507245691600091
0.008862152526114
0.01758446042256086
0.006616721042626598
0.008632999547176442
0.007223635526567755
0.009097716462048704
0.005840244437517854
0.01161178089714996
0.016722876908533194
0.012114259419393236
0.007396214932999283
0.0018996457296102686
0.007424334194719165
0.022739048003534944
0.07011622263104648
0.04095799575148525
0.10916749334329663
9119599744105476e-20
0.010072982026515158
0.20122428320472366
48060947169198536e-22
0.07186254951848578
0.010887433764825385
0.0012689823092751893
5486339517418587e-21
1204422775025453e-21
0.09828686007982457
0.08601567307632112
0.004137568101011619
0.039952641669641305
0.02011472196590797
0.005771724107169648
0.012056384618588302
0.00048279186610156774
0.25923118367110093
15699129994948873e-25
0.07641799549667166
0.0003418683496419443
0.00959714664035207
0.010875605999038833
0.0001570519628106927
0.0001708635276278473
0.256990513578609
0.0003934457123675748
0.05556846514026506
0.21344532620486217
13179221517424152e-22
2586163310025944e-21
0.00014471806773295388
12571410662675158e-21
0.000594345507188528
1700295916577818e-20
14432275987301488e-23
10044036817091677e-22
19076843481675373e-21
0.07435298186389686
0.07511182698211384
4349912775836981e-20
0.0002126653443362926
0.01949528665995269
0.0081382529610872
0.08828650817975293
0.020065286685432625
27828560399205443e-21
0.12994761871284335
0.03814338292544097
5573477256772069e-22
0.23632823987328927
4458962781386616e-22
0.0037595632115244074
0.0009822096526759824
22994565953029628e-28
0.2399217950204748
0.25776338064788323
0.017997671982377703
0.23268829368758662
0.2420081237506588
0.007386067716310299
0.17623208718503447
22332184591319957e-26
4630609195162935e-21
0.0006292762230458827
9120346038798929e-20
0.12467327237817162
8645597612954916e-22
0.00011180987884060158
0.15194750577916444
0.0009288563967060452
0.011806450460168844
12200688814968307e-21
0.13083447456674083
0.09350821281438855
0.021102363694045823
3146870683071387e-20
0.00015344074018261718
12006679046799626e-23
0.013619236894966408
0.15299925045423424
8333314491926143e-24
11103254001403239e-21
910630502843946e-20
9649885803233973e-20
10586363127238607e-21
0.2515664931821643
0.15191233392637774
0.005146105664247948
0.001547515098220499
0.04126129378322162
0.005871579673324562
6760237895047347e-20
0.028142332076912815
8323433554371461e-20
0.000720784797757117
0.07876917914971014
9970375252273752e-22
0.25222270923213536
0.2513174354498154
0.0018269691211875326
0.0005369836808567955
5829910082018153e-24
0.001030423637608198
10390421257840001e-24
0.01024336729745834
0.029030831795105624
0.0009036235893409027
0.00033759387446342405
0.0001545411907249668
26181785437296735e-22
0.006110858021537793
0.030321217965197496
0.02131674964030034
11257175899956481e-24
0.24238240138973788
0.06587968648058165
0
0
8177684119125311e-20
6661577912528539e-20
1033637811391481e-21
7596602231804371e-22
0.00019347028291557479
0.009721712060376402
0.005380917691496713
1520423358686018e-23
0.0001314927406887136
732871144185384e-20
0.05541912607555274
0.013346773122487327
0.09694328302179056
3845635295874628e-22
0.0594976739747113
0.007669125939832749
0.00012013860019024587
0.1182043899750157
0.000296395785399226
18549559457234617e-29
85145748997964e-18
37361517972725602e-22
0.0001247104785578966
0.016256578725653916
0.003898717762851019
0.00016354192282669224
0.00015210721639206278
3799874505699111e-24
0.0005143895294211966
0.02276728975276936
13135133502626854e-24
0.0018047812785636076
0.001799732575997762
44186699114210005e-21
0.10402929641085355
4337175084522793e-20
0.2541058097217561
0.0019094464870431805
0.16875527713933944
0.003298970582166549
0.0007007113070125202
0.0005691785852732556
44750532588612125e-21
0.2592894329785125
12101940315348723e-21
21567466480332076e-21
0.008278355817084672
0.006430215083343547
2171598459966947e-23
8722750937528747e-20
0.0030524790855898172
0.1257861904910896
0.02994933114859866
0.00010010935994516647
0.022842784645206317
0.0003540781611647228
0
0.10811623539565783
0.012287919982579732
0.2576273009725712
0.2500905815594091
0.2547415403436569
0.05138487553501401
0.029420408694758215
0.24708978687140068
0.2566455599434607
0.24464471671556853
0.2480324662396418
0.19191158070783107
0.000765007016859642
0.015654224525562786
0.1331822536591169
0.2319429590662615
0.12961908433853742
0.00029920236059512205
0.026774070041764478
0.22199335859250335
0.10959977154682674
0.15513512018796177
