1.419461486183116
12172297704989014e-39
35224105915530126e-28
0
3255359447500754e-20
2473866495419607e-25
3269443277702275e-20
0
3293984447491716e-20
0
0.0019230603266000535
0
3.264147519383862
0
4.870518161515729
0
32.94640514774491
27.156838246754397
0.0008753017516122583
0.016748968859731345
33828946500961507e-91
8.233594739044534
0.2857511590736858
20959615689532144e-30
0
0.00020293088538860348
4063837211481512e-21
0.0016501444323180291
0.006913681948026248
0.009194420969964062
0.014489162628850723
25376711304008244e-22
27400360001552613e-25
0.0015927092359996277
2796280264020325e-21
2501454824529237e-22
2989465089006421e-29
0.00023503777820097082
0.0002688668146346101
2.1860146487546945
2.6494112215343173
0
1.0954337514917003
0
2.070451780813464
2.936589007394132
4.353000151688691
0
5.364349585407409
0
4.420107952736438
0.676053789249111
31.75339331333567
32.292353805578266
2.257930870979278
14.32081245252071
24.572653787760853
1.3365783978589705
0.001484622498302812
0.008622397765416321
0.5501565428779182
34.687547131361306
0.6028603978495014
0.6312368452123104
2.2080693612081475
0.9932122372692954
54.95999906153315
0
65.10419393130424
0
15.382711342239256
0.0009803252168845424
0.0010133467951902858
0.015454552527708325
5.124342957682259
0.1442738841660175
0.0860300305637351
0
0.0008384981148487559
0.2360981927752331
0.06929342580620546
0.02762006383986681
0.024311931444385274
0.000127777289238467
7666223574912062e-20
0.001321853594445013
2.0681776795728246
0.4144929828968867
0.0052677625612934965
0.00031149349213092724
0.001051972902559752
0.010531777251718319
0.011809618061281195
13990034497373233e-23
0.06794755474337971
0.594443507720185
0.01977512860436898
2825975990590747e-26
24103812937873727e-22
11057721308493785e-21
0
0.8088674453458329
0.4294970515853445
0.10767077366072822
0
0.31509115127044063
0.0020629392820787737
0.062372888075775325
0
0.00010553462254021618
0
0.12429292148319433
0.5945107922346339
0
0
0
0
23326539298038755e-22
0.35704256626509995
3385939502189505e-22
28190405144869e-19
0.3683630731721102
0.2654858063248191
0.1831706512594197
0.5266839746562458
0.0014961659202900712
0.49687160047366147
0.0011235862086805101
0.5133097872738264
9487561011003051e-22
0.00019902779721668498
0.4202103073942937
0.0011521370030001517
865985111728788e-29
0.04278361542767333
0.024363361028292303
0.19953765014151478
0.02276524102691436
0.03790579894551236
0.04896341441016243
0.13806868930380908
0.24095446125014647
0.1896726916618393
0.24649616787905934
5149217281845401e-31
0.15710313580623772
0.15716978862650363
0.4381684669886992
0.540651270919401
0.000347391623953387
0.5437399101677107
0.6328263728011472
11.919637580924562
2.11887477958465
2.8197831017852226
0.09073377941358057
0.4956208125175796
2.6623215969655316
4.240750160499954
0.5774903801735116
5.144267674065538
7.240812844784874
4.594614185808092
2.4754923669949913
2.943266191550931
0.6626822202064758
30.365658440417526
619.0844049105116
4.002047764176441
3911.449557691851
1.0999811037758498
23.21835203025232
1.168647286079698
45.01774650617348
1.3055943893740938
1.3968997195502089
1.0999800922964909
0.8735673653075137
1.0756179591614967
67.72573465299415
0
0.0007910796878670117
0.000831215041498605
0
0.00813870818223278
0.00718383592149777
0.006687960233411759
0.0049609198903763484
0.006050497505867592
0.009448375444992139
0.005133350863677694
0.010467965831693125
0.004166120758890391
0.006501261460000283
0.008855412050390516
0.01757386972229831
0.006609898832515649
0.008627192695489682
0.007217197591703863
0.00909182366340809
0.005836065523885143
0.011604495931438395
0.01670914655473811
0.012105802176435003
0.00739082741595086
0.0018996432781254711
0.007424296450702263
0.022738685812215432
0.07011250025660491
0.04095678674692264
0.10915776253845055
9119599180573812e-20
0.01007291227999916
0.2011814396037107
4806094701270435e-21
0.07185862717659457
0.010887352186532827
0.001268981216313725
5486339497025674e-21
12044227740426433e-22
0.09827914635106869
0.08600990484374937
0.004137556433860492
0.03995149314452932
0.020114439673398876
0.0057717013506050395
0.012056284410637042
0.00048279170807573595
0.25911008663455976
1569912999493218e-24
0.07641352336138858
0.0003418682704211719
0.009597083371625972
0.01087552459930753
0.00015705194609616586
0.00017086350784382469
0.2568507079187525
0.0003934456074320058
0.055566185481905374
0.2133945147828562
1317922150565647e-21
25861633054946313e-22
0.00014471805354089977
12571410555600581e-21
0.0005943452676612447
17002958969907214e-21
14432275985890315e-23
10044036810256846e-22
1907684323510814e-20
0.07434876404231813
0.07510751669343434
4349912647633896e-20
0.00021266531368596824
0.01949502173305539
0.008138207562199646
0.08828040497578786
0.02006500579967708
27828559874507695e-21
0.12993318201624796
0.03814233908976465
55734772546675e-20
0.23625728743621094
44589627800395807e-23
0.003759553584018499
0.0009822089981530234
22994565953029603e-28
0.23984666046424327
0.2576264539339254
0.017997446701313074
0.2326212030825081
0.24184421829245634
0.007386030362442091
0.17620200594822963
22332184591316576e-26
46306091806354755e-22
0.0006292759545230495
9120345475175024e-20
0.12466014407726003
8645597607890832e-22
0.0001118098703695013
0.1519266580045786
0.0009288558114031318
0.011806354399123527
12200688714115779e-21
0.1308198097649273
0.0935012966734577
0.021102052536743212
31468706159767574e-21
0.00015344072422799612
12006679045822933e-23
0.013619108728954337
0.15297805381495044
8333314491879092e-24
11103253917877957e-21
9106304972257021e-21
9649885172255733e-20
10586363051309086e-21
0.25147355713924985
0.15189149774615582
0.005146087589947339
0.001547513472163461
0.04126006620779918
0.00587155611914187
6760237585393708e-20
0.02814177270079198
8323433084945726e-20
0.0007207844454135942
0.07876440703542278
99703752455388e-20
0.25207173122343296
0.25116492541592184
0.0018269668539272576
0.0005369834853491244
58299100819951254e-25
0.001030422917201236
10390421257766856e-24
0.01024329515349791
0.029030235722814705
0.0009036230354259762
0.0003375937972117745
0.00015454117454065223
26181785390854753e-22
0.006110832499669369
0.03032056642359389
0.02131643202577609
11257175899870627e-24
0.24221885070067678
0.06587642488144775
0
0
8177683665996554e-20
6661577611847636e-20
10336378106676323e-22
7596602227894611e-22
0.0001934702575492044
0.009721647126812191
0.005380897923455059
1520423358670356e-23
0.00013149272897228762
7328711405464822e-21
0.055416859226158334
0.013346650082770134
0.09693579882978727
3845635294872675e-22
0.05949504298735853
0.007669085651533124
0.00012013859041000082
0.11819275784306293
0.00029639572585532384
18549559457234617e-29
8514574408561765e-20
3736151787815375e-21
0.0001247104680190445
0.016256395400261987
0.0038987074073940056
0.00016354190470204555
0.00015210720071358335
3799874505689328e-24
0.0005143893500255385
0.022766926645654124
13135133502509963e-24
0.0018047790661089448
0.0017997303759198814
4418669779132858e-20
0.10402055385459051
4337174957069456e-20
0.25400727311649196
0.0019094440101628369
0.16872831919560516
0.0032989631740247345
0.0007007109740303987
0.0005691783656094035
44750531231753604e-21
0.2591650865019839
12101940216122137e-21
2156746616517858e-20
0.008278308832067429
0.006430186811158073
2171598459934997e-23
8722750421978184e-20
0.0030524727453662944
0.12577279287674473
0.029948695858122248
0.00010010935315435572
0.02284241908414131
0.00035407807618269434
0
0.1081067121140965
0.01228781585338713
0.25751774124695925
0.25000046739249604
0.2546413933247794
0.05138293985417999
0.029419796147884068
0.24693132525900005
0.256539754499834
0.24448345530470716
0.24794591808153704
0.1918739678906832
0.000765006619930311
0.01565405468607633
0.13316697343209127
0.23187661948399152
0.1296047315419774
0.00029920229991799554
0.026773564801856425
0.22193601270639743
0.10958995460105314
0.15511320206590462
