1.420033671206311
11007735250498031e-39
33777653164110103e-28
0
32424229896940724e-21
24642249636882283e-26
3256429909927511e-20
0
3280621099622639e-20
0
0.0019165761216332338
0
3.432866256429784
0
4.8390811923216575
0
32.93951276963124
27.158102712455094
0.0008965315868274669
0.017642802890661138
32544235660186006e-91
8.235386316449826
0.2845078995101083
20072363330242088e-30
0
0.0002009556903364914
4015770700547315e-21
0.0016479903548408288
0.006913640275770362
0.009173625298852682
0.014470251052612569
2529117038794212e-21
27233882681723994e-25
0.0015891071417808377
2786767637636788e-21
248781671804517e-21
2977950582340176e-29
0.00023275617202505954
0.0002662548563068944
2.2096885336375185
2.620333249059864
0
1.0942579204391287
0
2.0598532162918786
3.049162175947654
4.355994579375246
0
5.36395350706435
0
4.420850566680583
0.6258840199741919
31.61261355331691
32.12457312576896
2.2199379576913416
15.113205886147814
24.441414561128394
1.3366402399566886
0.0012591632965827187
0.008781869356851092
0.46837432126589335
34.70591591999558
0.6034958889942388
0.6015852344101588
2.2082591096920576
0.9909679327912182
52.46808963660426
0
63.3669736782644
0
15.450682456865264
0.0007971869427694036
0.0008180986010243066
0.01308715333835343
5.124120360730266
0.14411843547208072
0.0856535867771717
0
0.0007999481466970361
0.25054537392350257
0.0692576639834408
0.02761187157165679
0.023203847542686236
0.00012666100364374465
7594396480602019e-20
0.0013202883441197674
2.06742220023725
0.4144024891265731
0.0052549316327317915
0.0003103790590959686
0.0009998274565398602
0.010479590376314272
0.011778972000060233
13926434208787553e-23
0.06800110595937338
0.5907884892303895
0.01977293829194979
2806459611745242e-26
24003070543782604e-22
1102494119090527e-20
0
0.8087270665226766
0.4293873865529456
0.1026383800407921
0
0.3148826907136429
0.002534860395765828
0.06270656716300874
0
0.00011150796183254093
0
0.1242892129184854
0.5942861794974956
0
0
0
0
23209025030986374e-22
0.3570072591767837
3372158542718497e-22
27889406486880704e-22
0.36831763446241617
0.2653105141662675
0.1831984220873461
0.5267183889743049
0.0012733718667785738
0.49613649246981023
0.0011235207036246644
0.5132709194236628
9487413770599996e-22
0.0001693353651436573
0.42042513616554866
0.0011491626030345574
851680757631307e-29
0.05095086482292608
0.024305323823015805
0.19950703145764526
0.02275356119061221
0.037902206352997875
0.048852908804042014
0.13786657947024575
0.24093199463469642
0.18964378138567545
0.2463566628583593
5062402799212424e-31
0.15694902423002932
0.15703148891904503
0.4381273765782114
0.5406132305326982
0.00034709602993928973
0.5435029368384859
0.6327700189815186
11.914280294813526
2.118922877830876
2.8198667920361817
0.09072087015714693
0.49542707898409627
2.662425701815699
4.240957833975341
0.5774336034630694
5.141911142747363
7.236418480307238
4.591799267856631
2.4754898662420444
2.941333897606629
0.6625318638574932
30.29062968344708
619.0842031269303
4.002047661695163
3909.865290256721
1.0999810961588459
23.218351743715594
1.1686416843151206
45.01757934181486
1.3055949306785681
1.3968996505419968
1.0999800846776984
0.8734913527002958
1.0755986897062995
67.74181463138359
0
0.000790727884967303
0.0008311551278314654
0
0.00813680965299313
0.007176105419896911
0.006681086672376503
0.004954294846704037
0.006044720523579163
0.009442959437816553
0.005126948365995702
0.010460172320367337
0.004160601985476991
0.006494571704181613
0.008847511187158447
0.01756049581875915
0.006602474885257452
0.008620157673799181
0.007209969221076827
0.009084615426274596
0.005831111884325676
0.011595480649824156
0.016693339825114284
0.01209568994733314
0.007384415751632174
0.0018996412077238805
0.007424264574102697
0.022738379927650564
0.07010935667529468
0.040955765708649776
0.10914954505262571
9119598704642583e-20
0.010072853375882148
0.2011452631008874
4806094688053703e-21
0.07185531472539401
0.010887283289976474
0.0012689802932527082
5486339479802818e-21
12044227732126108e-22
0.098272632184908
0.08600503357818418
0.004137546580381409
0.03995052318215959
0.02011420126605033
0.005771682131594438
0.012056199780555546
0.00048279157461489445
0.25900785806873733
15699129994918083e-25
0.07640974661870423
0.00034186820351519976
0.009597029938281926
0.0108754558535537
0.0001570519319798961
0.00017086349113520945
0.2567326941444268
0.0003934455188085829
0.05556426026689365
0.21335161136482772
1317922149571806e-21
2586163301667706e-21
0.00014471804155498664
12571410465170634e-21
0.0005943450653683018
17002958804484183e-21
14432275984698508e-23
10044036804484483e-22
19076843026869533e-21
0.07434520206304958
0.07510387662727362
434991253935985e-19
0.00021266528780020813
0.019494797991570854
0.008138169220718852
0.08827525083711535
0.020064768580380563
27828559431373664e-21
0.1299209907382803
0.03814145753950049
5573477252890084e-22
0.2361973810736452
4458962778901941e-22
0.0037595454531174984
0.000982208445375312
22994565953029583e-28
0.23978322382355055
0.2575108689911819
0.01799725644215031
0.23256455670921075
0.2417058782346321
0.007385998815340696
0.176176604807582
2233218459131372e-25
4630609168366295e-21
0.0006292757277418984
9120344999165891e-20
0.12464905763376197
8645597603613955e-22
0.00011180986321522517
0.1519090532227073
0.0009288553170852302
0.011806273271275822
1220068862894067e-20
0.13080742587151065
0.09349545603783006
0.021101789752090906
3146870559311919e-20
0.00015344071075350544
12006679044998066e-23
0.013619000487154
0.15296015445839067
8333314491839352e-24
1110325384733659e-20
9106304924808082e-21
964988463936243e-19
10586362987182731e-21
0.25139509464983884
0.15187390275435445
0.005146072325327264
0.0015475120988766163
0.04125902948613706
0.005871536226505793
6760237323875415e-20
0.028141300287763297
8323432688491749e-20
0.0007207841478416371
0.07876037696649284
997037523985079e-21
0.251944292983207
0.25103619499688723
0.0018269649391124082
0.0005369833202329713
5829910081975677e-24
0.0010304223087811736
1039042125770508e-23
0.010243234224636301
0.029029732318869697
0.000903622567616809
0.0003375937319688266
0.00015454116087217375
26181785351632134e-22
0.006110810945231673
0.030320016174354782
0.021316163787782907
11257175899798118e-24
0.24208080975663404
0.06587367042025724
0
0
8177683283306205e-20
6661577357907276e-20
10336378100563051e-22
7596602224592618e-22
0.00019347023612601233
0.009721592287440307
0.00538088122839133
1520423358657129e-23
0.00013149271907716859
7328711374732437e-21
0.05541494482834946
0.013346546170331533
0.09692947849763783
3845635294026474e-22
0.059492821074852945
0.0076690516261723116
0.00012013858215008521
0.11818293480544054
0.0002963956755674682
18549559457234617e-29
8514573993689061e-20
37361517798283e-19
0.00012471045911844657
0.016256240574220412
0.0038986986617033583
0.0001635418893948578
0.00015210718747230841
3799874505681066e-24
0.0005143891985167961
0.022766619987670163
13135133502411242e-24
0.0018047771975801532
0.0017997285178438969
441866966740877e-19
0.10401317089181863
433717484942861e-19
0.2539240836862047
0.00190944191831345
0.1687055551903093
0.00329895691748376
0.0007007106928101222
0.0005691781800921331
44750530085817346e-21
0.2590601160042664
12101940132320219e-21
2156746589901537e-20
0.008278269151029593
0.006430162933951027
21715984599080138e-24
8722749986569438e-20
0.0030524673907341322
0.12576147901901413
0.02994815933338116
0.00010010934741916971
0.022842110353717564
0.0003540780044110491
0
0.108098669870062
0.012287727911655711
0.2574252487574879
0.24992438667041772
0.25455684472207163
0.05138130512969946
0.02941927883071345
0.2467975754961133
0.2564504303780055
0.2443473446104445
0.24787284726739522
0.19184220768852459
0.0007650062847033892
0.015653911249395334
0.1331540698658782
0.2318206070996845
0.129592611110524
0.0002992022486730743
0.02677313810838886
0.22188759271689554
0.10958166437412004
0.15509469350500324
