1.4211065181248017
9115642618959274e-39
31223771807562536e-28
0
3218347150649568e-20
24462838243784254e-26
3232216889599975e-20
0
3255974674132264e-20
0
0.0019045871341576354
0
3.83737649027871
0
4.789260231481861
0
32.92630067486235
27.160453457719836
0.0009440892450133879
0.01927611852866634
30269821559462726e-91
8.23605303814354
0.2822893855706156
18509230230847476e-30
0
0.0001973038688207241
39273525456484994e-22
0.0016439932512835416
0.006913562142644939
0.009135085395781992
0.014435158767725668
2513521146647021e-21
26956392081468396e-25
0.0015824315755086972
27694211300619807e-22
24653568972229677e-23
2956923011079181e-29
0.00022853821634637742
0.00026142599827392644
2.2434424810763622
2.5742399693499394
0
1.0920204288732154
0
2.0618887524170693
3.3082460839480166
4.359168431052003
0
5.363266979848526
0
4.421634334508942
0.5724326932757792
31.341355253570416
31.801989144033314
2.147162032937842
17.035555033222753
24.37532972051408
1.3365870368438357
0.0010149599161868269
0.009086632872256457
0.37970256551410153
34.744291980720085
0.6045319938898254
0.5516636814159103
2.208284785303028
0.9866814631924004
48.25236962020194
0
59.749280590697126
0
15.56019785585107
0.000594186865706048
0.0006052893492939361
0.010519284696086562
5.123511384258883
0.14383280468265813
0.08502026828016616
0
0.000734735865836927
0.2776471255821771
0.06916463618190904
0.027595056800116327
0.021332534117834864
0.00012606892154725665
7550189492478569e-20
0.0013173870619909928
2.0653391818356766
0.4142319482743233
0.005229133968594789
0.00030854762838503937
0.0009128208631437792
0.010383102865794892
0.01170809340511782
13807573425913706e-23
0.06807653951671312
0.584955038517879
0.019761059515990966
27691376225842692e-27
23813507828456478e-22
1097229259160044e-20
0
0.8084688089881968
0.42945757816639435
0.09416679002101117
0
0.3144909882941102
0.003399412628006328
0.0632520503818609
0
0.00012606134896711102
0
0.12428219760021478
0.5938651970910374
0
0
0
0
23009463212994097e-22
0.3569392666203152
33463742386010987e-23
27334401717772595e-22
0.36823242563646674
0.26493630167858956
0.18324939626772932
0.5267211284141071
0.0010319840111027846
0.494786255747761
0.0011233880482655835
0.5131940226735763
9487137673573575e-22
0.00013718114818395762
0.4208307068661744
0.0011433231153314773
8254041681944677e-30
0.06467926519884766
0.02419772477045204
0.19944961311401788
0.022719670042514524
0.037882463412920224
0.048646278271900975
0.137488054234696
0.24088985319824152
0.18953285754591734
0.2460030479175983
4901812161929194e-31
0.15659396538474976
0.1567009461884382
0.43805030019450325
0.5405418895925767
0.00034657191565805854
0.543064703999387
0.63249384622463
11.899562023924274
2.119010562753044
2.820013578934906
0.09069605314893862
0.4948946780951107
2.6626153546773406
4.241321820781453
0.5773241598441416
5.135845718619689
7.225214844973332
4.585038406788214
2.475485097279019
2.9364718843657807
0.6620635941602363
30.188481383667153
619.0838247828929
4.002047469542775
3906.896518142658
1.0999810818769638
23.218351206459232
1.1686311810789105
45.01726591031553
1.30559594389659
1.3968995211505688
1.0999800703924623
0.8733488413478422
1.0755625604114039
67.76983201305411
0
0.0007898284911505208
0.000831041330775538
0
0.008133209541897453
0.007157884906061216
0.006664727774665803
0.004939391948797298
0.0060309007177556115
0.009429581584588271
0.005112326950612183
0.010440100071115881
0.004148156192855872
0.00647865495834687
0.008828139720243579
0.017526271472694636
0.0065851288278105154
0.00860256753522377
0.0071927219038220025
0.009066491903010166
0.005818883473997993
0.01157266536433438
0.016655007721285038
0.01207059925549855
0.007368551218928984
0.00189963732572698
0.007424204805847399
0.022737806405182092
0.07010346284022755
0.04095385133049447
0.10913413893403925
9119597812271594e-20
0.010072742931591171
0.20107744969090657
4806094663272331e-21
0.0718491042909437
0.010887154110108425
0.0012689785625151118
5486339447509963e-21
12044227716562995e-22
0.09826041928709951
0.08599590069884555
0.004137528105171374
0.03994870456618845
0.020113754259888022
0.005771646096122053
0.012056041100753928
0.0004827913243759159
0.25881628820527214
1569912999489165e-24
0.07640266572928624
0.0003418680780665374
0.009596929751563687
0.010875326956436527
0.0001570519055118937
0.0001708634598065603
0.2565115644462773
0.00039344535263971867
0.05556065066853131
0.21327119070394912
13179221477083543e-22
2586163294492222e-21
0.0001447180190814022
1257141029561449e-20
0.0005943446860692194
17002958494316005e-21
1443227598246387e-22
10044036793661302e-22
1907684263642214e-20
0.0743385238118726
0.0750970519787087
43499123363460186e-21
0.00021266523926441648
0.019494378483208483
0.00813809733092924
0.08826558763815812
0.02006432380175867
27828558600497376e-21
0.12989813517510598
0.03813980468767045
557347724955743e-21
0.23608509758287807
4458962776768865e-22
0.003759530207725519
0.0009822074089179415
22994565953029543e-28
0.23966432534139168
0.25729428697757395
0.017996899711641232
0.23245838193618076
0.24144670388005018
0.007385939664888757
0.17612898753817005
22332184591308364e-26
463060914536158e-20
0.0006292753025274608
9120344106648836e-20
0.12462827320958964
8645597595594809e-22
0.00011180984980095869
0.15187604975491414
0.0009288543902398736
0.011806121158063945
1220068846923734e-20
0.1307842092309975
0.09348450582936844
0.02110129703968813
3146870453065349e-20
0.00015344068548883867
12006679043451442e-23
0.013618797536097096
0.15292659880952997
8333314491764843e-24
11103253715071532e-21
9106304835841322e-21
9649883640187571e-20
10586362866945813e-21
0.251248043460542
0.15184091763810031
0.005146043704286665
0.0015475095239670675
0.0412570857032308
0.005871498927994803
676023683352864e-19
0.028140414534709182
8323431945140596e-20
0.0007207835898945482
0.07875282114302239
9970375229185768e-22
0.25170551991106527
0.25079500326767235
0.0018269613488399747
0.000536983010640321
58299100819392105e-25
0.0010304211679945253
1039042125758925e-23
0.010243119983997606
0.029028788460001054
0.0009036216904752733
0.0003375936096383334
0.0001545411352437798
2618178527808972e-21
0.006110770530865911
0.030318984483946092
0.021315660850643427
11257175899662166e-24
0.24182219499093283
0.06586850611594318
0
0
8177682565761853e-20
6661576881769126e-20
10336378089100667e-22
7596602218401383e-22
0.00019347019595753354
0.00972148946445181
0.005380849925286454
1520423358632328e-23
0.00013149270052382242
7328711317109217e-21
0.055411355510706854
0.013346351336689731
0.09691762898555689
38456352924398476e-23
0.05948865521255939
0.007668987829027675
0.00012013856666274499
0.11816451881028697
0.0002963955812777619
18549559457234617e-29
8514573215802797e-20
37361517648525334e-22
0.0001247104424298272
0.016255950279366858
0.003898682263586272
0.00016354186069388458
0.00015210716264492098
3799874505665576e-24
0.0005143889144380245
0.022766045015083218
13135133502226143e-24
0.0018047736940938835
0.0017997250339565967
44186694579261145e-21
0.10399932924897139
433717464760203e-19
0.25376817693175446
0.0019094379961020257
0.16866288095792184
0.003298945186501414
0.0007007101655224081
0.000569177832247414
4475052793718695e-20
0.25886341090289733
12101939975191624e-21
21567465399959346e-21
0.008278194749596313
0.006430118164426793
21715984598574198e-24
87227491701781e-18
0.0030524573508241455
0.12574026827881132
0.029947153375398116
0.00010010933666569687
0.022841531495419714
0.0003540778698392533
0
0.10808359227500404
0.012287563022605683
0.2572519148698995
0.24978179771571882
0.25439839174931095
0.05137824016147498
0.029418308885536315
0.24654698992241264
0.2562830314696152
0.24409234126711107
0.24773589752758104
0.19178267147845798
0.0007650056561533061
0.0156536423091609
0.13312987904915058
0.2317156203452397
0.12956988835655853
0.0002992021525888706
0.026772338076465924
0.22179683370760372
0.10956612188891209
0.15505999590569175
