1.4212419921251582
8901081880168703e-39
30915328358554113e-28
0
3215324003798994e-20
24440307658072013e-26
3229176438959392e-20
0
3252891212287396e-20
0
0.0019030879983668897
0
3.8952536808986165
0
4.783919674069976
0
32.924610281949036
27.160748428916417
0.0009504870851771603
0.019476930883821554
29994545215723786e-91
8.235989699698141
0.2820203493487915
18320748762333405e-30
0
0.00019684747824163184
3916343047234051e-21
0.0016434926728944633
0.006913552276582674
0.009130261884942176
0.014430763977000964
25115823934151272e-22
26924010733930845e-25
0.0015815960933091462
2767264572981706e-21
24627591662980173e-23
29543074795005704e-30
0.00022801110222697536
0.0002608225291141653
2.2467432254644844
2.5690831559220344
0
1.0917356427779972
0
2.0631747069566324
3.343991328694385
4.359438594008978
0
5.363183692875299
0
4.421701783775019
0.5679438205381597
31.306460990250486
31.76055947332025
2.137935500813034
17.313240375304634
24.37561834246659
1.3365712876422144
0.0009933941601970983
0.009124230454654401
0.37187672317058584
34.74939110270557
0.6046472531575844
0.5458512198053688
2.208270375004805
0.9861351451511454
47.75988650378123
0
59.26667619523111
0
15.572549274539924
0.0005759510435143398
0.0005863026578226921
0.010292461236877012
5.123428912862435
0.1437981385588537
0.08494675866317274
0
0.0007271191270184863
0.28104780284468367
0.06915081415299618
0.02759282100715486
0.02111420175310288
0.00012606881328209346
7549104416822004e-20
0.001317023748233458
2.0650225803310933
0.414210348907142
0.005225752722813329
0.00030833939925458396
0.0009027593214274175
0.01037101912462789
0.011697869133501909
1379261990957112e-22
0.06808402217431034
0.5843278978621783
0.019758933699889215
27643770917195356e-27
23789590056020535e-22
1096643203438598e-20
0
0.8084367006701184
0.4294866040485481
0.09318058257761139
0
0.314441468254664
0.0035065727937475277
0.0633144620526831
0
0.00012817082727392895
0
0.12428130652308254
0.593812054158884
0
0
0
0
22985829345983217e-22
0.35693047695600155
33431281419077905e-23
2726517637003945e-21
0.3682216648052741
0.2648853926256157
0.18325573362437805
0.5267183097934388
0.0010106899224521448
0.49461820280333585
0.0011233704015859167
0.5131839461859482
948710280704728e-21
0.00013434538791973853
0.42088209652633307
0.0011425657296904794
822137227385102e-29
0.0662794856357399
0.02418424389057232
0.19944236184358588
0.022714426949578818
0.03787891948838656
0.04862023803756853
0.13744029980654973
0.24088453020822478
0.1895142857122966
0.24595100827317523
4881760803871647e-31
0.1565438610391135
0.1566534868104312
0.43804056386106305
0.5405328795861208
0.0003465084223113304
0.5430114380263371
0.6324452376317121
11.897328173900181
2.1190213587862363
2.820030997822461
0.0906928496732755
0.49481385674412137
2.662638689823333
4.241364983252898
0.5773099999030079
5.134949264279139
7.223566205964496
4.58406597854046
2.475484430842398
2.935760647323988
0.6619894714093267
30.178429758727898
619.0837770074257
4.002047445278687
3906.521796068509
1.0999810800735157
23.218351138617056
1.1686298547869671
45.01722633183342
1.3055960717214223
1.3968995048115243
1.0999800685885905
0.8733308468330376
1.0755579982627488
67.7731584275364
0
0.0007896954905198511
0.0008310267935296027
0
0.008132750427067664
0.007155287791226352
0.006662385925523376
0.004937312971244249
0.006028918876463769
0.009427635708431864
0.005110272710813439
0.010437130100408842
0.0041464180578893485
0.006476376715602448
0.00882533080285641
0.017521221088921735
0.006582666044660224
0.00859999598986654
0.007190250122528061
0.00906383632712047
0.005817105306351557
0.011569313518062776
0.016649474903828423
0.012066942823824431
0.00736624199561131
0.00189963683552746
0.0074241972586309305
0.022737733984524354
0.0701027186300337
0.04095360959829985
0.10913219367738015
9119597699587242e-20
0.010072728985298113
0.2010688881623081
4806094660143057e-21
0.07184832010502375
0.01088713779799879
0.001268978343965977
5486339443432174e-21
12044227714597758e-22
0.09825887720845043
0.08599474751129657
0.0041375257722156885
0.039948474925910256
0.020113697814784746
0.005771641545750187
0.01205602106357267
0.00048279129277693843
0.25879210775294714
1569912999488831e-24
0.07640177163495004
0.0003418680622254809
0.009596917100536334
0.01087531068003097
0.00015705190216964068
0.00017086345585052808
0.25648365478829527
0.0003934453316567107
0.05556019488231262
0.21326103772168367
13179221474730462e-22
2586163293586136e-21
0.00014471801624354522
12571410274203746e-21
0.0005943446381731545
17002958455149442e-21
1443227598218169e-22
100440367922946e-20
19076842587118307e-21
0.07433768055677298
0.07509619023868483
43499123107104e-18
0.00021266523313554856
0.019494325510331974
0.008138088253074079
0.08826436749062927
0.020064267637933286
27828558495578274e-21
0.12989524936934815
0.038139595978505046
5573477249136598e-22
0.23607092275452213
4458962776499512e-22
0.0037595282826144096
0.000982207278039118
22994565953029535e-28
0.23964931560025915
0.2572669509887006
0.017996854665913983
0.2324449781387923
0.24141399634476296
0.007385932195685024
0.1761229755713917
2233218459130769e-25
46306091424566555e-22
0.0006292752488334267
9120343993946036e-20
0.1246256488979299
864559759458219e-21
0.0001118098481070691
0.1518718827440644
0.000928854273202321
0.011806101950071222
12200688449070767e-21
0.13078127783721918
0.09348312318038632
0.021101234823130116
3146870439649037e-20
0.00015344068229853714
12006679043256143e-23
0.013618771908619074
0.1529223620854679
8333314491755436e-24
11103253698369731e-21
9106304824607025e-21
9649883514016533e-20
10586362851762868e-21
0.2512294806542461
0.1518367529441465
0.005146040090169261
0.0015475091988200553
0.04125684025809301
0.005871494218133285
6760236771609986e-20
0.028140302688013662
8323431851273756e-20
0.0007207835194396773
0.07875186708115933
9970375227839043e-22
0.251675384880498
0.2507645632078226
0.0018269608954779692
0.000536982971546448
5829910081934607e-24
0.001030421023941509
10390421257574625e-24
0.010243105558324325
0.029028669276179704
0.0009036215797140773
0.0003375935941910243
0.00015454113200754857
26181785268803133e-22
0.006110765427551248
0.030318854209490174
0.021315597342980087
11257175899644998e-24
0.24178955800208624
0.06586785402097581
0
0
8177682475153772e-20
666157682164467e-19
10336378087653253e-22
7596602217619584e-22
0.0001934701908852499
0.009721476480531763
0.005380845972492374
1520423358629196e-23
0.0001314926981809944
73287113098328325e-22
0.05541090228529846
0.013346326734227424
0.09691613278860771
3845635292239497e-22
0.05948812918804902
0.007668979773065768
0.00012013856470707756
0.11816219353018349
0.0002963955693713089
18549559457234617e-29
8514573117575029e-20
37361517629614655e-22
0.00012471044032246798
0.016255913622683662
0.0038986801929150328
0.0001635418570696627
0.00015210715950983702
37998745056636194e-25
0.000514388878565921
0.02276597241131535
13135133502202771e-24
0.0018047732516908034
0.001799724594028377
4418669431473643e-20
0.10399758152321105
43371746221163314e-21
0.2537484965774382
0.001909437500824416
0.16865749302671149
0.003298943705171788
0.0007007100989390544
0.0005691777883232543
4475052766586815e-20
0.25883858254263636
12101939955350176e-21
2156746533694093e-20
0.008278185354585141
0.006430112511166614
2171598459851031e-23
8722749067088093e-20
0.003052456083034467
0.12573759014193697
0.029947026350216874
0.0001001093353077996
0.02284145840099332
0.0003540778528461713
0
0.10808168849764686
0.01228754220135893
0.25723003539299183
0.24976379804733834
0.25437839007740365
0.051377853144883176
0.02941818640775192
0.24651536526744153
0.2562619009042766
0.2440601595890745
0.2477186095479528
0.19177515484332514
0.0007650055767830313
0.01565360834899726
0.1331268246605398
0.23170236649927892
0.12956701931871797
0.0002992021404558171
0.026772237053944173
0.2217853757322363
0.1095641594146544
0.1550556150100985
