1.4210349949969023
9230996032415475e-39
3138785330954593e-27
0
32199447700217307e-21
24474744486796367e-26
323382363070372e-19
0
32576048655032105e-21
0
0.001905379874704591
0
3.807363620169018
0
4.792170262181965
0
32.92719138001405
27.160297559308514
0.0009407318871307419
0.019169572444245973
3041620636065427e-90
8.23607531516972
0.28243240139205317
1860952331711149e-29
0
0.0001975452455972507
3933178914012788e-21
0.0016442579167181418
0.006913567351425046
0.009137635906317948
0.014437482378359227
25145472077435277e-22
2697370340424583e-24
0.001582873351065685
27705624471075296e-22
24667476798131764e-23
2958307148157558e-29
0.00022881699999923643
0.0002617451643758412
2.241618867935661
2.5770169081094374
0
1.0921706151326012
0
2.0612723674280176
3.2895778869508723
4.359016960082728
0
5.363311195031749
0
4.421596373556282
0.5749910847980905
31.35971970529334
31.823799243755687
2.152033497065752
16.89182000318806
24.37744602839997
1.3365946686543817
0.001027037324318815
0.00906729768786755
0.3840867089153058
34.74161770417088
0.6044696843639098
0.5547750740650327
2.2082910666930933
0.9869695322951438
48.515855030144905
0
60.00216761178153
0
15.553552023843741
0.0006043549418205032
0.0006158613459990769
0.010646301452587598
5.123554623911233
0.14385124129444607
0.08505962967409599
0
0.0007388111024989485
0.27584917759613464
0.06917176267900355
0.02759622811914532
0.021449369000685628
0.0001260737547632974
7551049942508785e-20
0.0013175791457846475
2.06550190293335
0.4142433466514041
0.005230909314584795
0.0003086595279739078
0.0009182126720079855
0.010389488203014477
0.0117133750864938
13815473961320113e-23
0.06807241813726563
0.585296628692661
0.019762130026159973
27716475777126414e-27
23826139310429332e-22
10975453838690567e-21
0
0.8084858078730889
0.42944383062214597
0.09469472162235527
0
0.3145171281784324
0.0033426552188768038
0.06321855515514811
0
0.00012497016074769206
0
0.12428266759515015
0.5938932553274303
0
0
0
0
2302206663353433e-21
0.3569438869339569
3348089096979971e-22
2737102610522845e-21
0.3682381066900663
0.2649628770765735
0.1832460415778114
0.5267223816077808
0.0010439140509334046
0.49487519459363266
0.0011233972845779247
0.5131993097146038
9487156081035112e-22
0.00013876992808267504
0.4208035888804425
0.0011437213828681427
8271335965934485e-30
0.06382310127235913
0.024204851237487567
0.19945344133484164
0.022722358505821084
0.03788424725466101
0.048660030827386846
0.13751327022650456
0.24089266331242384
0.18954228481749635
0.24602991214592942
4912419950212641e-31
0.1566199847007785
0.15672552874476967
0.43805544012400677
0.5405466462730543
0.0003466056724340997
0.5430930358640801
0.6325183720092123
11.900710376477093
2.119004835988526
2.820004273670838
0.09069773751983465
0.4949362241690154
2.6626029749677715
4.241298759900031
0.5773316019265398
5.136308309873762
7.226066146731435
4.5855420128819855
2.475485441108992
2.936839465482601
0.6621014870619018
30.194013441930597
619.0838500058215
4.002047482352934
3907.094366134071
1.0999810828290892
23.21835124227632
1.168631881291721
45.01728680568092
1.3055958764023146
1.396899529776712
1.0999800713448111
0.8733583416058633
1.0755649689931486
67.76805601593574
0
0.0007898970936692838
0.0008310489890366753
0
0.008133451487207805
0.007159231728327288
0.006665941482678784
0.004940473374313657
0.00603192764623473
0.009430587830630738
0.005113394428420193
0.010441632268508463
0.004149060187025692
0.006479835724486836
0.008829592890153549
0.017528877945961575
0.006586406696373294
0.008603896398926388
0.007194002752727967
0.009067863756876451
0.005819803040219271
0.0115743962844421
0.016657871880485165
0.012072489571493894
0.007369745243576319
0.0018996375845265266
0.007424208790382783
0.022737844639563274
0.07010385574715018
0.04095397895292086
0.10913516594095637
9119597871762991e-20
0.010072750294506229
0.2010819698735461
4806094664924422e-21
0.07184951830320714
0.010887162722051943
0.0012689786778975448
548633944966282e-20
12044227717600536e-22
0.09826123343306525
0.08599650952729478
0.004137529336849476
0.03994882580467757
0.020113784059989783
0.005771648498479879
0.012056051679342393
0.0004827913410585104
0.2588290551201874
15699129994893412e-25
0.07640313776816543
0.0003418680864297801
0.009596936430645698
0.010875335549530143
0.00015705190727642704
0.00017086346189513674
0.2565263004987909
0.0003934453637176408
0.05556089130112675
0.21327655113812083
13179221478325844e-22
25861632949705875e-22
0.00014471802057964105
12571410306918233e-21
0.0005943447113558174
17002958514993882e-21
14432275982612845e-23
10044036794382847e-22
19076842662451967e-21
0.07433896900995385
0.07509750693598545
43499123498802735e-21
0.00021266524250013557
0.019494406450151786
0.008138102123562124
0.08826623181851137
0.02006435345336005
27828558655889126e-21
0.12989965875422052
0.038139914875564056
5573477249779608e-22
0.23609258148802084
44589627769110703e-23
0.003759531224083061
0.0009822074780150654
22994565953029547e-28
0.23967225007233425
0.2573087201096354
0.017996923493455184
0.2324654587460916
0.24146397352111468
0.007385943608237483
0.176132161622357
2233218459130872e-25
4630609146895228e-21
0.000629275330875081
9120344166149969e-20
0.1246296587300406
8645597596129419e-22
0.00011180985069524308
0.15187824976300807
0.0009288544520295352
0.011806131298883764
1220068847988423e-20
0.13078575687882543
0.09348523580336451
0.021101329886823724
3146870460148453e-20
0.00015344068717314965
1200667904355455e-22
0.013618811066073462
0.1529288356237521
833331449176981e-23
11103253723889202e-21
910630484177244e-20
9649883706799224e-20
10586362874961607e-21
0.25125784419654534
0.15184311642295475
0.005146045612351086
0.0015475096956275708
0.04125721528590884
0.005871501414554831
6760236866218424e-20
0.028140473584045426
8323431994697337e-20
0.0007207836270910073
0.07875332484203502
997037522989677e-21
0.2517214310733548
0.2508110755043416
0.001826961588191251
0.0005369830312798255
5829910081941642e-24
0.001030421244046929
10390421257596973e-24
0.010243127600000547
0.029028851382970875
0.0009036217489513491
0.00033759361779369816
0.00015454113695233926
26181785282992544e-22
0.006110773225148646
0.030319053262214502
0.02131569437941688
11257175899671228e-24
0.24183942737673134
0.06586885039030126
0
0
817768261359814e-19
6661576913511668e-20
10336378089864826e-22
7596602218814132e-22
0.00019347019863543186
0.009721496319283875
0.005380852012154448
15204233586339814e-24
0.00013149270176071208
7328711320950765e-21
0.05541159479131663
0.013346364325510698
0.0969184189079598
38456352925456224e-23
0.05948893292763677
0.00766899208215414
0.00012013856769523428
0.11816574645401288
0.0002963955875637414
18549559457234617e-29
8514573267661878e-20
3736151765850918e-21
0.00012471044354240177
0.016255969632195815
0.003898683356791932
0.00016354186260728263
0.00015210716430008
3799874505666608e-24
0.0005143889333766044
0.022766083346137247
13135133502238482e-24
0.0018047739276594232
0.0017997252662155403
44186694718916245e-21
0.10400025196785218
4337174661057135e-20
0.25377856773661894
0.0019094382575825367
0.16866572557088894
0.0032989459685656055
0.00070071020067491
0.0005691778554370553
4475052808042898e-20
0.25887651992835004
12101939985666865e-21
2156746543322975e-20
0.00827819970967106
0.006430121149052044
21715984598607927e-24
8722749224604186e-20
0.003052458020150451
0.1257416822168555
0.029947220438212394
0.00010010933738259503
0.022841570085516526
0.00035407787881070477
0
0.10808459738257731
0.01228757401514018
0.2572634668304933
0.24979130111459713
0.2544089522116108
0.05137844448700179
0.029418373547553216
0.2465636877088136
0.25629418799653403
0.24410933320751121
0.24774502515575905
0.1917866399842432
0.0007650056980566289
0.015653660238366115
0.13313149163352744
0.23172261798274535
0.1295714030828621
0.00029920215899448326
0.026772391411183687
0.22180288315310834
0.10956715798600583
0.1550623088374598
