1.421707735663734
8201224510779368e-39
2987800038688549e-27
0
32049604425196204e-21
24363064431211277e-26
3218753035634402e-20
0
3242331249064867e-20
0
0.0018979593644904466
0
4.103573019174452
0
4.767317789067241
0
32.91876962056349
27.16175930536029
0.0009726976966255674
0.02015701885411142
2906779927215125e-90
8.23561121769565
0.28111436726990946
17687363783667013e-30
0
0.00019528649950794372
38787556237249786e-22
0.0016417791529097488
0.0069135183585995255
0.009113754481530269
0.01441572025853723
25049614036439746e-22
2681649366866589e-24
0.0015787368514633784
2759899531954112e-21
2454169129418101e-22
2945373830579692e-29
0.00022620827359874055
0.0002587585418518334
2.256646252730867
2.552319697630457
0
1.0907538760909015
0
2.068552708206389
3.4698675890588944
4.360224232506243
0
5.362901377990768
0
4.4219015121499705
0.554811687032583
31.185427941878157
31.616976413855472
2.1062542566428557
18.31826073809844
24.372598768931894
1.3365075145226486
0.0009287322418751517
0.009246393466860542
0.34842428789543683
34.76720008890367
0.6050154031319454
0.5266554849553939
2.2082020882019755
0.9842512858227819
46.13106111703894
0
57.57734598194346
0
15.612751227769113
0.0005210500428448878
0.0005294385598252114
0.009612605073501281
5.123145663118364
0.14368191393966562
0.0847043212791266
0
0.0007019314409917998
0.2926845820603102
0.06910028132531651
0.027584977327112733
0.020392515590472303
0.00012614379272665323
7549910266182033e-20
0.0013157798683058946
2.063855757088054
0.41413601085343044
0.005213965174712934
0.00030766013660002347
0.0008696356854684222
0.010329575408309142
0.01166052154236528
13741331325269053e-23
0.06810669155357495
0.5823770885635462
0.019750707005720677
27479592223465972e-27
2370748086382425e-21
10947535748998186e-21
0
0.8083272325657292
0.42961342751970366
0.08992398194850383
0
0.31427116263987326
0.0038714557116149005
0.06351922679633032
0
0.00013582087905766762
0
0.12427823495779901
0.5936293854211993
0
0
0
0
229067976832647e-20
0.35689985839852084
333199122521888e-21
27028638336305423e-22
0.3681846684759018
0.2647050319077709
0.18327735337511653
0.5267054425215225
0.0009468872170280145
0.4940444840532543
0.0011233082272005567
0.5131486877582843
9486982935587735e-22
0.00012584935032627237
0.4210589884926131
0.0011399345686874027
8109942827543704e-30
0.07157393492344997
0.024138069673374243
0.19941743156755548
0.022694992816517438
0.03786518893648231
0.048530803113267316
0.1372762072194481
0.2408662276568311
0.18944374741606454
0.2457613124114968
481325184065706e-30
0.1563639723793969
0.15648192610037828
0.4380070847640977
0.5405019018353708
0.00034629448419011143
0.5428329432532258
0.6322579768406726
11.889099889207602
2.1190579404752077
2.8200887314254586
0.0906816994675656
0.4945161187548585
2.662717728555229
4.241507977490782
0.5772606516098959
5.1316794600121565
7.217563563720385
4.580550017532661
2.475481966306904
2.933177060621302
0.6617126841032385
30.147785589761263
619.0836127610669
4.002047361861632
3905.233820190891
1.0999810738734752
23.21835090538371
1.1686252951641198
45.01709026597356
1.305596510999015
1.3968994486396151
1.0999800623870946
0.8732689857776688
1.0755423142853533
67.78421329373276
0
0.0007892095474618967
0.0008309764845966424
0
0.00813116326702539
0.007145931045558219
0.006653935794906774
0.004929881212701486
0.006021764982709584
0.009420574719185434
0.0051029103595967166
0.010426288671908151
0.0041402024586327975
0.006468156520026498
0.008815149301212922
0.017502803620588175
0.006573805791990596
0.008590648306266694
0.007181327656117881
0.0090541755067447
0.005810653822952895
0.011557108744928525
0.01662945158311581
0.012053666204690248
0.007357860568766244
0.0018996351502806404
0.007424171312254752
0.0227374850126557
0.07010016018395912
0.040952778562581955
0.10912550638029897
9119597312191818e-20
0.010072681039744685
0.2010394574235963
4806094649384985e-21
0.07184562423216884
0.01088708171908782
0.0012689775926202711
54863394294132226e-22
1204422770784151e-21
0.09825357590964441
0.08599078310729973
0.004137517751800897
0.03994768545995175
0.020113503764425517
0.005771625902139004
0.012055952178375056
0.0004827911841434192
0.25870899545918674
15699129994876827e-25
0.07639869792452696
0.000341868007765814
0.009596873607932621
0.010875254723865762
0.000157051890679372
0.00017086344225015937
0.25638772785905994
0.00039344525951962766
0.05555862797189658
0.21322613666037019
13179221466640857e-22
25861632904711205e-22
0.0001447180064873301
12571410200596152e-21
0.0005943444735121963
17002958320499447e-21
14432275981211593e-23
10044036787596044e-22
1907684241761757e-20
0.07433478161876551
0.07509322775416555
4349912222578184e-20
0.0002126652120652294
0.01949414339696611
0.008138057044562417
0.08826017289686787
0.020064074554565024
27828558134878862e-21
0.12988532880062523
0.038138878469871185
5573477247689826e-22
0.2360221978686053
4458962775573506e-22
0.0037595216643183573
0.0009822068280933842
22994565953029515e-28
0.23959772106185712
0.2571729952558066
0.017996699804908697
0.23239890336937938
0.24130158551518432
0.00738590651750647
0.17610230870836222
22332184591305368e-26
4630609132469867e-21
0.0006292750642397436
9120343606487201e-20
0.12461662724737554
8645597591100925e-22
0.00011180984228367789
0.15185755792734046
0.000928853870841215
0.011806035915509761
12200688379740475e-21
0.13077120055444563
0.09347836995324059
0.021101020931385366
3146870393525354e-20
0.00015344067133065954
12006679042584726e-23
0.013618683804758351
0.15290779762622356
8333314491723095e-24
1110325364095092e-20
9106304785984844e-21
9649883080255492e-20
10586362799565702e-21
0.251165674390295
0.15182243609186782
0.005146027665281821
0.0015475080810037282
0.04125599645797149
0.0058714780262170575
6760236558741008e-20
0.02813991817573682
8323431528570708e-20
0.0007207832772242435
0.07874858721784789
997037522320916e-21
0.25157181174084964
0.2506599420755347
0.0018269593368740455
0.0005369828371463731
5829910081918781e-24
0.001030420528704486
10390421257524344e-24
0.010243055964726244
0.0290282595400765
0.0009036211989303316
0.00033759354108501416
0.00015454112088177002
26181785236876958e-22
0.006110747882993481
0.03031840634563854
0.02131537901261243
11257175899585979e-24
0.24167738950493273
0.06586561224509889
0
0
8177682163653954e-20
6661576614943929e-20
1033637808267721e-21
759660221493185e-21
0.00019347017344734162
0.009721431843487536
0.005380832383277497
15204233586184294e-24
0.00013149269012662995
7328711284817484e-21
0.055409344178400745
0.013346242154227177
0.09691098921722745
38456352915507134e-23
0.05948632081368002
0.007668952077689167
0.00012013855798372523
0.11815419984214794
0.0002963955284383399
18549559457234617e-29
8514572779879624e-20
3736151756460198e-21
0.00012471043307761727
0.016255787601986895
0.0038986730742013973
0.00016354184461001852
0.00015210714873179078
3799874505656895e-24
0.0005143887552419049
0.02276572280994251
13135133502122422e-24
0.0018047717307623343
0.0017997230816081777
44186693405331865e-21
0.10399157327347411
4337174534499524e-20
0.253680849496744
0.0019094357981197414
0.1686389712714697
0.0032989386125413765
0.0007007098700334336
0.000569177637317231
4475052673310629e-20
0.25875324375076086
12101939887137623e-21
21567465120291087e-21
0.008278153055732837
0.006430093075966823
21715984598290677e-24
8722748712676897e-20
0.0030524517245279987
0.12572838346026816
0.02994658965682609
0.00010010933063951007
0.022841207112812734
0.00035407779442597824
0
0.10807514379278675
0.01228747062065228
0.25715483054204574
0.24970192721736445
0.2543096386984227
0.05137652265000088
0.0294177653475516
0.24640667439770042
0.25618926981742435
0.24394955516183237
0.247659184727914
0.19174931579091994
0.0007650053039175069
0.015653491598546232
0.1331163245694803
0.23165680713238898
0.12955715639166288
0.0002992020987438225
0.026771889753409144
0.22174598908768622
0.10955741292915376
0.15504055495503885
