1.421811234227862
8053329393069194e-39
29652252921952484e-28
0
3202663714398798e-20
243459445826584e-24
32164429198164665e-21
0
32399926587973e-18
0
0.0018968247840637986
0
4.151625900761956
0
4.764007617563813
0
32.9174663178421
27.161983271517535
0.0009776438732099159
0.020305959669285927
28865918902673083e-91
8.235495481474326
0.28091691475051433
17549627172137634e-30
0
0.00019494129977481306
3870457622623096e-21
0.0016413999491780421
0.006913510821347195
0.009110102108180099
0.014412391068798387
25034989579212277e-22
26793345468946154e-25
0.0015781042276298944
27582726943908064e-22
24523268073636853e-23
29434003286378646e-30
0.00022580959901596177
0.00025830211364232414
2.2585658064895244
2.5487842204787095
0
1.0905352261768542
0
2.0699093380413114
3.4982848214207896
4.360373181987259
0
5.36283937239591
0
4.421939565905561
0.5523922359286892
31.158305127608354
31.584825487982904
2.099228261189612
18.551326403479273
24.375611713781755
1.3364914343968357
0.0009162281802434547
0.009273813796554993
0.34389378028843076
34.77120428668987
0.6050912038438928
0.5225507301221998
2.2081832281437306
0.9838316769383482
45.78228477116216
0
57.19687836335739
0
15.62123105638359
0.000510345026602519
0.0005183212462643813
0.009481163100855054
5.123082840955575
0.14365668796348485
0.08465250778558418
0
0.0006965389639985914
0.29525839832932815
0.0690884655343707
0.027583204304333194
0.020238067642419654
0.00012617366951356087
755088465235443e-19
0.001315504530178649
2.0635811606817507
0.41411947665544296
0.005211314708266431
0.00030751651866641914
0.0008625733035344017
0.010320377437527988
0.011651761057110053
1372996088240289e-22
0.06811112590792025
0.5819879034819155
0.01974869926399953
27443024659940592e-27
23689263058806554e-22
10943587017980225e-21
0
0.8083031033049202
0.4296467193611726
0.08922768535390542
0
0.31423330754103745
0.003951804339987395
0.06356275962549343
0
0.0001375983584197271
0
0.12427755073861832
0.593588798889223
0
0
0
0
2288966898053928e-21
0.3568929659635127
3329521587422062e-22
2697637801518453e-21
0.3681764466718689
0.2646639096847915
0.18328212277054742
0.5267019589082387
0.0009345640921975396
0.4939178276217428
0.0011232940956693294
0.5131407236654677
9486956296496814e-22
0.000124208478523163
0.42109833899845966
0.0011393447178663979
8085367487330395e-30
0.07270879413510117
0.024127843971308148
0.19941189124126724
0.022690399140269074
0.0378618348070948
0.04851094720413111
0.1372397599150827
0.24086215984097806
0.1894267650714461
0.24571705331055227
4798120180838476e-31
0.15632251380248613
0.15644215645738369
0.437999643487175
0.5404950173818932
0.00034624783140644943
0.5427942455953222
0.6322124245148012
11.887164348946714
2.119065952775583
2.8201010904405943
0.09067919144302357
0.4944460736381298
2.6627350330996427
4.241538573499852
0.5772495380929241
5.1309164616131895
7.2161650118394585
4.579735025881311
2.4754813777376916
2.9325762889009446
0.6616468859848893
30.14172740086815
619.083576261882
4.002047343324509
3904.94766100186
1.0999810724956887
23.218350853554075
1.168624281917014
45.01706002917167
1.3055966085826813
1.396899436156922
1.0999800610089843
0.8732552392871448
1.0755388289882664
67.7865882099551
0
0.0007890959300567799
0.0008309652315396782
0
0.008130808635615622
0.0071437687120732484
0.006651980552125672
0.004928174561737204
0.006020109322896905
0.009418933532656647
0.005101216095976433
0.010423756868813043
0.004138774695610415
0.00646625456195396
0.008812784894987465
0.01749850604859894
0.006571760529113084
0.008588472618133903
0.007179262475398333
0.00905192551363049
0.005809154513807504
0.011554264258560374
0.016624807402277075
0.012050578757391276
0.0073559121246055655
0.0018996347757815502
0.007424165546405693
0.022737429685944003
0.0700995916530673
0.0409525938902681
0.10912402036993064
9119597226103947e-20
0.01007267038520825
0.20103291784447277
4806094646994303e-21
0.07184502516304926
0.01088706925714683
0.001268977425654619
54863394262979e-19
1204422770634012e-21
0.09825239788208552
0.08598990215345347
0.00413751596948861
0.03994751002519081
0.02011346064237771
0.0057716224257867215
0.012055936870606816
0.0004827911600026404
0.2586905296857012
15699129994874275e-25
0.07639801489455951
0.00034186799566366695
0.00959686394293634
0.010875242289201482
0.00015705188812597907
0.00017086343922785536
0.2563664156363912
0.00039344524348916657
0.05555827977558307
0.21321838164466372
13179221464843167e-22
2586163289778895e-21
0.00014471800431928238
1257141018423891e-20
0.0005943444369208784
17002958290577226e-21
14432275980996016e-23
10044036786551921e-22
19076842379950738e-21
0.07433413742567198
0.07509256944014345
43499122029932476e-21
0.0002126652073829365
0.019494102927560288
0.008138050109353855
0.08825924079199209
0.020064031647402187
27828558054723436e-21
0.12988312433269333
0.03813871902534122
5573477247368321e-22
0.2360113714819886
44589627753677265e-23
0.003759520193587484
0.0009822067281054715
2299456595302951e-27
0.23958625711744094
0.25715212086432543
0.01799666539153293
0.23238866577205894
0.24127661243992268
0.007385900811256693
0.17609771640148064
22332184591304854e-26
463060913025058e-20
0.0006292750232189325
912034352038524e-19
0.12461462252483242
8645597590327309e-22
0.00011180984098959098
0.15185437481822792
0.0009288537814276594
0.011806021241212926
12200688364333743e-21
0.13076896126372645
0.09347731371336296
0.021100973400180967
31468703832756465e-21
0.00015344066889335352
12006679042435524e-23
0.013618664226200039
0.1529045612681054
8333314491715909e-24
11103253628191185e-21
9106304777402137e-21
9649882983864153e-20
10586362787966331e-21
0.2511514974213875
0.15181925475247046
0.0051460249041997965
0.0015475078326002095
0.04125580894917703
0.005871474428019515
6760236511436792e-20
0.028139832729277697
832343145685892e-19
0.0007207832233986025
0.07874785837788505
9970375222180296e-22
0.25154880127664775
0.25063669886328727
0.001826958990517799
0.0005369828072796943
5829910081915264e-24
0.0010304204186518465
10390421257513171e-24
0.01024304494395928
0.029028168488394523
0.0009036211143117432
0.0003375935292836797
0.0001545411184093749
26181785229782252e-22
0.006110743984209708
0.03031830682123662
0.021315330495056645
11257175899572863e-24
0.24165247023970512
0.0658651140830433
0
0
8177682094431772e-20
6661576569010431e-20
10336378081571423e-22
7596602214334576e-22
0.00019347016957225113
0.009721421924172208
0.005380829363456629
1520423358616037e-23
0.00013149268833677124
7328711279258518e-21
0.05540899793837339
0.01334622335874436
0.09690984623843726
38456352913976503e-23
0.059485918960174605
0.0076689459231746165
0.00012013855648964699
0.11815242354046866
0.0002963955193421253
18549559457234617e-29
8514572704836204e-20
3736151755015472e-21
0.00012471043146765052
0.01625575959752029
0.003898671492266799
0.00016354184184120882
0.0001521071463366695
3799874505655401e-24
0.000514388727836572
0.022765667343342406
13135133502104567e-24
0.0018047713927784041
0.0017997227455149728
4418669320324196e-20
0.10399023815400561
43371745150291224e-21
0.2536658192613909
0.001909435419741131
0.16863485560209543
0.003298937480846797
0.000700709819165528
0.0005691776037603423
4475052652582588e-20
0.25873428339606763
12101939871979279e-21
21567465072146676e-21
0.008278145878227216
0.006430088757041513
2171598459824187e-23
8722748633918855e-20
0.003052450755971851
0.12572633762255814
0.02994649261471515
0.00010010932960211242
0.022841151271370253
0.0003540777814437144
0
0.1080736894677488
0.01228745471388521
0.25713812133908975
0.24968818022554432
0.25429436313780585
0.05137622698915057
0.02941767177943663
0.2463825273798692
0.25617313237166633
0.2439249832080237
0.24764598114837857
0.1917435742520811
0.0007650052432807368
0.015653465654119812
0.13311399132838164
0.23164668404525496
0.1295549647320559
0.0002992020894744911
0.026771812576124307
0.2217372374499409
0.10955591376656948
0.15503720847478472
