1.421759484945798
8126940564198049e-39
29764912576092186e-28
0
32038117912544685e-21
24354502438578967e-26
3217597694965342e-20
0
32411616006054256e-21
0
0.0018973918529163612
0
4.127526390255376
0
4.765645194710818
0
32.91811818704364
27.16187131902452
0.0009751714010736963
0.020231588422004093
28966676542656127e-91
8.235555127312786
0.28101547857053916
17618360204319834e-30
0
0.0001951138233019615
3874604145742593e-21
0.0016415894787043313
0.006913514589969855
0.009111927567157568
0.014414055028540231
25042297658140173e-22
26804887509892904e-25
0.0015784204133867154
27590856537745163e-22
245324510347356e-21
29443865326306145e-30
0.0002260088477705142
0.00025853022642702414
2.2576179326577615
2.550543755801779
0
1.0906445700817964
0
2.069224786188625
3.484061969132493
4.36029974197956
0
5.3628703452563125
0
4.421920898719857
0.5535665432265218
31.171877140732366
31.600912370088
2.1027404148925655
18.43438086685231
24.373145678702446
1.3364995802861799
0.0009223745083842463
0.009259791523915544
0.34612019029228935
34.76920044962438
0.6050535795910974
0.5245959419431909
2.208192860176726
0.9840415187286756
45.95608483455119
0
57.387298891503725
0
15.617011071429456
0.0005156203167311172
0.0005238050481117075
0.009545777908256099
5.12311429328921
0.14366927969673587
0.0846783275743084
0
0.0006992260643758037
0.29397204659445697
0.06909439846972874
0.027584092074616602
0.02031502740524063
0.00012615820287437476
7550365675119847e-20
0.0013156421502997712
2.063719114484315
0.4141277443303351
0.005212641294120985
0.0003075880195769741
0.0008660913026227783
0.010324976551024283
0.011656162167917677
13735644818991398e-23
0.06810893482372979
0.5821804544959508
0.01974971083985165
2746131139403833e-26
236983706904605e-20
1094555087789191e-20
0
0.8083151588511847
0.4296298596497608
0.08957461400184087
0
0.3142522353969782
0.003911662607142558
0.0635410805002666
0
0.00013670631004217854
0
0.12427789292103336
0.5936090918546274
0
0
0
0
22898214625886716e-22
0.3568964163209976
33307561546747514e-23
27002494421774542e-22
0.3681805575921039
0.26468451541666427
0.18327973965628502
0.5267037365080004
0.0009406198879136942
0.4939811181587499
0.0011233011756830084
0.513144711541871
948696961608876e-21
0.0001250148309379431
0.42107866203941946
0.0011396398569657007
8097646644591521e-30
0.07214318887778602
0.024132955247827412
0.19941466141638922
0.02269270775643058
0.03786352488033531
0.04852087431895462
0.13725798274261863
0.24086419377553464
0.18943531228294538
0.2457392729549305
4805681702435416e-31
0.15634330638028396
0.1564621119484568
0.43800336419471003
0.5404984596317688
0.0003462711182110893
0.5428135562362733
0.6322353696065265
11.888136702531236
2.1190619520879714
2.8200949328972444
0.09068044687115098
0.49448126245331486
2.6627263929530924
4.241523330585511
0.5772551017534361
5.1312995083847746
7.216867030924879
4.580143961262392
2.4754816740190795
2.932877802571989
0.6616799689158293
30.14472456689578
619.0835945114742
4.00204735259307
3905.090737975211
1.099981073184582
23.21835087946889
1.168624788540457
45.017075147570075
1.3055965597923178
1.3968994423982708
1.099980061698039
0.873262112513737
1.0755405716353903
67.78540452991862
0
0.0007891529809111789
0.0008309708615114401
0
0.008130986041610938
0.007144853418485286
0.0066529614740979725
0.004929030236317482
0.006020939955943616
0.009419757199578617
0.005102065706409702
0.01042502800191055
0.004139490557663209
0.006467208748213471
0.008813971440625434
0.017500663569141497
0.0065727864125973935
0.008589564659460083
0.007180298578332037
0.009053054909096586
0.0058099069664273185
0.0115556921446515
0.016627137789681327
0.01205212832658579
0.007356890009546971
0.0018996349630310862
0.007424168429329663
0.022737457349283025
0.07009987591793683
0.04095268622632093
0.10912476337258534
9119597269147883e-20
0.010072675712475058
0.20103618760744352
48060946481896436e-22
0.07184532469698464
0.010887075488115542
0.0012689775091374426
5486339427855561e-21
12044227707090816e-22
0.09825298689409943
0.08599034262924844
0.004137516860644658
0.03994759774247498
0.020113482203390057
0.005771624163962601
0.012055944524488505
0.00048279117207302965
0.258699762407685
15699129994875551e-25
0.07639835640877991
0.00034186800171474044
0.009596868775433264
0.010875248506531845
0.00015705188940267554
0.00017086344073900735
0.2563770715262691
0.000393445251504397
0.055558453873467056
0.21322225911726014
1317922146574201e-21
25861632901250076e-22
0.00014471800540330623
1257141019241753e-20
0.000594344455216537
17002958305538335e-21
14432275981103803e-23
10044036787073984e-22
19076842398784153e-21
0.0743344595215209
0.07509289859643309
4349912212785716e-20
0.00021266520972408295
0.0194941231622527
0.008138053576957396
0.08825970684319949
0.020064053100972135
2782855809480115e-20
0.12988422656198234
0.03813879874752288
5573477247529073e-22
0.23601678461321943
4458962775470616e-22
0.003759520928952849
0.0009822067780994267
2299456595302951e-27
0.2395919890210835
0.2571625578482641
0.017996682598212587
0.2323937845143448
0.24128909865446882
0.007385903664381031
0.17610001253995175
22332184591305112e-26
4630609131360224e-21
0.0006292750437293377
912034356343622e-19
0.12461562488207267
8645597590714116e-22
0.00011180984163663444
0.1518559663644439
0.0009288538261344361
0.011806028578359063
1220068837203711e-20
0.13077008090429287
0.0934778418318099
0.021100997165769783
31468703884005e-18
0.00015344067011200654
12006679042510124e-23
0.013618674015475677
0.15290617943860202
8333314491719502e-24
11103253634571052e-21
910630478169349e-20
9649883032059823e-20
10586362793766017e-21
0.2511585858058116
0.1518208454138362
0.005146026284740623
0.0015475079568019639
0.04125590270346773
0.005871476227118011
67602365350889e-18
0.028139875452474827
8323431492714814e-20
0.0007207832503114225
0.07874822279702326
9970375222694726e-22
0.25156030624565
0.25064832019998623
0.001826959163695914
0.0005369828222130335
5829910081917022e-24
0.0010304204736781648
10390421257518758e-24
0.01024305045434128
0.02902821401419981
0.0009036211566210364
0.00033759353518434684
0.00015454111964557246
26181785233329605e-22
0.006110745933601284
0.030318356583396742
0.021315354753820733
11257175899579421e-24
0.24166492955112534
0.06586536316360013
0
0
8177682129042862e-20
6661576591977179e-20
10336378082124317e-22
7596602214633212e-22
0.00019347017150979636
0.009721426883828608
0.005380830873366851
15204233586172333e-24
0.0001314926892317006
7328711282038001e-21
0.05540917105811662
0.01334623275648246
0.0969104177261473
3845635291474182e-22
0.05948611988658798
0.007668949000431274
0.00012013855723668611
0.1181533116879702
0.00029639552389023254
18549559457234617e-29
8514572742357915e-20
37361517557378346e-22
0.00012471043227263388
0.016255773599747562
0.003898672283234018
0.00016354184322561367
0.00015210714753423013
3799874505656148e-24
0.0005143887415392383
0.022765695076625566
13135133502113494e-24
0.0018047715617703613
0.0017997229135615675
4418669330428691e-20
0.10399090571159719
4337174524764323e-20
0.25367333426774913
0.0019094356089304268
0.16863691342422696
0.0032989380466940384
0.0007007098445994804
0.0005691776205387864
44750526629466086e-21
0.2587437633997409
1210193987955845e-20
2156746509621888e-20
0.008278149466979249
0.0064300909165038046
21715984598266275e-24
8722748673297875e-20
0.0030524512402498863
0.1257273605372519
0.029946541135731312
0.00010010933012081125
0.02284117919207443
0.0003540777879348462
0
0.10807441662782148
0.01228746266726617
0.2571464758048487
0.2496950536268491
0.25430200080341664
0.051376374819363045
0.029417718563456915
0.2463946005929796
0.25618120096747843
0.2439372688755345
0.24765258285015282
0.19174644500001037
0.0007650052735991212
0.015653478626327648
0.13311515794381884
0.23165174553352513
0.12955606055722493
0.00029920209410915676
0.026771851164738916
0.22174161322563765
0.10955666334529733
0.15503888170588265
