1.422123907176302
7622536479237696e-39
28980571771958182e-28
0
3195739221029002e-20
24294325722652574e-26
32094777571606734e-21
0
3232944497503062e-20
0
0.001893409029761638
0
4.300109056214332
0
4.754866194695226
0
32.91351933457728
27.16265839572687
0.0009925224774245485
0.020751012470082625
2826482886212389e-90
8.235093699747773
0.28032901180045466
17140032363980646e-30
0
0.00019390214045593015
3845509049773626e-21
0.0016402578935041368
0.006913488051202199
0.009099103607592666
0.014402364481002348
24990995865579735e-22
26724915196230835e-25
0.0015761991943015886
27533787018907173e-22
2446895180402874e-22
2937463190217006e-29
0.00022460948101919146
0.0002569281403223961
2.2638038972478434
2.5384885191799236
0
1.0898738492607605
0
2.074284573603257
3.5846300988869224
4.360776368623097
0
5.3626533968942445
0
4.422044972335605
0.5457195730376283
31.075872988159357
31.487168495531545
2.078048560985517
19.27445597245194
24.3764342541626
1.336439823877305
0.0008812759582017503
0.009351303898754115
0.33123469295942976
34.783373351927196
0.6053067032034369
0.5104932340771314
2.2081204175859677
0.9825624397421051
44.756817007577034
0
56.03987577745126
0
15.64590369984825
0.00048042767055478516
0.00048746817018899404
0.009113946088187306
5.122895296608182
0.1435819032362231
0.08450036204935095
0
0.0006806863650392579
0.3030052933559662
0.06905160826096521
0.02757779033047622
0.019784138165039104
0.0001262876719304767
7555256696319584e-20
0.001314675098666091
2.0627211153772924
0.41406950136091286
0.005203250306747285
0.0003070982231216302
0.0008418707716332823
0.010292605466447478
0.011624286196783786
13695674557388356e-23
0.068123300168334
0.5809130528941199
0.01974227517712247
27332437466498667e-27
2363430595142186e-21
10932190056913678e-21
0
0.8082306534893273
0.42975709342902824
0.0871825567717742
0
0.3141189352679645
0.00419289566728221
0.06369018529729777
0
0.00014312153466313927
0
0.12427548021997445
0.5934662002282328
0
0
0
0
2283880043613009e-21
0.3568719385432559
33220733802162397e-23
2681916429041832e-21
0.36815160741054015
0.2645376043914673
0.18329645456684565
0.5266905100361516
0.0009001349217375214
0.4935370152029739
0.0011232507138292961
0.5131163815303776
9486875816517501e-22
0.00011962428369419745
0.4212172967499244
0.0011375530693340475
8011538901461031e-30
0.0760495520079228
0.024097027356936977
0.19939515313304582
0.022675973999211813
0.03785109596360842
0.04845100251535089
0.13712969201714542
0.24084986952086995
0.18937285420514646
0.24557915878044523
4752619612147901e-31
0.15619433279860298
0.1563187182023637
0.4379771596998955
0.5404742180716237
0.00034610878502375995
0.542679667404774
0.6320669493658426
11.881103997351353
2.1190898882285794
2.820137342469773
0.09067154445734835
0.4942267361259737
2.662786711402813
4.241628283696168
0.5772156217805052
5.128539852367145
7.211813319850955
4.577206080328372
2.4754794981948907
2.9307093834332187
0.6614395562119554
30.124906846105116
619.083465996522
4.002047287323183
3904.083290976966
1.0999810683333444
23.21835069697486
1.168621220865777
45.016968682810365
1.3055969033167698
1.3968993984461429
1.0999800568456626
0.8732137115436747
1.0755282998472482
67.793579308009
0
0.000788741396415797
0.0008309310647811677
0
0.008129732811719192
0.0071370723207002966
0.006645920844270592
0.004922909976273025
0.006014977918983375
0.009413833059091593
0.0050959829310046065
0.010415865714629555
0.00413436973375078
0.006460360155996928
0.00880544079123654
0.017485118251318883
0.00656543114576654
0.008581705340243297
0.007172860825200476
0.009044924401375484
0.005804495474294717
0.011545409528620515
0.016610392776617175
0.01204098067803112
0.007349856132814708
0.001899633644406547
0.007424148127591959
0.022737262542741676
0.07009787412845091
0.04095203599351023
0.10911953120115359
9119596966029348e-20
0.010072638197532359
0.20101316282873874
4806094639771963e-21
0.0718432153836637
0.010887031609253861
0.0012689769212454098
54863394168863956e-22
12044227701804372e-22
0.09824883910352251
0.0859872408144737
0.004137510585062653
0.03994698003503976
0.020113330369655305
0.0057716119236120205
0.01205589062539702
0.00048279108707247206
0.2586347519135794
15699129994866566e-25
0.07639595147313095
0.00034186795910264066
0.009596834744688131
0.010875204723712157
0.00015705188041208588
0.0001708634300973647
0.2563020413917546
0.0003934451950605611
0.055557227875036516
0.21319495517160117
1317922145941228e-21
2586163287687656e-21
0.0001447179977695311
1257141013482308e-20
0.0005943443263771821
17002958200181104e-21
1443227598034475e-22
10044036783397588e-22
19076842266157866e-21
0.07433219132867833
0.07509058068445323
4349912143826438e-20
0.0002126651932375591
0.019493980668515133
0.008138029157870983
0.08825642492885345
0.02006390202385094
27828557812570963e-21
0.12987646478167814
0.03813823734163202
5573477246397043e-22
0.23597866758819863
445896277474606e-21
0.0037595157504592062
0.000982206426038391
22994565953029494e-28
0.23955162745344963
0.2570890688546726
0.01799656142786552
0.23235774035517276
0.2412011835630206
0.007385883572494147
0.17608384360176083
22332184591303297e-26
4630609123546035e-21
0.0006292748992935777
912034326026807e-19
0.12460856638057319
8645597587990192e-22
0.00011180983708010724
0.15184475893440516
0.0009288535113060896
0.011805976909736152
12200688317789444e-21
0.13076219651744458
0.09347412284654243
0.021100829807323987
3146870352310906e-20
0.00015344066153016308
12006679041984773e-23
0.013618605078830101
0.15289478452788316
8333314491694197e-24
11103253589643555e-21
9106304751473464e-21
9649882692662396e-20
1058636275292421e-20
0.25110867313989077
0.15180964421466508
0.005146016562878993
0.0015475070821643348
0.04125524248342576
0.005871463557746503
6760236368529025e-20
0.02813957459397477
8323431240214994e-20
0.0007207830607893966
0.0787456565666663
9970375219072062e-22
0.25147929860532076
0.2505664933589375
0.0018269579441633054
0.0005369827170513752
5829910081904638e-24
0.001030420086178868
10390421257479415e-24
0.010243011649891137
0.02902789341966706
0.0009036208586759404
0.00033759349363141907
0.00015454111094017904
26181785208348884e-22
0.006110732205856407
0.030318006156361918
0.021315183922416502
11257175899533241e-24
0.24157720383301218
0.0658636091401341
0
0
8177681885309037e-20
6661576430243658e-20
10336378078230799e-22
7596602212530188e-22
0.00019347015786546137
0.009721391957619207
0.005380820240477609
1520423358608809e-23
0.00013149268292954279
7328711262464677e-21
0.055407951947725645
0.013346166577063955
0.09690639333957676
3845635290935241e-22
0.05948470496252251
0.007668927330191012
0.00012013855197598205
0.11814705743031186
0.00029639549186213
18549559457234617e-29
8514572478127287e-20
3736151750650901e-21
0.00012471042660388212
0.016255674995295226
0.003898666713188406
0.00016354183347653376
0.0001521071391009207
3799874505650887e-24
0.0005143886450440676
0.022765499777535208
13135133502050625e-24
0.0018047703717169713
0.0017997217301654869
4418669259272097e-20
0.10398620481336199
4337174456208329e-20
0.25362041777922023
0.0019094342766459626
0.16862242262442556
0.003298934061958431
0.0007007096654917468
0.0005691775023837661
4475052589962418e-20
0.2586770119091247
12101939826185364e-21
21567464926700653e-21
0.008278124194757966
0.0064300757094277764
2171598459809442e-23
8722748395987933e-20
0.0030524478299301635
0.12572015727418887
0.029946199448857985
0.00010010932646809625
0.02284098257315892
0.0003540777422238233
0
0.10806929601747257
0.012287406659085053
0.25708764881989454
0.24964665465700905
0.2542482206832255
0.05137533379724024
0.029417389108545987
0.2463095927274064
0.2561243867315114
0.2438507654685709
0.24760609692699126
0.19172622989739696
0.0007650050600948656
0.015653387275319668
0.1331069427700646
0.23161610451547782
0.12954834387339473
0.00029920206147150376
0.02677157942207483
0.2217108005300122
0.10955138486615901
0.15502709907423673
