1.4222317602525427
7479349448962415e-39
28752430656103796e-28
0
31933556008077e-18
2427655567995055e-25
3207080026777012e-20
0
3230519009223727e-20
0
0.0018922347477592848
0
4.352363172731939
0
4.752015878056142
0
32.91215496836674
27.162890754761527
0.0009976162359567168
0.020902823196382498
280605202162634e-89
8.234936475766279
0.2801291445238624
17000987035901453e-30
0
0.00019354498031452113
3836944943889722e-21
0.001639865193552747
0.006913480196951592
0.009095322197269797
0.014398916803213207
24975884211452046e-22
26701806876833934e-25
0.0015755442240300373
2751697605428594e-21
24450658655561376e-23
293542369697415e-28
0.00022419700494675398
0.0002564559107156464
2.265428749084852
2.535064888795285
0
1.0896454711223325
0
2.075877869963877
3.6144911072492008
4.3609007989597295
0
5.3625896685594014
0
4.422077805435668
0.5436967063776399
31.04726531333985
31.453297034152335
2.0707613689272915
19.530008026266792
24.378320952575738
1.3364209136751046
0.0008702594702340355
0.009377888759101154
0.32724819520408466
34.787590210179744
0.6053762969692843
0.5064512153796404
2.2080966406122515
0.9821241854384088
44.4127333169452
0
55.63886793676434
0
15.654096163149966
0.00047095472608778803
0.0004776828304032449
0.008998243342940008
5.122831191264782
0.14355657400208707
0.08444934610482625
0
0.0006753680775613019
0.3056673516026886
0.0690385177738829
0.027575904545969396
0.019631887082182227
0.00012633442781960217
7557211764491862e-20
0.001314389821564382
2.0624145202896207
0.41405225583649974
0.005200450256583847
0.0003069591337146791
0.0008349447833975407
0.010283026257757273
0.011614460272776737
13683871094622893e-23
0.06812709662568942
0.5805778795472802
0.019739942181263268
2729426548340382e-26
2361537797223099e-21
10928436223433382e-21
0
0.8082058200141066
0.42979829554840776
0.0864970463075678
0
0.31407948226641347
0.004275489757241586
0.06373275769997597
0
0.000145076386513239
0
0.12427476484402539
0.5934239163746183
0
0
0
0
22821545136731786e-22
0.35686461198297714
3319508823244168e-22
26765166653614543e-22
0.3681430390688741
0.2644933615652728
0.18330137153283285
0.5266862181411349
0.0008892941357783285
0.4934062881745161
0.001123235510434147
0.5131078870593124
9486848055006848e-22
0.00011818088571322056
0.42125835505247206
0.0011369320318817423
7986217364205557e-30
0.07717233308898597
0.02408642341907456
0.19938937930667866
0.022670819853692827
0.037847193707755515
0.04843033942588475
0.13709173985285633
0.24084562965506381
0.18935340822964286
0.24553023072937147
4737000513290721e-31
0.1561491671889428
0.15627506280379838
0.43796940294541187
0.5404670431874827
0.0003460614677438763
0.5426409233731393
0.6320142049204085
11.878944173250643
2.119098048215995
2.82014946060387
0.09066888161649377
0.4941485600614367
2.662804323518838
4.241658258506612
0.5772038003808285
5.12769694712713
7.2102714666347625
4.576312024724552
2.4754788123419664
2.930048734553504
0.6613652521590121
30.119587723058277
619.08342796171
4.0020472680061445
3903.7851804778315
1.0999810668975898
23.218350642964587
1.1686201649918595
45.01693717393607
1.3055970049584913
1.3968993854381884
1.099980055409571
0.8731993873240321
1.0755246679605248
67.79592608750279
0
0.0007886154073419946
0.0008309192180765839
0
0.008129360121018036
0.007134709405692642
0.006643781117378799
0.004921058833289329
0.006013166043640787
0.009412027571332979
0.00509414068034502
0.01041306511205775
0.004132820656993715
0.006458278851158191
0.008802842361611997
0.017480369135716736
0.006563199151042184
0.00857930803738992
0.007170599971158548
0.009042443400685385
0.005802846433094356
0.011542270467897311
0.016605296051611738
0.012037582192241986
0.007347712216273609
0.001899633254151406
0.007424142119174246
0.02273720488882719
0.070097281697087
0.04095184355495541
0.1091179827548602
9119596876319493e-20
0.010072627094773329
0.20100634900480888
4806094637280697e-21
0.07184259113085074
0.010887018623059665
0.0012689767472550768
5486339413640001e-21
12044227700239815e-22
0.09824761157210816
0.08598632283412594
0.0041375087277660825
0.03994679722242846
0.020113285433715898
0.005771608301007416
0.0120558746736644
0.00048279106191601945
0.258615514777664
15699129994863907e-25
0.07639523973165246
0.0003418679464913198
0.009596824673095873
0.010875191765942087
0.00015705187775126383
0.000170863426947903
0.256279839957619
0.00039344517835565053
0.05555686503819392
0.2131868750658073
13179221457538958e-22
25861632869663053e-22
0.00014471799551026688
12571410117777638e-21
0.0005943442882463611
17002958168999964e-21
14432275980120104e-23
10044036782309536e-22
1907684222690627e-20
0.07433152005585734
0.07508989469738572
43499121234175014e-21
0.0002126651883582678
0.01949393849678722
0.008138021930901147
0.08825545364883886
0.020063857311834476
27828557729043147e-21
0.129874167722398
0.038138071191573815
5573477246062012e-22
0.2359673877928739
44589627745316224e-23
0.0037595142178524538
0.0009822063218437131
22994565953029486e-28
0.2395396834948497
0.2570673233474223
0.017996525566887314
0.23234707392921874
0.24117517067619065
0.0073858776261829535
0.1760790585864044
2233218459130276e-25
4630609121233377e-21
0.0006292748565469026
912034317054353e-19
0.1246064774488477
8645597587184028e-22
0.00011180983573157407
0.15184144218285098
0.0009288534181306592
0.01180596161812204
12200688301734502e-21
0.1307598631741888
0.09347302221758069
0.021100780276782385
3146870341629962e-20
0.00015344065899031205
1200667904182929e-22
0.01361858467665844
0.15289141229445488
8333314491686706e-24
11103253576346976e-21
9106304742529655e-21
9649882592215572e-20
10586362740836818e-21
0.2510939030713618
0.15180632930703616
0.005146013685635751
0.001547506823309862
0.04125504708913263
0.005871459808170693
6760236319234573e-20
0.02813948555360558
8323431165486067e-20
0.0007207830046991576
0.07874489709051287
997037521799991e-21
0.2514553288820933
0.2505422813083259
0.0018269575832350318
0.0005369826859281177
5829910081900972e-24
0.0010304199714960154
10390421257467772e-24
0.010243000165495576
0.02902779853835566
0.0009036207704972136
0.0003375934813335669
0.0001545411083637626
26181785200955684e-22
0.00611072814304894
0.03031790244602957
0.02131513336403878
11257175899519573e-24
0.24155124695647165
0.06586309003469452
0
0
8177681813174461e-20
6661576382377594e-20
10336378077078487e-22
7596602211907784e-22
0.00019347015382733388
0.009721381621009524
0.005380817093610459
15204233586063158e-24
0.0001314926810643792
7328711256671828e-21
0.055407591149397833
0.01334614699090719
0.09690520232883228
3845635290775738e-22
0.05948428621320294
0.007668920916757364
0.00012013855041904328
0.11814520650648024
0.00029639548238321006
18549559457234617e-29
8514572399926554e-20
37361517491453903e-22
0.00012471042492617906
0.016255645812795295
0.003898665064699517
0.00016354183059123168
0.00015210713660502925
3799874505649329e-24
0.0005143886164857118
0.022765441977848935
13135133502032017e-24
0.001804770019513254
0.0017997213799320416
44186692382128506e-21
0.10398481359339228
4337174435918746e-20
0.25360475892495765
0.0019094338823480827
0.16861813421888383
0.003298932882651514
0.000700709612483683
0.0005691774674150414
4475052568362283e-20
0.25865725968372694
12101939810389259e-21
21567464876530657e-21
0.008278116715298184
0.006430071208803831
21715984598043558e-24
8722748313916295e-20
0.003052446820625088
0.1257180255018294
0.02994609832520291
0.00010010932538705205
0.022840924382865283
0.00035407772869535656
0
0.1080677805868091
0.012287390083156692
0.25707024118063115
0.24963233247330882
0.2542323062959419
0.05137502570416908
0.02941729160497789
0.24628443973392172
0.25610757461358197
0.24382517011844596
0.24759234079588682
0.19172024751796155
0.0007650049969069352
0.015653360239510253
0.13310451153438715
0.23160555738121189
0.12954606015989487
0.00029920205181218354
0.026771498998634527
0.22170168213795874
0.10954982271546777
0.15502361210121055
