1.4227969943967258
6771793261306722e-39
2758584671953688e-27
0
3180905128495751e-20
24183725810845984e-26
3194554890680319e-20
0
3217853464203096e-20
0
0.0018861143056496331
0
4.633062256429238
0
4.7396620153582285
0
32.904987816979194
27.164104161005394
0.0010237668276147044
0.02168415168543641
2701465241230335e-90
8.233986898896912
0.27910608870270304
16290605413645878e-30
0
0.000191683913021262
37924085157135943e-22
0.001637817646744888
0.006913439035053426
0.009075609244209753
0.014380940534146992
2489720277347646e-21
26584465661695597e-25
0.001572129800844845
27429444423600556e-22
24358142959039256e-23
2924804006979776e-29
0.0002220477440278465
0.000253995300444311
2.272613655714641
2.5181013235065186
0
1.0884472078528435
0
2.0847943504103403
3.7702265244685265
4.361451177321627
0
5.362258581417156
0
4.422227193992174
0.534782246460186
30.89588831103908
31.274237629910044
2.032759555253787
20.912401903008902
24.38538414855722
1.336314366387603
0.0008192238372570345
0.009510334081446067
0.308802703458041
34.809766115221834
0.6057008699111848
0.48621132436376974
2.2079580200643005
0.9798252081724966
42.68740646950864
0
53.53251028560093
0
15.694533718180743
0.00042694497570943524
0.00043241528767702945
0.008462687759372298
5.12250264293049
0.14342777641114868
0.08419363922802858
0
0.0006487089055941417
0.31953057938121876
0.0689671901944574
0.027565896167750903
0.018868921904599406
0.00012663188860876392
7570608888875767e-20
0.0013129016522340432
2.060735342439849
0.41396184156464566
0.005185653922801987
0.0003062714831629126
0.0008003708572122073
0.010232796400939532
0.011560103294849229
13622218712222723e-23
0.06814397805536726
0.5791256653300965
0.019726858512199595
27094211183938816e-27
23516456957232377e-22
10910171829481847e-21
0
0.808077021165814
0.43003633926356005
0.08306511067421636
0
0.3138727395428048
0.00470358161274568
0.06394499939456252
0
0.00015567806985498567
0
0.1242710064094733
0.5932023605145308
0
0
0
0
2273335315803651e-21
0.3568255731376168
3306110268523667e-22
26484105554680274e-22
0.3680981316121203
0.26425658200073343
0.1833269186441769
0.526661554037302
0.0008391434451245688
0.4927263916932373
0.0011231538437601102
0.5130625555338895
9486702555677183e-22
0.00011150379057250218
0.42147371254591837
0.0011336573814408149
7854732931977733e-30
0.0828218579063945
0.024031061261918934
0.19935911828880085
0.022642508971376603
0.03782529045299747
0.048322167126516054
0.13689296833240666
0.24082340558805357
0.1892452912350077
0.24526389760818135
4655805703022891e-31
0.15590561218690815
0.15603836538810567
0.43792874084501676
0.5404294379143194
0.00034581867215627423
0.5424445286734189
0.6317190432149831
11.86712008072199
2.119139975132499
2.820209610258238
0.09065470670359341
0.4937205132062902
2.6628947647426267
4.241806924304139
0.5771407767943191
5.123114237392268
7.2019014574946985
4.571469008778345
2.475474870159997
2.9264689138256013
0.6609555005917761
30.09529136394237
619.0832286297011
4.002047166769818
3902.2232214290343
1.0999810593731172
23.21835035990871
1.1686146314055381
45.01677204324795
1.3055975374529338
1.3968993172660378
1.099980047883331
0.8731243199074649
1.0755056342463785
67.80767459357014
0
0.0007879279048035359
0.0008308565940396497
0
0.008127392980607193
0.007121944650144715
0.006632211563054044
0.004911105027248772
0.0060033715173404755
0.009402233473414026
0.005084219455192744
0.01039782083708351
0.004124490010780514
0.006447025586315838
0.008788755887958763
0.017454536074003577
0.0065511517152307885
0.008566290914553151
0.007158372793332222
0.009028965641225904
0.005793902727483625
0.01152520956051766
0.016577688758189418
0.01201914027113163
0.007336081001906898
0.0018996312089117435
0.007424110630463996
0.022736902739789767
0.07009417697707555
0.040950835041793816
0.10910986804926437
9119596406169974e-20
0.010072568907866368
0.2009706430359462
4806094624224522e-21
0.07183931964847884
0.010886950565538286
0.0012689758354105728
5486339396626364e-21
12044227692040322e-22
0.0982411786019729
0.08598151206219834
0.0041374989940987286
0.03994583915560349
0.020113049936027087
0.005771589315774224
0.012055791074503167
0.0004827909300766307
0.2585147205950764
1569912999484997e-24
0.07639150976024746
0.0003418678803981811
0.009596771890278851
0.010875123857384438
0.00015705186380648395
0.00017086341044227112
0.2561635185920778
0.0003934450908089165
0.05555496352921579
0.21314453402421332
13179221447721285e-22
2586163283185869e-21
0.00014471798366996286
12571410028446238e-21
0.0005943440884111931
17002958005586492e-21
14432275978942773e-23
10044036776607295e-22
1907684202119734e-20
0.074328002162443
0.07508629969320414
4349912016458776e-20
0.00021266516278698182
0.019493717485570314
0.008137984056053866
0.08825036355967061
0.020063622987664027
27828557291292325e-21
0.12986213000657537
0.038137200447663944
5573477244306187e-22
0.2359082816943441
44589627734078034e-23
0.0037595061858092874
0.0009822057757826077
2299456595302946e-27
0.23947709758469105
0.25695339002342016
0.01799633762859203
0.23229118155413522
0.24103888875422166
0.007385846462958019
0.17605398350444512
22332184591299945e-26
4630609109113241e-21
0.0006292746325210697
9120342700317055e-20
0.12459553039184766
8645597582959102e-22
0.00011180982866420998
0.15182406100546264
0.0009288529298189668
0.011805881478474814
12200688217594096e-21
0.1307476353185769
0.09346725427628619
0.02110052070005812
314687028565349e-19
0.00015344064567951457
12006679041014444e-23
0.01361847775388413
0.15287374038037824
8333314491647453e-24
11103253506662545e-21
9106304695657123e-21
9649882065795974e-20
10586362677489469e-21
0.25101651061141106
0.15178895779220933
0.005145998606665908
0.001547505466711468
0.04125402308594525
0.005871440157511432
676023606089324e-19
0.02813901891731013
8323430773848287e-20
0.0007207827107426786
0.07874091696357118
9970375212381003e-22
0.25132974621520515
0.2504154295550928
0.0018269556916908573
0.0005369825228180309
5829910081881759e-24
0.00103041937046873
10390421257406747e-24
0.010242939978526303
0.02902730129143674
0.0009036203083721289
0.00033759341688324783
0.00015454109486133397
2618178516220954e-21
0.006110706850816788
0.030317358928892434
0.021314868400712277
11257175899447944e-24
0.24141525830366595
0.06586036958467963
0
0
8177681435133105e-20
6661576131522137e-20
10336378071039476e-22
7596602208645904e-22
0.00019347013266440114
0.009721327449301626
0.005380800601605076
1520423358593249e-23
0.00013149267128946917
73287112263127835e-22
0.05540570032349437
0.013346044344656883
0.09689896074402843
3845635289939818e-22
0.059482091688741204
0.007668887305456262
0.00012013854225947148
0.1181355066977969
0.0002963954327062899
18549559457234617e-29
8514571990093803e-20
3736151741255341e-21
0.00012471041613370827
0.01625549287461731
0.0038986564253448556
0.0001635418154700018
0.00015210712352461427
37998745056411664e-25
0.0005143884668177043
0.022765139064862897
13135133501934499e-24
0.001804768173692511
0.0017997195444370477
4418669127845996e-20
0.10397752282127598
433717432958553e-19
0.2535227101382696
0.0019094318159213388
0.16859566141636192
0.0032989267021714093
0.0007007093346801976
0.0005691772841517155
447505245516075e-19
0.2585537672965637
12101939727605368e-21
21567464613600795e-21
0.008278077517212445
0.006430047622079588
21715984597777004e-24
872274788379698e-19
0.003052441531085635
0.12570685394498754
0.029945568364052585
0.00010010931972153842
0.022840619422816854
0.0003540776577956596
0
0.10805983889702059
0.012287303212744006
0.2569790308627346
0.2495572865085489
0.2541489187969802
0.05137341108666545
0.02941678061560424
0.24615266045131748
0.256019484062938
0.24369107447099853
0.24752026044885012
0.19168889824152394
0.0007650046657530368
0.015653218551569845
0.13309177069152806
0.23155029003448982
0.12953409238032404
0.00029920200118982535
0.026771077521103026
0.22165390079214844
0.1095416361930973
0.15500533892853863
