1.4231489796024621
6365442132485969e-39
2688343140629632e-27
0
3173187509051255e-20
2412617461667535e-25
3186790163073129e-20
0
32100041476418594e-21
0
0.0018823312207109882
0
4.812082804394612
0
4.734185041831119
0
32.90051709064761
27.16485610607723
0.001039427757232025
0.022158694459813517
26383989902650307e-91
8.233301907224488
0.27848942642838687
15863383564320577e-30
0
0.00019053403308599913
37649656971409496e-22
0.0016365515818695334
0.006913413402944327
0.009063422606891297
0.014369825225236173
24848628183584433e-22
26514273454274525e-25
0.0015700190031414504
2737540415296979e-21
24303092190272397e-23
2918247445065552e-29
0.00022071983307636375
0.00025247503160721733
2.2761253314871746
2.5082961163540505
0
1.087700377748885
0
2.0907448188286573
3.865442665267046
4.361722149216582
0
5.362054398812354
0
4.422303824493736
0.5304909472034969
30.800388622205123
31.161421594829065
2.009278836872281
21.802606286260794
24.391315850814287
1.336242471583104
0.000792286148986694
0.009588828599976373
0.2990875446446148
34.82357300382416
0.6058687625998775
0.47437494869918584
2.20786143531043
0.9783929456964857
41.676616801758556
0
52.226220906485224
0
15.717738101884795
0.000403605285726029
0.0004084179793727991
0.008180383387442352
5.122304824748549
0.143350788499887
0.08404368388570756
0
0.0006330982509860976
0.3280873782387371
0.06892084660052229
0.027559581782916273
0.018422303243598562
0.00012685548240184253
7581255568406358e-20
0.0013119807724988172
2.0596378491434044
0.41390553191893087
0.005176362159531828
0.00030587605886369366
0.000780234279495441
0.010201467017851273
0.011523899962381656
13584011372564433e-23
0.06815225298872389
0.578482722539329
0.019718093549581536
2696981381516133e-26
23455112964342964e-22
10899915779665794e-21
0
0.807997981136155
0.43020005158319646
0.0810587043393923
0
0.3137440454590325
0.004966141308972273
0.06406850934602404
0
0.00016252934584788946
0
0.12426865849460926
0.5930644306081506
0
0
0
0
2268018101474495e-21
0.35680069832523625
3297804394705719e-22
2631070683720152e-21
0.3680701643266287
0.2641056240978839
0.18334264089811522
0.5266446410071184
0.0008127367104113386
0.49230737428829013
0.0011231013160046066
0.5130336423732739
9486611943040198e-22
0.00010798807658517395
0.4216079505552669
0.0011316060246344588
7773893867451655e-30
0.08615201926242157
0.0239967591920685
0.1993402726060858
0.022623949272393286
0.037810601683551937
0.04825490567149114
0.1367693013181425
0.24080956279517648
0.18917351134161386
0.24509096720225615
4605826241600081e-31
0.1557491147120635
0.15588524593668543
0.4379034101757409
0.5404060173915525
0.00034567167853664796
0.5423277760895467
0.6315217714367172
11.859395976948083
2.1191653510480557
2.820244132776935
0.09064568663039732
0.49344083014651974
2.662949457204991
4.241892141411404
0.5771005895879651
5.120145345184893
7.196489477558901
4.568341213649892
2.4754720914997725
2.9241594763883176
0.6606857521987917
30.082838894478186
619.0831045007883
4.002047103727468
3901.2508668878895
1.0999810546874431
23.218350183642855
1.1686111855184542
45.01666921261246
1.3055978688988636
1.3968992748132691
1.0999800431965574
0.8730775758333519
1.0754937816556194
67.81451853276637
0
0.000787480013393567
0.0008308171214586066
0
0.00812615573960095
0.007113728038953899
0.006624757023054992
0.004904729712560003
0.0059970641773165745
0.009395900935711658
0.005077854538580692
0.010387927802223081
0.0041191538703950915
0.006439775141014461
0.008779654273687267
0.017437784548143286
0.006543403821994564
0.008557865747851348
0.007150492720114672
0.00902023802352669
0.0057881216139219335
0.011514156027458098
0.01655986592790227
0.012007211935559672
0.007328559802898171
0.0018996299352918074
0.007424091021737016
0.02273671458618032
0.07009224366103119
0.04095020702838853
0.10910481512738149
9119596113396316e-20
0.010072532673617898
0.200948411255544
4806094616094119e-21
0.07183728249120065
0.01088690818466054
0.001268975267582901
5486339386031555e-21
12044227686934295e-22
0.09823717284604701
0.08597851641217141
0.004137492932716198
0.039945242555433885
0.020112903287216436
0.005771577493234052
0.012055739015541914
0.0004827908479770184
0.25845197342760107
15699129994841296e-25
0.07638918710731517
0.00034186783924036425
0.00959673902126697
0.010875081569269363
0.00015705185512272712
0.00017086340016380893
0.2560911090935703
0.00039344503629142144
0.05555377944568305
0.2131181714650448
13179221441607575e-22
25861632808316984e-22
0.0001447179762967148
12571409972817376e-21
0.0005943439639689522
17002957903824902e-21
1443227597820962e-22
10044036773056368e-22
1907684189309733e-20
0.07432581156779873
0.07508406108262927
4349911949852947e-20
0.0002126651468631146
0.019493579857714927
0.008137960470543845
0.08824719398426284
0.020063477069621673
2782855701869412e-20
0.1298546343885609
0.038136658224056534
5573477243212791e-22
0.23587148235345493
4458962772707974e-22
0.0037595011840670977
0.0009822054357370782
22994565953029438e-28
0.23943813206118572
0.2568824664545823
0.017996220595784117
0.23225638279075206
0.24095406156120736
0.007385827056917705
0.1760383704383345
2233218459129819e-25
4630609101565734e-21
0.000629274493014713
9120342407495475e-20
0.12458871387609347
8645597580328137e-22
0.00011180982426318872
0.15181323832402024
0.0009288526257353936
0.011805831573819993
12200688165197797e-21
0.13074002130984805
0.09346366261719001
0.02110035905686002
3146870250795564e-20
0.00015344063739055412
1200667904050702e-22
0.013618411170866531
0.15286273667682376
833331449162301e-23
11103253463268335e-21
9106304666468447e-21
9649881737981558e-20
10586362638041513e-21
0.25096832847565226
0.1517781411269965
0.005145989216642785
0.0015475046219248785
0.04125338542681324
0.005871427920595754
6760235900017741e-20
0.028138728335319982
8323430529965818e-20
0.0007207825276888087
0.0787384385422625
997037520888197e-21
0.2512515744903891
0.25033646830060663
0.001826954513780759
0.0005369824212453926
5829910081869795e-24
0.001030418996194432
10390421257368747e-24
0.010242902498798686
0.029026991647852288
0.0009036200205955903
0.0003375933767484549
0.0001545410864530401
2618178513808136e-21
0.006110693591657547
0.030317020472324308
0.02131470340319521
11257175899403339e-24
0.24133061350894844
0.0658586755503096
0
0
8177681199717462e-20
6661575975308276e-20
10336378067278836e-22
7596602206614653e-22
0.0001934701194857235
0.009721293715399072
0.005380790331653177
15204233585851125e-24
0.00013149266520239263
7328711207407459e-21
0.05540452289229417
0.013345980424710706
0.0968950741587568
384563528941927e-21
0.059480725145282354
0.007668866374946693
0.0001201385371783057
0.11812946679069487
0.00029639540177125393
18549559457234617e-29
8514571734880876e-20
37361517363420134e-22
0.00012471041065842072
0.01625539763697877
0.003898651045415862
0.0001635418060536407
0.00015210711537911863
3799874505636084e-24
0.0005143883736157764
0.022764950435531596
1313513350187377e-23
0.0018047670242554825
0.0017997184014301093
4418669059117842e-20
0.10397298293641459
43371742633692214e-21
0.2534716297531631
0.0019094305291077033
0.16858166856273613
0.0032989228534402648
0.0007007091616851891
0.0005691771700291643
44750523846673725e-21
0.25848934096431797
121019396760538e-19
21567464449867907e-21
0.008278053107694005
0.006430032934089908
21715984597611012e-24
8722747615951112e-20
0.003052438237163932
0.12569989764331996
0.029945238348946503
0.00010010931619348387
0.022840429518750243
0.0003540776136446814
0
0.10805489370631166
0.012287249116711418
0.25692224830593424
0.2495105649396197
0.25409700516987527
0.05137240565026701
0.029416462414436174
0.24607063387889755
0.25596464321978996
0.24360760707691634
0.24747538484651724
0.19166937886596985
0.0007650044595354308
0.015653130319651973
0.13308383727146567
0.2315158803618178
0.12952664030821376
0.000299201969666042
0.026770815060028912
0.2216241513759408
0.10953653855333978
0.15499396086271217
