1.4263290125327854
36404824638090574e-40
21295439288330674e-28
0
3104736158989546e-20
2361544980865202e-25
3117896381279579e-20
0
31403600842428495e-21
0
0.0018491252314588528
0
6.394872319137623
0
4.759583472259021
0
32.86078347709315
27.171523540283463
0.0011489013804968486
0.026049800422143034
2134103756341163e-90
8.225067241094486
0.2736146010895449
1247938661319636e-29
0
0.00018045306539058405
35268076519267025e-22
0.001625430030683314
0.006913181842288306
0.008956417117942525
0.014272184649219819
24423386700376157e-22
25946968718184867e-25
0.0015514855113212065
26902254062356273e-22
2386461505024378e-22
28608442886445126e-30
0.00020907868929591222
0.00023914828789650325
2.2924677802829856
2.4393495860661907
0
1.080989115259414
0
2.1537595729894954
4.565721886957434
4.362778792701422
0
5.360239516780565
0
4.422681660669085
0.5156350299840811
29.894568547339333
30.097022505149344
1.8054799312522403
29.97602779798998
24.45985251211725
1.3354696732024811
0.0006419154996526137
0.010180653646518836
0.24538246587983342
34.94180808843325
0.6062454417311219
0.389984504677916
2.206780046751342
0.9655533378937177
34.4329424355621
0
41.57285519342492
0
15.874989074984287
0.0002730294146144443
0.00027505478533803023
0.006615055539727236
5.120775769728406
0.14275000346260497
0.08294380138522713
0
0.0005215484999198249
0.402609874021064
0.06848318111291601
0.02750272648765646
0.015230804376446815
0.00012981674428072062
7733790350821033e-20
0.0013038620387442758
2.0491213585074304
0.4133997110102771
0.005092800460789249
0.0003031956422666273
0.0006384433492623983
0.009916525333780596
0.011130282129481686
13246218523567082e-23
0.0681896741700317
0.5815323232971102
0.0196311659204251
25873777360424884e-27
22911986004278374e-22
10837515634271593e-21
0
0.8073265839608312
0.43188918540266374
0.0667748372640267
0
0.31258742008740414
0.007201020980298636
0.06494582222478193
0
0.00022633529510760982
0
0.12424724165651414
0.5918196684639543
0
0
0
0
2224632397044415e-21
0.356555098215441
32243141136240606e-23
24799080538886664e-22
0.36781740577314675
0.26270243405734955
0.18347839591914974
0.5264634391811921
0.0006669260415538252
0.48866790441082447
0.0011225707273851337
0.512749505843453
948579301855294e-21
8857392248487585e-20
0.4228230051251784
0.001113233019297739
7079910678498213e-30
0.110953909715256
0.023692233044214306
0.19916996309403054
0.02244545641148247
0.037664498544679556
0.04765067492283992
0.13565655349223502
0.24068437862319947
0.1884721442672412
0.2434489748080788
4176779429164872e-31
0.15428961826554408
0.1544293977359956
0.43767420499283005
0.5401943256971573
0.00034446547973650027
0.5414457862340111
0.6295771573392391
11.785498655380984
2.1193678526325255
2.8204496176659406
0.09055706106872599
0.49076267044687366
2.663384152760685
4.242395046960077
0.5767027284713402
5.092422498733619
7.146292430922361
4.538896023929612
2.4754316973915067
2.9028958118648567
0.6580770412175038
30.030406214198855
619.0819830512876
4.002046534167357
3892.477042853519
1.0999810123544207
23.218348591157746
1.1685800538910291
45.01574019328429
1.305600858892603
1.396898891259815
1.0999800008535925
0.8726553419682676
1.0753867046228456
67.86001636575543
0
0.0007831669568176022
0.0008304426099157432
0
0.008114523197220827
0.00703707834002332
0.006555135635701499
0.004845586032732935
0.005938472494285503
0.00933654409822105
0.005018708593128661
0.010294669914090443
0.004069689355978186
0.00637206663223849
0.008694379059875296
0.017280202424215622
0.006471203503425656
0.00847877146844233
0.007076885050946693
0.008938249336137145
0.005734000072702113
0.011410269704263964
0.016392927021730022
0.011895320397661831
0.007258030548965901
0.0018996184287294658
0.0074239138677823086
0.022735014770897226
0.07007477941010397
0.040944533637523886
0.10905917478614226
911959346831434e-19
0.010072205318883115
0.20074766825434875
4806094542639481e-21
0.0718188802813955
0.010886525299379014
0.0012689701375188758
5486339290312075e-21
12044227640803566e-22
0.09820098998999109
0.08595145675031045
0.004137438171169248
0.03993985293679513
0.020111578427592276
0.005771470682833882
0.012055268695705328
0.0004827901062434349
0.25788577003247765
15699129994762914e-25
0.07636820615117879
0.0003418674673976515
0.009596442069172656
0.010874699522033559
0.00015705177666879057
0.00017086330730241067
0.25543784791996177
0.0003934445437499564
0.05554308291092879
0.21288014498419564
13179221386372883e-22
25861632595627942e-22
0.00014471790968264886
12571409470234883e-21
0.0005943428396887213
17002956984453326e-21
1443227597158591e-22
100440367409753e-20
1907684073576961e-20
0.07430602342616172
0.07506383923680894
4349911348098364e-20
0.0002126650029979682
0.019492336494066873
0.008137747388838398
0.0882185634114725
0.020062158811806965
27828554555888286e-21
0.12978693435491448
0.03813175981951318
5573477233334442e-22
0.23553927644106315
4458962766385321e-22
0.0037594559958079323
0.0009822023635792552
2299456595302929e-27
0.23908638280395497
0.25624258963015406
0.01799516328986871
0.23194222733868544
0.24018903675748116
0.007385651734112327
0.17589737593903673
22332184591282346e-26
46306090333773e-19
0.0006292732326369827
9120339761980535e-20
0.12452714652891422
8645597556558515e-22
0.00011180978450188767
0.151715495078038
0.0009288498784773497
0.011805380716575439
12200687691820087e-21
0.13067125215494477
0.09343121979808246
0.021098898737142272
3146869935869418e-20
0.0001534405625034294
12006679035922674e-23
0.013617809637076976
0.15276335890612572
8333314491402172e-24
11103253071220574e-21
9106304402761487e-21
9649878776321669e-20
10586362281646446e-21
0.250533442885966
0.15168045220424403
0.005145904382652935
0.001547496989667122
0.04124762490121669
0.005871317366551786
6760234446577906e-20
0.0281361031896982
8323428326594314e-20
0.0007207808738789799
0.0787160506217034
9970375177269732e-22
0.25054642823413154
0.24962421543389476
0.0018269438719108095
0.0005369815035817445
5829910081761717e-24
0.0010304156147954283
10390421257025427e-24
0.010242563892010639
0.02902419430273712
0.0009036174206641381
0.000337593014148309
0.00015454101048779033
261817849200938e-20
0.006110573802236564
0.0303139628360071
0.021313212780433077
11257175899000355e-24
0.24056722869281563
0.06584337266307208
0
0
8177679072840036e-20
6661574563984303e-20
10336378033303087e-22
7596602188263184e-22
0.00019347000042215537
0.009720988949597676
0.005380697548002175
15204233585116003e-24
0.00013149261020832187
7328711036606086e-21
0.055393886448695286
0.01334540294973167
0.09685996762024993
38456352847163433e-23
0.059468380443719354
0.007668677279504162
0.0001201384912721971
0.11807491285811779
0.00029639512228683243
18549559457234617e-29
8514569429143668e-20
3736151691952237e-21
0.00012471036119159502
0.016254537231713537
0.0038986024404386254
0.0001635417209809466
0.00015210704178813544
3799874505590168e-24
0.0005143875315777425
0.02276324632257823
13135133501325116e-24
0.0018047566396260676
0.0017997080748934778
4418668438188975e-20
0.10393197603939341
4337173665133779e-20
0.2530106070008101
0.0019094189033466392
0.16845530186010038
0.0032988880820352755
0.000700707598752619
0.0005691761389826884
44750517477904775e-21
0.25790800434440697
12101939210307884e-21
2156746297061267e-20
0.00827783258159572
0.006429900236025367
21715984596111347e-24
8722745196080812e-20
0.0030524084781780344
0.1256370679360111
0.02994225697114488
0.00010010928431905434
0.022838713889842387
0.00035407721476008515
0
0.10801022632058033
0.012286760393428874
0.25640981104834043
0.2490888522253399
0.25362846858483973
0.051363322862515715
0.02941358776157915
0.24533079746678935
0.2554697122869077
0.24285481025542277
0.24707032195372797
0.19149311988733597
0.0007650025964517542
0.01565233320527084
0.1330121837114356
0.2312052356618355
0.1294593335147568
0.0002992016848625485
0.026768443955245896
0.22135555929207368
0.10949049435159011
0.1548912028480817
