1.4280250300956245
27031978932054786e-40
18806887121912235e-28
0
3069180947009669e-20
2335002897722281e-25
3082100673572005e-20
0
3104158189291852e-20
0
0.0018321110168010239
0
7.1076697676276765
0
4.821260428964296
0
32.84086764142036
27.17498923937513
0.0011837508137123097
0.027851748344599324
1907880903357346e-90
8.219744440609883
0.2715122127818271
10981687893694237e-30
0
0.00017529646437255972
3406673695342191e-21
0.001619728729704687
0.006913058353563305
0.008901567981067669
0.014222130737610517
242059412605089e-20
25671923159303422e-25
0.001541985925648385
2666026981675976e-21
2365438404037203e-22
28314920794286617e-30
0.00020312410388314195
0.00023233228305017932
2.3009004535264728
2.4136680119894427
0
1.0774782355889627
0
2.192317729946185
4.7905989911531925
4.362806848561651
0
5.359274798409789
0
4.4227625841093
0.5164106553909626
29.379952489601106
29.496862117898395
1.7037948777068668
33.844056422147936
24.504019042826624
1.3349975810492127
0.0005974158071437808
0.010431254209067937
0.22983716994800482
34.9969619171641
0.6057202453919863
0.3582219064307011
2.2061180287075457
0.958851979909997
31.69093042552421
0
37.168989624330386
0
15.93190634298575
0.0002352415297613452
0.00023664118141368082
0.006159131858820995
5.120129907597867
0.14248417776791536
0.08249683200581989
0
0.00047959873049707084
0.44014860193278493
0.06826910198533108
0.02747465614158323
0.014028119157255176
0.00013190184059761373
7845261176576259e-20
0.0012996784809202174
2.0439073542960617
0.4131347990397776
0.0050505579385515375
0.00030224708583002875
0.0005859285545817718
0.00976517359163752
0.01088798355899941
13072076870979162e-23
0.06821070079017609
0.5888562142430276
0.019588676842491437
25323410435313675e-27
22631709297295953e-22
10820414827268134e-21
0
0.8070009242559003
0.43275932089642327
0.061415498949193605
0
0.3119787732146537
0.008294617963094992
0.06528144446729575
0
0.00025710844544682475
0
0.12423571019019347
0.591156794577333
0
0
0
0
22040289367060108e-22
0.3564091561557467
31864053066226157e-23
2403191172625702e-21
0.3676825319445854
0.26198289400116814
0.18354635167651426
0.5263567375560381
0.0006248313163003757
0.48683020915936565
0.0011222484300246107
0.5125818895198168
9485356009936895e-22
8296689383883824e-20
0.42347129398439404
0.00110394373975578
6736194503419173e-30
0.12117243603752174
0.023533286494542314
0.19907909827955217
0.022357197999723768
0.03759292640598276
0.047330939786967265
0.13506681820869398
0.2406175204470064
0.18813047114204673
0.24263023487284285
3965533285301103e-31
0.15356194999707157
0.1536906615280143
0.4375516963780732
0.5400813514223725
0.0003438934713947248
0.5410799938940896
0.6286349151315803
11.748921552260422
2.1194568581201545
2.820484365032415
0.09050468680289278
0.48943546120408055
2.663573796024063
4.242475446361799
0.5764656048929693
5.07909766449116
7.122388819721218
4.5241923554399985
2.4753957517576928
2.892869742191315
0.656793973723571
30.02888801030826
619.0813849457179
4.002046230401997
3887.8057411087184
1.0999809897768091
23.218347741832392
1.1685634506955125
45.015244724148666
1.305602450856898
1.396898686689304
1.0999799782706794
0.872430208443224
1.0753296012572493
67.87307616648748
0
0.0007809673755256565
0.0008302296906794753
0
0.008107989096439838
0.0069991204021772465
0.0065207095962732916
0.0048160403336538656
0.00590987931518641
0.009307415721296392
0.004989260088623244
0.010248947858966887
0.0040450430536580866
0.006338589045666764
0.008652406737608039
0.017203105308420067
0.006435398431850488
0.008439948588848679
0.007040513127177896
0.008898025864034756
0.005707495233898146
0.011359362228726003
0.016310491165599943
0.011840347637990838
0.00722336400877742
0.0018996122919247161
0.007423819387401616
0.02273410825470827
0.07006546692225477
0.04094150815046134
0.10903484107787292
9119592057604265e-20
0.0100720307340414
0.20064068733080348
4806094503463673e-21
0.0718090676970806
0.01088632109940159
0.0012689674014932087
5486339239261687e-21
1204422761620051e-21
0.09818169791630355
0.08593702841307294
0.004137408965307236
0.039936978770869415
0.02011087187147682
0.005771413718095363
0.012055017865961557
0.00048278971065265637
0.25758430225105705
15699129994721113e-25
0.07635701866427083
0.00034186726908170336
0.009596283698479487
0.010874495768995735
0.00015705173482670706
0.00017086325777635223
0.255090123603673
0.0003934442810614272
0.055537378934546036
0.21275330624809644
1317922135691438e-21
25861632482193786e-22
0.00014471787415515954
12571409202190892e-21
0.0005943422400734678
1700295649412184e-20
14432275968053265e-23
10044036723865397e-22
1907684011852819e-20
0.07429547190485984
0.07505305647935669
4349911027162621e-20
0.00021266492626992995
0.01949167339921547
0.008137633747543468
0.08820329757092592
0.020061455776388844
2782855324239193e-20
0.12975084210344395
0.03812914759435503
5573477228065989e-22
0.2353622913094368
44589627630132396e-23
0.003759431895625133
0.000982200725099012
22994565953029204e-28
0.23889899453813054
0.2559019739670599
0.017994599418780233
0.23177485155164287
0.23978201718647454
0.007385558230317833
0.1758222250530105
22332184591273896e-26
4630608997010136e-21
0.0006292725604365588
9120338351039549e-20
0.12449432305157872
8645597543881383e-22
0.00011180976329586622
0.1516633910811667
0.000928848413276382
0.011805140266418617
12200687439351986e-21
0.13063459006408362
0.09341392156615619
0.021098119941284785
3146869767908819e-20
0.0001534405225636445
1200667903347769e-22
0.013617488829920182
0.1527103838480121
8333314491284394e-24
1110325286212844e-20
910630426211778e-20
9649877196770101e-20
10586362091569078e-21
0.2503018121196424
0.15162837715710822
0.005145859138430192
0.0015474929191450432
0.04124455294981026
0.0058712584052461655
676023367141012e-19
0.028134703212174723
8323427151463084e-20
0.0007207799918486227
0.07870411300035168
9970375160409872e-22
0.2501711597826656
0.24924517621433923
0.0018269381962721825
0.0005369810141617734
5829910081704076e-24
0.0010304138113871636
10390421256842324e-24
0.010242383306300626
0.029022702495572893
0.0009036160340370891
0.00033759282076172383
0.00015454096997300572
2618178480383377e-21
0.006110509915505554
0.03031233222273274
0.021312417824251792
1125717589878543e-23
0.2401610779806188
0.06583521257717982
0
0
8177677938505634e-20
6661573811278305e-20
1033637801518269e-21
7596602178475735e-22
0.00019346993692161564
0.009720826411743683
0.005380648064042496
1520423358472394e-23
0.0001314925808781602
7328710945512021e-21
0.05538821451373642
0.013345094973293201
0.09684124933425291
3845635282208116e-22
0.05946179765050692
0.007668576430507982
0.00012013846678894636
0.11804582772961988
0.00029639497322858204
18549559457234617e-29
8514568199417412e-20
37361516682776895e-22
0.00012471033480929597
0.016254078367527035
0.0038985765180318717
0.00016354167560886113
0.0001521070025396256
379987450556568e-23
0.0005143870824913546
0.02276233751449678
13135133501032501e-24
0.0018047511011814788
0.001799702567431502
44186681070269484e-21
0.10391011230772272
43371733460749095e-21
0.25276507115966507
0.0019094127029696817
0.16838794502101764
0.0032988695374358058
0.0007007067651900072
0.0005691755890919984
4475051408122837e-20
0.25759849292085113
12101938961910069e-21
21567462181676586e-21
0.008277714970078778
0.006429829464844034
21715984595311526e-24
8722743905483591e-20
0.003052392606837519
0.12560357160082594
0.029940667024355955
0.00010010926731936272
0.022837798940451185
0.00035407700202181756
0
0.10798641126525539
0.012286499748959909
0.2561369292195242
0.24886423029479862
0.2533789357661775
0.05135847936568585
0.02941205472825495
0.24493712800263276
0.2552061405446983
0.24245427027105346
0.2468545595729199
0.19139918138402942
0.0007650016028089818
0.015651908094198634
0.13297398425523874
0.23103972895660435
0.12942345086032367
0.0002992015329674628
0.02676717945190021
0.2212124433047346
0.10946594535851052
0.1548364264326901
