1.4297210476584636
20077412197658746e-40
16609212040738438e-28
0
3034279913212753e-20
23089452168887592e-26
30469631770826642e-21
0
3068616542711832e-20
0
0.001815557995713755
0
7.696206804503512
0
4.907940559143043
0
32.82240757817102
27.178395183569343
0.0012062586860585418
0.029474240168827888
17070095214831503e-91
8.214049185919244
0.2697246084288391
9664514640297624e-30
0
0.00017028721351651936
3291068569165176e-21
0.001614180208430429
0.006912934871813988
0.008848177410796843
0.014173418211570022
23994547008824686e-22
25404193472285963e-25
0.0015327391951564582
2642499270713235e-21
2344980565071276e-22
28029587503276395e-30
0.00019733946325495186
0.00022571147538628583
2.314108912174641
2.394528065997303
0
1.0740444371256894
0
2.232966443625907
4.923414487458517
4.36265582548635
0
5.358305690279313
0
4.42280367694142
0.5195024528066893
28.84398531520125
28.875282738866446
1.6072562171711993
37.13081306163951
24.547233641861315
1.3344965501746096
0.000564728206804477
0.010647242903204743
0.2186280262182011
35.04586496914849
0.6048208538616996
0.33326465253452625
2.2054262835022236
0.9522884297889049
29.531168473139246
0
33.67749313655042
0
15.97706814303052
0.00020847976311443508
0.00020946329648293207
0.005828837636280386
5.119576429161149
0.14224596574560874
0.08211729645712605
0
0.00044675906141389515
0.47596478813651844
0.06808395674725858
0.027449139081281933
0.013084142784171752
0.00013421354964062275
7970101715587764e-20
0.0012955956385706895
2.0393603262571505
0.41287522779246694
0.005010818295321659
0.000301524618783537
0.0005450529280731664
0.009616379810863506
0.010636230065351904
12902378511540251e-23
0.0682461966307807
0.5991331868301999
0.019553374905436825
24802202117908734e-27
22358523912803152e-22
10810802586199526e-21
0
0.8066978660415249
0.43352967662903785
0.057216982620995824
0
0.3113785360381676
0.00932207732578323
0.06555210273790311
0
0.0002835551040784595
0
0.12422413026749712
0.5904945732023867
0
0
0
0
2184616514288811e-21
0.35625421514996425
31494605973910845e-23
2329069305176167e-21
0.367547605314986
0.26131059742898777
0.18361136923680643
0.5262471586424318
0.0005945552539414288
0.48506138075358646
0.0011219004031742877
0.5124037607492602
9484918791793778e-22
7893222310677838e-20
0.42411888696477257
0.0010951790938794445
641003336272355e-29
0.129851420354063
0.023376414861205914
0.1989882116286599
0.022280673531074678
0.037533476194062027
0.047012954839798164
0.13447981651120597
0.24055059367242643
0.18784491844140772
0.24190493811125185
37664111165424614e-32
0.15290826086390089
0.15302282392278424
0.43742901232320663
0.5399683268056842
0.00034335905173999993
0.5407687072043189
0.6278600454013848
11.717047555379379
2.1195345119143574
2.820475029252453
0.09044924523670467
0.4882780524646195
2.663738219186307
4.2424452134402015
0.576213480712082
5.067745978713704
7.102173530781162
4.511052023363178
2.4753485132744584
2.884458012894411
0.6556966703497884
30.03702452342616
619.080786840726
4.002045926636661
3883.1400453211927
1.0999809671991985
23.21834689250708
1.1685468477358942
45.01474926046646
1.305604041346315
1.3968984821127055
1.0999799556877667
0.8722051152552361
1.0752725009379376
67.87944670947563
0
0.0007789803356410435
0.0008300084790374395
0
0.00810125055260998
0.006965308631322515
0.006490136094391755
0.004789289754983445
0.005884860948673034
0.009281918638138357
0.004962751786618415
0.010209133325474627
0.004022792641351164
0.0063088586280132955
0.008615468707274324
0.017136056827179464
0.006403414336333361
0.00840597206604872
0.007008247938014367
0.00886286854789116
0.005684344945964965
0.011314956928695738
0.016237591381002833
0.011792141865323296
0.007192936077669722
0.0018996061551397913
0.007423724908223325
0.022733201774664955
0.07005615567197535
0.04093848288695909
0.10901051279903548
9119590646894409e-20
0.010071856152225821
0.20053376341871987
4806094464287866e-21
0.07179925645345508
0.010886116903254372
0.0012689646654734411
5486339188211298e-21
12044227591597453e-22
0.09816240963263999
0.08592260249786436
0.004137379759651384
0.03993410481177545
0.020110165340183957
0.005771356753919087
0.012054767041436714
0.00048278931506220204
0.2572831868846737
15699129994679309e-25
0.07634583281626305
0.0003418670707658702
0.009596125330399921
0.010874292019775517
0.00015705169298463464
0.00017086320825030813
0.2547428726401043
0.00039344401837307336
0.05553167554393103
0.2126265430853438
13179221327455876e-22
2586163236875963e-21
0.00014471783862767898
1257140893414691e-20
0.0005943416404588192
17002956003790363e-21
14432275964520619e-23
10044036706755495e-22
19076839501286783e-21
0.07428492188188338
0.07504227527082412
4349910706226901e-20
0.00021266484954191937
0.01949101032692139
0.008137520107835505
0.08818803437206697
0.020060752765607096
27828551928895635e-21
0.12971475988881284
0.038126535548147975
5573477222797536e-22
0.23518543916512916
4458962759641158e-22
0.00375940779559683
0.000982199086621502
22994565953029123e-28
0.23871175314124013
0.25556181107424925
0.017994035565360424
0.23160759654749707
0.23937568734274867
0.0073854647277071155
0.17574710627465873
22332184591265446e-26
4630608960642971e-21
0.0006292718882368528
912033694009878e-19
0.12446150822601669
8645597531204252e-22
0.00011180974208984881
0.1516113049784893
0.0009288469480777256
0.011804899821159244
12200687186883884e-21
0.1305979382594093
0.09339662653689418
0.021097341174173955
31468695999482295e-21
0.00015344048262387
12006679031032706e-23
0.013617168030320936
0.15265742716051303
8333314491166613e-24
1110325265303631e-20
9106304121474071e-21
964987561721879e-19
10586361901491718e-21
0.2500703955076102
0.1515763199884169
0.0051458138946052475
0.0015474888486336714
0.041241481227189986
0.005871199444532649
6760232896242423e-20
0.028133303304310395
832342597633202e-19
0.000720779109819345
0.07869217718939063
9970375143550013e-22
0.24979645340830298
0.24886671254283182
0.0018269325206511876
0.0005369805247422483
5829910081646434e-24
0.0010304120079820552
10390421256659221e-24
0.010242202723774501
0.029021210765085688
0.0009036146474121682
0.00033759262737524936
0.0001545409294582317
26181784687573732e-22
0.006110446029442488
0.03031070169717043
0.021311622897721372
11257175898570504e-24
0.23975561297445896
0.06582705350258149
0
0
817767680417139e-19
6661573058572393e-20
1033637799706229e-21
7596602168688286e-22
0.00019346987342109675
0.009720663876607373
0.005380598580537899
15204233584331876e-24
0.00013149255154800506
7328710854417957e-21
0.055382543159542816
0.013344787003962008
0.09682253466558345
38456352796998887e-23
0.05945521558597025
0.007668475582838045
0.00012013844230570059
0.11801674976559648
0.0002963948241704066
18549559457234617e-29
8514566969691333e-20
37361516446031428e-22
0.00012471030842700252
0.016253619516294227
0.0038985505957974806
0.00016354163023678828
0.00015210696329112593
3799874505541191e-24
0.0005143866334053589
0.022761428742698906
13135133500739886e-24
0.0018047455627538866
0.0017996970599863799
4418667775864947e-20
0.10388825317543306
43371730270160636e-21
0.25251977360042455
0.0019094065026128587
0.16832061511456164
0.0032988509929405847
0.0007007059316283869
0.0005691750392018396
4475051068455222e-20
0.25728935293718747
1210193871351226e-20
21567461392740534e-21
0.008277597360232862
0.006429758694441649
21715984594511705e-24
8722742614886562e-20
0.003052376735579529
0.12557008419616184
0.02993907716199389
0.00010010925031967402
0.02283688402771408
0.00035407678928367774
0
0.10796260146088561
0.01228623911002011
0.2558643378027332
0.2486398109225462
0.2531296484508215
0.05135363632559166
0.029410521774832294
0.24454409023921908
0.25494284073321094
0.24205439089653125
0.24663898561379113
0.19130528896301768
0.0007650006091675002
0.015651482994672276
0.13293579576945383
0.23087434072822943
0.12938757815159982
0.00029920138107245416
0.02676591500828787
0.22106941984809994
0.10944140186958967
0.15478166938867424
