1.4305690564398832
1730462767591657e-39
1560866464908732e-27
0
301706859171379e-19
22960944777154537e-26
3029636378787373e-20
0
3051090787463638e-20
0
0.0018074483156167232
0
7.945943910434546
0
4.958555784932428
0
32.813824627699525
27.180076637457347
0.0012139776250031094
0.030219730820884586
161513237442661e-89
8.211103330893733
0.2689367548152734
9066687726159031e-30
0
0.00016783652393863172
32349047826758725e-22
0.0016114608282182447
0.006912873133513596
0.008822004480994391
0.01414954379144206
23891022951947474e-22
25271593400351156e-25
0.0015282063835473916
2630976291506033e-21
23348284179972765e-23
278898643856912e-28
0.00019450930171984308
0.0002224724749012041
2.3228920037741383
2.3873453231428075
0
1.0723626034001674
0
2.253746432473273
4.961856684419123
4.3625342141396395
0
5.357819146304033
0
4.422814094004987
0.5214913557762852
28.568264340865678
28.556896956054363
1.5609178405274982
38.55173679318292
24.567141297105294
1.334236695670226
0.0005513933528740089
0.01074381989902655
0.2141268454547488
35.06807633351708
0.6042630895138272
0.3228756731369965
2.205072876476124
0.9490626529383741
28.63094580324739
0
32.23247617745224
0
15.996317518859597
0.0001979675134849915
0.00019880945606409712
0.005695702675744576
5.119328677478993
0.14213541348711284
0.0819478638646142
0
0.0004331461218247326
0.49317713516802886
0.0680031180339099
0.027437394362007896
0.012691916179568677
0.00013542758109543073
8035921531786995e-20
0.0012935917000363249
2.037360250618832
0.4127477958698625
0.004991921626830513
0.00030123012798263235
0.0005281586134467417
0.009543320523859979
0.010509163711447445
12819211809083017e-23
0.06827029587455039
0.6051279846452449
0.019538690879808123
24552553444978882e-27
2222463420193115e-21
10808178521005457e-21
0
0.8065546644289755
0.43387151610967667
0.05547424395404865
0
0.31108204723934596
0.009811532706228126
0.0656677059597507
0
0.00029507420943436117
0
0.12421832697294631
0.5901636934569147
0
0
0
0
21752536931327023e-22
0.3561738349595009
31313553808043766e-23
2292953591734615e-21
0.3674801212473635
0.26099379668447586
0.1836428127512328
0.5261917064760655
0.0005824268925735888
0.4842021442481582
0.0011217171185132413
0.51231091065215
9484700095779465e-22
7731524404636615e-20
0.42444226251743833
0.0010909994868525431
6253256305678204e-30
0.13370838845337024
0.023298693658482895
0.19894276036571143
0.022247208064072408
0.03750878788161518
0.046854619200099305
0.13418733090720442
0.2405171037180504
0.18772522870625838
0.24158043157373338
36711995346628504e-32
0.1526112372930581
0.15271855983169244
0.4373676087086307
0.539911795567693
0.0003431038433039986
0.5406298499031224
0.6275416323938121
11.703032635441922
2.1195696760538536
2.82045630872227
0.09042053444896192
0.4877688934252692
2.6638122925536063
4.242394830312074
0.5760825686321248
5.0628551494899074
7.0935196275638495
4.5051164087176785
2.4753207759578446
2.8808829531529336
0.6552243741211171
30.043430598188053
619.0804877884468
4.002045774754
3880.8092975587097
1.099980955910393
23.21834646784443
1.168538546344546
45.01450153067037
1.3056048361028978
1.396898379822153
1.0999799443963099
0.8720925838068433
1.0752439519193773
67.88041067361145
0
0.0007780760131976236
0.0008298950877918522
0
0.008097813302532625
0.0069500589518320536
0.0064763890970822285
0.004777028756866179
0.005873775034616789
0.009270627316832753
0.004950670208810072
0.010191598087723993
0.004012620927537579
0.006295490883441916
0.008599014387178834
0.017106558866304775
0.006388947708134814
0.008390924857006283
0.006993756786687009
0.008847319786236164
0.005674118207231533
0.011295359551083146
0.016204960990511646
0.011770748593977863
0.007179418671341553
0.0018996030867547632
0.007423677669085077
0.022732748548197464
0.07005150051087292
0.040936970339037905
0.10899835069527511
9119589941539563e-20
0.010071768862452816
0.20048032283248116
4806094444699962e-21
0.07179435133434361
0.010886014806617066
0.0012689632974657694
5486339162686103e-21
12044227579295923e-22
0.09815276691183453
0.08591539044839387
0.00413736515690077
0.03993266790978573
0.020109812083845727
0.00577132827204179
0.012054641631131353
0.00048278911726709633
0.2571327612283608
15699129994658406e-25
0.07634024050677166
0.0003418669716079968
0.009596046147340227
0.010874190146596987
0.00015705167206360262
0.00017086318348729146
0.2545694244641904
0.0003934438870289622
0.05552882406826764
0.21256318982990002
13179221312726625e-22
25861632312042553e-22
0.00014471782086394197
12571408800124918e-21
0.0005943413406517217
17002955758624632e-21
14432275962754295e-23
10044036698200542e-22
1907683919266609e-20
0.07427964743220067
0.0750368852473332
434991054575905e-19
0.00021266481117792444
0.0194906787992331
0.008137463288576629
0.08818040376312751
0.020060401269454593
2782855127214751e-20
0.12969672254443979
0.03812522959214727
557347722016331e-21
0.23509706293198965
4458962757955117e-22
0.003759395745640614
0.0009821982673837721
22994565953029082e-28
0.23861818748266936
0.2553918992285895
0.0179937536452761
0.23152401431177036
0.23917278070328915
0.007385417976845669
0.17570955892157367
22332184591261222e-26
4630608942459389e-21
0.0006292715521372691
9120336234628477e-20
0.12444510405693807
8645597524865686e-22
0.00011180973148684161
0.1515852686355528
0.0009288462154792642
0.01180477960036607
12200687060649837e-21
0.13057961621349023
0.09338798022307697
0.021096951801398207
3146869515967938e-20
0.00015344046265398665
12006679029810212e-23
0.013617007633355336
0.15263095570375307
8333314491107724e-24
11103252548490245e-21
9106304051152219e-21
9649874827443232e-20
1058636180645304e-20
0.24995476744757225
0.15155029810656964
0.00514579127284195
0.0015474868133820007
0.04123994545166933
0.0058711699643979294
6760232508658609e-20
0.028132603376499327
832342538876655e-19
0.0007207786688051108
0.07868620996272081
9970375135120083e-22
0.24960931073689901
0.2486776962644397
0.0018269296828473023
0.0005369802800326532
58299100816176134e-25
0.0010304111062806847
10390421256567669e-24
0.01024211243370538
0.029020464928594735
0.0009036139541005054
0.0003375925306820537
0.0001545409092008487
26181784629443716e-22
0.00611041408666143
0.030309886467279817
0.021311225445574893
11257175898463041e-24
0.23955313724929136
0.06582297434447835
0
0
8177676237004326e-20
6661572682219469e-20
1033637798800209e-21
759660216379456e-21
0.00019346984167084512
0.009720582610058334
0.005380573838956256
15204233584135844e-24
0.00013149253688292997
7328710808870924e-21
0.055379707700214414
0.01334463302196159
0.09681317868752813
3845635278445775e-22
0.059451924826930104
0.007668425159500412
0.0001201384300640796
0.1180022134697112
0.000296394749641347
18549559457234617e-29
851456635482836e-19
3736151632765871e-21
0.0001247102952358579
0.016253390095535346
0.00389853763474492
0.00016354160755075657
0.00015210694366687988
3799874505528946e-24
0.0005143864088625081
0.022760974370405862
1313513350059358e-23
0.0018047427935464642
0.001799694306270139
44186676102839554e-21
0.10387732533375378
43371728674866494e-21
0.2523972141042465
0.0019094034024419975
0.1682869602577032
0.0032988417207320667
0.0007007055148479486
0.0005691747642569593
4475050898621424e-20
0.25713492209599453
12101938589313355e-21
21567460998272517e-21
0.00827753855593653
0.006429723309532559
21715984594111793e-24
872274196958812e-19
0.0030523687999814805
0.12555334384203104
0.029938282262471534
0.00010010924181983075
0.02283642658509035
0.0003540766829146558
0
0.10795069852744713
0.012286108792623613
0.25572815090225043
0.24852767713869
0.2530050967813931
0.05135121497680698
0.029409755328082748
0.24434780792845945
0.25481129271380326
0.24185469859741054
0.24653126924093038
0.19125836002630756
0.0007650001123472433
0.01565127044923869
0.1329167056394813
0.23079169101635733
0.12936964552601737
0.0002992013051249788
0.026765282808880825
0.22099794280009996
0.10942913218880311
0.15475429812879132
