0.0010318513592014321
33.37697604762899
140.4530870208678
0
125.94421858195362
0.005414437361239904
206.75733882899846
0
105.06565237063712
0
321.71721074861176
0
28.93905596797953
0
34.131241719022796
0
28.153586928760824
18.71161660029105
196.35506314146832
192.10444224628364
1.4071681193272134
33.23999545689911
1.528272353500157
1.0894493666360017
0
6.440653527500055
0.6366847172346064
5.419252053320469
0.0065965397940499675
3.151006388042006
41.38473480135747
10.821444365638044
20.499584325449916
0.4837496211454802
22.017472513830345
1.276542178616684
59795254510594865e-22
44.308020632021616
60.36636220221239
16.696011246869247
46.41056292131177
0
2.7050945215234887
0
133.58448473594186
39.162508341328525
4.506006165587502
0
17.97986111254697
0
2.197069827232118
8.216721443148154
33.25148498042849
32.93861110925372
18.36819274420956
182.69920374237586
62.295694624350745
1.1909890189222974
0.15453795947054874
0.009397959262628933
19.3493788116884
51.07014564829625
1.0118792871215712
1.7977247278511572
0.009144659561051875
0.026258765491255314
316.5115870016477
0
280.68758966524814
0
7.092484694814564
0.03961282961176215
216.59390686575233
14.747552361084914
4.239767679572842
0.9510957647154
2.9985058984414223
0
6925497022981355e-20
1.3470280350996877
0.08010780447006598
0.0020893739385110387
0.0437447380950054
0.007413676528774883
0.0005633333766979683
0.0017272346574779798
0.20561949703323032
0.6785074817864567
0.6337329999794299
0.1099232487342001
0.00776629574739597
0.09491171295276019
0.020044636283820163
2.2582341128479144
0.027450517661391293
2.1263898403217443
0.013571496604583854
0.029169594058210856
8.215765784152497
0.0004918710585047386
0
1.2643774760755915
1.5204338128205612
0.20669446734050884
0
2.7393746759299678
0.00021897918995032148
0.03419117083462255
0
0.003583485174148628
0
0.13421532053278748
1.2386656999572252
0
0
0
0
1.397781433171425
0.5664129159672147
1.2013214573340165
5.861688334545353
0.29764295193482826
1.1818249284537212
0.10072763530688807
0.2284999737681533
0.01390488197241626
5.432590144644618
0.0037138200093953066
1.626168565130005
9049246009259232e-22
0.06800806143199194
1.869810603446588
0.2823297563495265
0.5302406978272433
0.0033100377969211498
0.8705782570882273
0.19978646664700297
0.00048821702567113166
0.01835508405249724
0.9957951875574511
2.3247700796561066
0.1335572437319898
0.0884471813217351
0.24504751675751038
0.024633724858425368
0.2987619017509937
122.23341185458625
0.39483063144878755
0.6325778918360889
0.15057451843839784
28.85669625101015
0.2445412153002036
7.30199775449898
1.9902405994431163
2.809577403818755
0.18461388222767752
0.3196796565256646
2.395410467524248
4.2208805208008
0.9244806669264485
3.951829013198536
3.9064494370491265
4.627203204556528
2.2065325619007274
2.721642230382463
0.2538775490003343
31.11666965939543
619.584822621103
4.002301820279607
10677.908627077355
1.0999999862636192
23.219062357137002
1.182616759845748
45.434055903758676
1.2455874857125293
1.3942501197454333
13.572702582881695
0.2714096145744645
1.1244629581308303
48.90702496300429
0
0.0009126625635400585
24376300050873597e-22
0
1036446286053726e-26
0.02140397765083954
0.03476572483951225
0.059505520245012836
0.028662882485282842
0.030723594309533364
0.04569110241056709
0.03465424252003111
0.049980852936523566
0.033230521838353316
0.030612431781246247
0.047260365552637414
0.03611859186782069
0.027922387735554267
0.03236836123065188
0.027916812397308914
0.035474585200907294
0.03746710255060849
0.05224941051626331
0.03458465642908379
0.02636286581330277
0.0019047826845282913
0.007503739793461223
0.02350975489130862
0.07835511957934405
0.043567791672841985
0.13155435778505353
9120779076271212e-20
0.010219997795893394
0.31419580973402983
480612746526814e-20
0.08055787352217259
0.011059491911378842
0.0012712715222530943
5486382192144375e-21
1204424831670481e-21
0.11583063864577132
0.09897483674078075
0.004162055188558778
0.04242986420376645
0.020714216146705277
0.005819541967299784
0.012267916606617734
0.000483122666959824
0.6891727423348027
15699130029891139e-25
0.08637393554432758
0.000342034168589633
0.009730461743590295
0.011047286048973788
0.00015708694380908006
0.00017090493302635368
0.8025189731589748
0.0003936653636321142
0.06054977825494731
0.3512839758633574
13179246142696532e-22
2586172792345581e-21
0.00014474776931427787
12571634730734498e-21
0.0005948469575489119
17003369053627745e-21
14432278940346783e-23
10044051119785067e-22
1907735945942067e-20
0.08372478269313806
0.08469581562304135
43501810640566896e-21
0.0002127294934007215
0.020057638936845916
0.008233812381655436
0.10202867525380147
0.0206617710997644
27829658412265017e-21
0.16396062329987765
0.04039151924355244
5573481660832719e-22
0.4430040582568769
4458965600213567e-22
0.0037797639964235034
0.0009835802743646419
2299456595310469e-27
0.4620833105566731
0.7836466918735064
0.018475330463716706
0.4254499437311078
0.9989686808163549
0.007464650340512104
0.2518977445457457
22332184598390883e-26
4630639595671409e-21
0.0006298383895421138
9121525564010597e-20
0.1554095830572859
8645608210155257e-22
0.00011182760701419531
0.20248580496832144
0.00093008201975249
0.012009191307012513
12200899862503295e-21
0.1654221344216976
0.10916178643206521
0.02176365145689506
3147011089561069e-20
0.0001534741307266194
1200668109063634e-22
0.01389009880795198
0.20445868709396947
8333314590380781e-24
11103428789204462e-21
910642259751705e-20
9651206289345054e-20
1058652201983631e-20
0.5450754630076076
0.2024200578588893
0.005184067652486591
0.0015509215581798153
0.043911830740552646
0.00592107711966843
6760885912556506e-20
0.029337589491672388
8324415940595175e-20
0.0007215224951938354
0.08941636642136895
9970389345948206e-22
0.8829841137814854
0.8951493750743504
0.0018317197972147748
0.000537392959480973
58299101302045474e-25
0.001031932277238301
10390421410901866e-24
0.01039545551059484
0.03030538116590991
0.0009047834651946149
0.0003377555713009174
0.00015457506200821015
261818826227461e-20
0.0061644996932250454
0.03171577893192287
0.021991870461269315
11257176079619626e-24
0.9952697654377564
0.0730712407314426
0
0
8178632399023912e-20
6662207152197178e-20
10336393261312862e-22
7596610413433438e-22
0.0001935233722970742
0.009858547643968821
0.005422444122893503
15204233914600147e-24
0.00013151726096677572
7328787590524421e-21
0.06037181600098039
0.013606748869252595
0.11394160030041517
3845637392577341e-22
0.0652662326583069
0.007753899248972632
0.00012015906824053498
0.14523504019123074
0.000296520414182307
18549559457239284e-29
8515602927780321e-20
37361715875912094e-22
0.00012473253428898972
0.016644773102748568
0.003920448131406295
0.00016357985516911747
0.00015214002898339944
3799874526170097e-24
0.0005147650728936626
0.023539962008044254
13135133747233998e-24
0.0018094170449652548
0.00180434239267214
44189467485017846e-21
0.12403231622085689
4337441803733428e-20
0.5721370827940205
0.0019146366932541465
0.23574790333167225
0.003314509483698134
0.0007014084577673038
0.0005696384433183188
4475337206380991e-20
0.7074975842535964
12102147960361862e-21
21568125985954475e-21
0.008377263939766998
0.006489651075930776
21715985268258814e-24
8723829854103112e-20
0.003065775634209352
0.15719423048789216
0.03130871271583777
0.00010012357151967577
0.02362072357983697
0.00035425604068104946
0
0.130000790066859
0.012507766941616993
0.6274216285582122
0.53164903875212
0.5800333589490637
0.05559953035129329
0.030730582689632933
0.9459619448639328
0.6082476921517402
0.972279357779411
0.5148534849866523
0.2892257878265485
0.000765838089196571
0.016013700735939426
0.16932531358777053
0.4220402416817625
0.163420975727933
0.00029932936153456854
0.027852506688105787
0.381185979237879
0.13219540647921957
0.20850662436286052
