1.4318410696120125
13848069520159148e-40
14219739862588176e-28
0
29915417892549575e-21
22770351199460015e-26
30039406494994395e-21
0
30251025140845615e-21
0
0.0017954852378087385
0
8.270701848192605
0
5.041459454248341
0
32.80184394880489
27.182573002489992
0.0012221526140949255
0.031257240346925244
1487043896636922e-90
8.206593713194083
0.26787205033498235
8238875459710417e-30
0
0.00016422645847474995
3152642987990677e-21
0.0016074475379939108
0.006912780529236281
0.00878337061004621
0.014114309701743395
23738352932762095e-22
25073404896140475e-25
0.0015215156033896976
26139818168486973e-22
23196166259101818e-23
27683826005815064e-30
0.0001903400428243086
0.0002177012560344159
2.3388284110696915
2.3795264204946753
0
1.0698901564489374
0
2.2851446071629926
4.991841084232127
4.362309016193888
0
5.357086902948904
0
4.422819482792695
0.5249662030777227
28.14543495003762
28.070448628027645
1.4937979716141925
40.423402106548764
24.606226673186935
1.3338361430571049
0.0005344248662201176
0.010881245721635971
0.20849162279021674
35.09880591382954
0.603324065642789
0.30946959237917454
2.2045355896746304
0.9442967277663927
27.4684655019662
0
30.385208451696776
0
16.021896716082733
0.00018496039005510369
0.00018564047484496428
0.0055281771017064605
5.118987327135715
0.14197862927572402
0.08171476654991318
0
0.00041565650487926023
0.5180751900855078
0.06789611230229523
0.02742101557952728
0.012186947917575738
0.00013729470869111156
8137302694791479e-20
0.0012906322694745767
2.0346927540449746
0.41255988710436414
0.004964746369657316
0.00030085595206235315
0.0005064880256295841
0.009435675045645884
0.010319042194296668
12696556068588135e-23
0.0683142253686372
0.6149379467979513
0.01952027604288155
24191216325093397e-27
22027175197024743e-22
10806419408089192e-21
0
0.8063500079086063
0.4343290132685195
0.05323173245208947
0
0.3106422489204264
0.0105159631599243
0.06582058692572088
0
0.0003103269969643815
0
0.12420960966798149
0.5896676472045039
0
0
0
0
2161550649923955e-21
0.35605015648062
31046561803460605e-23
22399310701950477e-22
0.36737886829285715
0.2605421516240457
0.1836886869571316
0.5261078767035823
0.0005672816824332133
0.48294405246481775
0.0011214310159817981
0.5121670747288332
9484371934010258e-22
752950527301034e-19
0.4249266466878744
0.0010849734836183309
6025631077708846e-30
0.13897534569441022
0.023182944768081692
0.1988745738103537
0.022202830069778447
0.03747791918413504
0.04661793759585836
0.1337498402432516
0.240466834668748
0.18757382503503972
0.24113996345830627
35335362435134887e-32
0.15220176927885748
0.15229868300287652
0.4372754313469793
0.5398269749951918
0.00034273414377597276
0.5404390274140353
0.6271482213426433
11.684344056805871
2.1196185125708307
2.82041342740405
0.09037641288242187
0.48708970719807687
2.6639147152658182
4.242282113648788
0.5758810199456168
5.056460487689915
7.0822731999324136
4.496981188854459
2.475274404770271
2.8762692314170173
0.6546089485747955
30.054877679924775
619.0800392102988
4.002045546930022
3877.3157987158575
1.0999809389771853
23.218345830850474
1.1685260943680982
45.014129938532484
1.3056060276739851
1.3968982263835523
1.0999799274591258
0.871923805587757
1.0752011298165274
67.87937399346254
0
0.0007768291871912904
0.0008297218981838618
0
0.008092582448508991
0.006929172302405851
0.00645761719146284
0.004759973503750418
0.005858857070307331
0.009255445239647131
0.004933954239697647
0.01016814906223504
0.0039985059744222385
0.006277236989765468
0.008576753358352064
0.01706715207078754
0.006369078047902802
0.008370687017002743
0.0069739909080046795
0.008826436857100505
0.005660408590205658
0.01126909549876011
0.016160605733536518
0.011741915120260887
0.0071611809433032745
0.0018995984841865144
0.00742360681094132
0.02273206872543842
0.07004451834920805
0.04093470162193777
0.10898011008378168
9119588883507397e-20
0.010071637929211773
0.2004001886546997
4806094415318109e-21
0.0717869942839886
0.010885861663456465
0.0012689612454570272
5486339124398312e-21
12044227560843632e-22
0.09813830460664748
0.08590457350921242
0.004137343252871484
0.03993051265374247
0.02010928221097332
0.005771285549489393
0.012054453518119606
0.0004827888205745898
0.2569072876327725
15699129994627054e-25
0.07633185281059084
0.0003418668228712406
0.009595927373975776
0.010874037338618641
0.0001570516406820598
0.0001708631463427732
0.25430947360633366
0.00039344369001287767
0.05552454712930653
0.21246819533832628
13179221290632747e-22
25861632226966936e-22
0.00014471779421834053
1257140859909194e-20
0.0005943408909413592
17002955390876042e-21
1443227596010481e-22
10044036685368116e-22
1907683872973506e-20
0.07427173645985873
0.07502880093798776
4349910305057285e-20
0.00021266475363194504
0.01949018151827384
0.008137378060432191
0.08816895908767011
0.020059874036773492
27828550287025354e-21
0.12966967123057732
0.03812327074202045
557347721621197e-21
0.2349645608459358
44589627554260563e-23
0.0037593776707787086
0.0009821970385284582
2299456595302902e-27
0.23847790775420935
0.25513724324963605
0.017993330773431394
0.23139869751048608
0.23886874318667753
0.00738534785110838
0.17565325293223846
22332184591254884e-26
4630608915184016e-21
0.0006292710479882302
9120335176423126e-20
0.12442050185714651
8645597515357837e-22
0.00011180971558233269
0.1515462225044908
0.0009288451165826554
0.011804599271471919
12200686871298769e-21
0.13055213796411994
0.09337501225315996
0.0210963677557088
3146869389997505e-20
0.00015344043269916648
12006679027976473e-23
0.013616767041449405
0.15259125712511099
833331449101939e-23
11103252391671151e-21
9106303945669439e-21
9649873642780017e-20
10586361663895021e-21
0.24978142559542427
0.15151127365976447
0.005145757340383468
0.0015474837605095133
0.041237641895619216
0.005871125744473393
6760231927282929e-20
0.028131553517432885
8323424507418422e-20
0.0007207780072842656
0.07867725997113292
9970375122475188e-22
0.24932885957884643
0.24839444098663163
0.0018269254261497393
0.0005369799129684693
58299100815743825e-25
0.0010304097537301082
1039042125643034e-23
0.010241977000094106
0.029019346209797726
0.0009036129141340085
0.0003375923856423121
0.00015454087881477913
2618178454224869e-21
0.006110366172802937
0.030308663663555422
0.0213106292812532
11257175898301847e-24
0.2392497442274059
0.06581685608127467
0
0
8177675386253805e-20
6661572117690122e-20
1033637797441179e-21
7596602156453973e-22
0.00019346979404547747
0.009720460711508654
0.005380536726797108
15204233583841798e-24
0.00013149251488532034
7328710740550379e-21
0.0553754547834114
0.013344402052292375
0.09679914641554858
3845635276564604e-22
0.05944698902987679
0.007668349525115625
0.00012013841170165043
0.11798041238292092
0.00029639463784779277
18549559457234617e-29
8514565432533987e-20
37361516150099626e-22
0.00012471027544914357
0.016253045970468796
0.003898518193246873
0.0001635415735217149
0.00015210691423051556
37998745055105794e-25
0.0005143860720484156
0.022760292828973152
13135133500374117e-24
0.0018047386397432978
0.001799690175703678
44186673619124795e-21
0.10386093572647667
4337172628192539e-20
0.25221348638304025
0.0019093987521951437
0.16823649058909257
0.003298827812468156
0.0007007048896777559
0.0005691743518398882
44750506438707394e-21
0.25690344961592076
12101938403015004e-21
21567460406570506e-21
0.00827745035027531
0.006429670232534051
2171598459351193e-23
8722741001640545e-20
0.003052356896623091
0.12552823749524952
0.029937089952759764
0.00010010922907006715
0.02283574043833528
0.0003540765233611828
0
0.10793284658781538
0.012285913319120576
0.2555240064528398
0.24835957127656605
0.2528183841777041
0.05134758316769284
0.029408605695409186
0.24405367982003337
0.2546140979440492
0.2415554690012971
0.24636978288220554
0.19118798820554225
0.000764999367117463
0.015650951636500193
0.13288807558456495
0.23066777192164173
0.12934275124764905
0.0002992011912038019
0.026764334537768168
0.22089077055747364
0.1094107302467818
0.15471325031421534
