1.4383098854770022
4465646589797574e-40
8852698992175071e-28
0
28667068562740875e-21
2183837785869074e-25
2878334212491519e-20
0
28981487935931035e-21
0
0.0017381312326586705
0
9.266671272004164
0
5.528967392797631
0
32.75931603139473
27.19483668859574
0.0012269807905952435
0.03511365464677799
98271778425279e-89
8.183058572338702
0.26404845142571876
5066505561064898e-30
0
0.00014703439757882692
27686054766080125e-22
0.001588153253978008
0.006912309647911039
0.008597520492950114
0.013944918951670562
23006927010706167e-22
2407407361284576e-24
0.0014893310391629992
25325425945076324e-22
22421513081943748e-23
26697055844513852e-30
0.00017048021023377267
0.00019497926893411065
2.458741330387439
2.3915223239537027
0
1.0584850067680183
0
2.4386765508539443
4.85038303869417
4.360689154018971
0
5.353331383970406
0
4.4227433701687655
0.5427214407677337
25.85255036444007
25.47026511431811
1.1946584100032376
46.3352383221036
24.7802228981541
1.331632751963846
0.0004790150356714614
0.011410679321558507
0.19111509617562966
35.21694894944934
0.5976575489171484
0.26871360936298017
2.201739660501053
0.9214354110068
23.933570206982523
0
24.97719146877968
0
16.112162247817075
0.000148100852238639
0.00014834732822302253
0.0050037050762078905
5.117658597136832
0.1413054444091112
0.08080066519081722
0
0.0003636614149907187
0.6263279602324786
0.06756273490761618
0.027356936717484175
0.010674193122145306
0.000146847903305099
8654583187730751e-20
0.0012764230155757604
2.025999144820719
0.4116710267926111
0.004844331671982825
0.0002997768006922691
0.0004421931966089387
0.008928824593034339
0.009406553306971167
12110213711240243e-23
0.06864354147551961
0.6724151357080744
0.019479081942573185
2256160742372652e-26
2108359208414699e-21
10822992881909986e-21
0
0.8054818662342492
0.43575224892399267
0.046511000150132896
0
0.30850576757100834
0.013570257630642592
0.06633515676770518
0
0.0003591035336155759
0
0.12416516729311898
0.5871495699073099
0
0
0
0
2096258463000756e-21
0.35538199464726294
297710818355006e-21
1990451595499271e-21
0.3668634213754661
0.2585918700687687
0.18389966235455676
0.5256762326839928
0.0005211179104907706
0.47708688528726184
0.0011197849903201852
0.511357713029459
9482700529600506e-22
6912495935433077e-20
0.42737243169063566
0.0010580380107271838
4994469966145867e-30
0.15857146134958108
0.0226078493149291
0.1985276416872246
0.02206205166046573
0.0374117186115033
0.04542956852978854
0.1315462915480132
0.24021052296566428
0.1872165361796272
0.23957647406327642
29172294535240246e-32
0.15064887233984123
0.150708412851026
0.43680550675586655
0.539395178170169
0.00034104130544701804
0.5396900036346649
0.6263844387388718
11.623411431301008
2.1198174453316563
2.8200154805658704
0.09013880618029017
0.48487349053295775
2.66432575676913
4.24125759398308
0.5747907271250281
5.037536122593149
7.049943168078202
4.466804549311362
2.474971931948979
2.863460957077682
0.652844131980326
30.120886516268847
619.0777579736681
4.002044388332655
3859.5982331916734
1.0999808528634567
23.218342591421546
1.1684627719647676
45.0122402562609
1.305612077239756
1.3968974460226893
1.0999798413251736
0.8710658377311522
1.0749833846659393
67.83698251635053
0
0.0007721119781441641
0.0008287970835497374
0
0.00806494218409127
0.00685164399918343
0.006388839419746638
0.004692516184342474
0.005807947110073051
0.00920368535761181
0.004869237003135356
0.010090160403454493
0.003943202280106997
0.006210358066238084
0.008498511034426247
0.016936715767470637
0.00629443462582465
0.008301484391779126
0.00690192828237087
0.00875550819880692
0.005614738451745729
0.011180808078800291
0.01600137122541825
0.011642345903017968
0.007097880995955392
0.0018995750780240127
0.007423246472713323
0.022728611805176113
0.07000902137234588
0.040923166019237886
0.10888739477974259
9119583502892635e-20
0.010070972095285685
0.19999316210857426
48060942658968566e-22
0.07174959170981755
0.010885082888106927
0.0012689508100294034
5486338929685966e-21
12044227467004621e-22
0.09806478960196963
0.08584958509546453
0.004137231861847594
0.039919553911052556
0.020106587761479795
0.005771068289082032
0.012053496915874318
0.0004827873117493304
0.2557636986510597
15699129994467609e-25
0.07628921148686542
0.00034186606647230127
0.009595323375443568
0.010873260267726916
0.00015705148109149676
0.00017086295744465853
0.2529915967454108
0.00039344268809020957
0.05550280187700744
0.21198575789660506
13179221178274455e-22
25861631794315394e-22
0.00014471765871235952
12571407576739888e-21
0.0005943386039470934
17002953520692767e-21
14432275946630867e-23
10044036620108884e-22
19076836375502067e-21
0.07423151828975458
0.07498770170362117
43499090809700096e-21
0.00021266446098242996
0.019487652795057982
0.008136944646993256
0.08811078023508738
0.020057193012337413
27828545277192683e-21
0.12953218920713241
0.03811331057791892
5573477196117453e-22
0.23429187691533407
4458962742564521e-22
0.003759285752514396
0.0009821907892154304
22994565953028695e-28
0.2377657910612189
0.25384611552289954
0.01799118041480604
0.2307624484404938
0.23732853231228537
0.007384991237367258
0.17536718821526662
22332184591222614e-26
4630608776475259e-21
0.0006292684841473653
9120329794927635e-20
0.12429546274844261
8645597467005727e-22
0.00011180963470007668
0.15134780920071045
0.0009288395281702211
0.011803682252515187
12200685908355013e-21
0.13041248693017438
0.09330909157403613
0.021093397844807644
3146868749375651e-20
0.00015344028036418678
12006679018651014e-23
0.01361554357843507
0.15238952994320026
8333314490570161e-24
11103251594168563e-21
9106303409237383e-21
9649867618184116e-20
10586360938917048e-21
0.24890175495616074
0.15131297049427683
0.005145584780518219
0.0015474682352367671
0.04122592916510565
0.005870900869448291
6760228970700935e-20
0.02812621507124687
83234200253289e-18
0.0007207746431331058
0.07863176058894494
9970375058169647e-22
0.24790749520772587
0.2469589326216374
0.001826903778891584
0.0005369780462695005
58299100813545245e-25
0.0010304028753691968
10390421255731957e-24
0.010241288280933404
0.029013657638907828
0.0009036076254087331
0.00033759164804448254
0.000154540724286685
2618178409881886e-21
0.006110122512957451
0.030302445865377385
0.02130759774898439
11257175897482101e-24
0.23771277624184092
0.06578575048679657
0
0
8177671059768165e-20
6661569246780033e-20
10336377905298399e-22
7596602119123455e-22
0.00019346955184711825
0.009719840820770313
0.0053803479970804926
15204233582346404e-24
0.00013149240301665665
7328710393106635e-21
0.055353831652140764
0.013343227519190232
0.09672781684047653
38456352669979223e-23
0.059421894401733816
0.007667964898418446
0.0001201383183196631
0.11786960538784826
0.00029639406932295103
18549559457234584e-29
8514560742212649e-20
37361515247123897e-22
0.0001247101748239672
0.01625129603710884
0.003898419325117623
0.00016354140046732365
0.00015210676453213774
3799874505417174e-24
0.0005143843591856467
0.022756827169605993
13135133499258033e-24
0.0018047175157484855
0.0017996691698777632
44186660988209466e-21
0.10377762647615103
4337171411263887e-20
0.25128120752771577
0.0019093751035660523
0.1679800614885022
0.0032987570829772694
0.0007007017103868727
0.0005691722544998054
4475049348337785e-20
0.2557295179739672
12101937455595823e-21
2156745739747349e-20
0.008277001795423043
0.006429400316535072
21715984590461353e-24
8722736079150234e-20
0.0030522963628789356
0.12540063697322357
0.02993102720312449
0.00010010916423124109
0.022832251361851432
0.0003540757119540016
0
0.10784210632040976
0.012284919287838135
0.25448834997164865
0.24750642773900253
0.25187098828198423
0.051329117597002705
0.02940275994023328
0.24256336252417268
0.2536136239680624
0.2400394575901096
0.24555018026139652
0.19083051316453867
0.0007649955772668215
0.015649330416590317
0.13274257299796613
0.23003861087549565
0.12920606703510917
0.0002992006118589657
0.026759512630175945
0.22034655040781326
0.10931719514702827
0.15450467029753492
