1.4479830622744496
8240442118433972e-41
4358646635476487e-28
0
26932750256898575e-21
20543674584708017e-26
27039795417398075e-21
0
2722179685097419e-20
0
0.0016619399642867224
0
9.807219514599446
0
6.257747932305217
0
32.75321958977865
27.21212313470816
0.00119256506522865
0.03725433626978265
5362607728377871e-91
8.149132752427114
0.26090414702349185
24537226723277442e-31
0
0.00012462509617086306
22869908432920394e-22
0.0015622885548356783
0.006911605681871913
0.00834821191315554
0.013717846027165479
22036277314038626e-22
2265759572521903e-24
0.0014461618416399661
24244081593981683e-22
21309117356093974e-23
2538846515639577e-29
0.00014457650315185532
0.00016535303407170786
2.6636443218647536
2.5208431690979416
0
1.0460034669039806
0
2.6203233869612443
4.389121823416735
4.357615133891171
0
5.347699622020485
0
4.422487610869609
0.5610020768052634
22.289982212664682
21.55312688924345
0.8613337174177342
49.646479970943986
24.993070230343744
1.327932082692496
0.0004387923419397539
0.011879784552223209
0.18058414089846125
35.320921017793516
0.5897862708556953
0.24748233267500197
2.1975242497866363
0.8912754712092562
22.1055198811286
0
22.370057518167016
0
16.186130893267286
0.00013011703950388117
0.00013018330482174445
0.004667656546819762
5.116357011514883
0.14053043447573615
0.07987762476627648
0
0.0003394722585882549
0.732600520852546
0.06742056484123164
0.02729821198592582
0.009951848286407546
0.0001589595540360914
9295133909482726e-20
0.0012575929433172013
2.0209251854474664
0.4105551973023406
0.0046990845324221125
0.0002993155422501611
0.0004121116938839307
0.00829885200527747
0.008305067174401807
1133809446348088e-22
0.06924839574570488
0.7576923128590606
0.019499188037105077
20588230981012977e-27
1984270062345697e-21
10878842139444544e-21
0
0.8046033855573652
0.4360508955603025
0.043254543508583286
0
0.3056261321254708
0.016660169145175516
0.06668910458230987
0
0.000386822621021317
0
0.1240987363017895
0.5833965786451287
0
0
0
0
20087309754237072e-22
0.35433314522782905
28095001669965545e-23
16733194332054038e-22
0.366090921011142
0.2562477519741239
0.1841554942056519
0.5250254197824018
0.0004945658785498495
0.4698101715081342
0.0011168223832554909
0.5099434148048374
9480191304229364e-22
6554603243794316e-20
0.4309542466347571
0.0010251191108383046
3776802930298939e-30
0.1743506766779975
0.02178204585301797
0.19800837635762678
0.0219890886357476
0.0374611125344116
0.0436999442572595
0.12830977229210658
0.23982496698554542
0.18735339847763516
0.23833848982164363
219947009631181e-30
0.14921020018345113
0.1492482371344397
0.4360998463285255
0.5387480997051766
0.00033887474029794244
0.5388919419129561
0.6272551996626262
11.587679171528173
2.120050260318148
2.8192219484223577
0.08976716441726959
0.4835728501826112
2.6647967369468075
4.239228155579515
0.5730775677312301
5.030951173522658
7.040819561926004
4.4397779641597515
2.4744195341355923
2.860843342666484
0.6524291045367655
30.191630513500115
619.0743467305205
4.002042655818798
3833.2551181861963
1.0999807240928656
23.21833774732583
1.1683680888880272
45.009414658241575
1.3056210841210707
1.3968962789583765
1.0999797125243413
0.8697839768880548
1.0746578605346346
67.68631180087124
0
0.0007677389027089074
0.0008273307991421212
0
0.008021772928501182
0.006781695287757856
0.0063287608466983895
0.004622607318526625
0.005773138500926355
0.00916721138287788
0.0048050355913078725
0.01003956393232024
0.0038869816965659094
0.006151939179861499
0.008437549146869916
0.016853844400818156
0.0062250998312249756
0.008252041155136697
0.00683978384046384
0.008705969822774013
0.005587599169002111
0.011121384070106865
0.01586965657921265
0.011568908643547296
0.007050418765627466
0.001899540078037611
0.007422707671738605
0.022723443462619022
0.06995597434671202
0.0409059222616895
0.10874889962053043
911957545696883e-19
0.01006997651925295
0.1993860547588474
4806094042459039e-21
0.07169369793496243
0.010883918446360802
0.0012689352055195908
5486338638521876e-21
12044227326681984e-22
0.09795496129692156
0.08576742355443427
0.0041370652983071824
0.03990317231031979
0.020102559276253505
0.005770743422882992
0.012052066597458076
0.00048278505552858055
0.25406311756942
15699129994229194e-25
0.07622549200472947
0.0003418649353904114
0.009594420254087289
0.010872098374408515
0.00015705124244723686
0.0001708626749752889
0.2510336338388523
0.00039344118986479795
0.055470300890825205
0.211266385623995
13179221010258916e-22
25861631147347716e-22
0.0001447174560830364
12571406047960685e-21
0.0005943351840949725
17002950724105044e-21
1443227592648254e-22
10044036522523154e-22
19076832855088296e-21
0.07417141847228251
0.07492628575365311
4349907250525503e-20
0.00021266402336823635
0.01948387206800201
0.008136296583065587
0.08802385380778406
0.02005318459728647
2782853778571552e-20
0.12932687667146262
0.03809842145052245
5573477166069016e-22
0.23328956694590064
4458962723331958e-22
0.0037591483062621076
0.0009821814443475047
22994565953028194e-28
0.23670488912868143
0.2519276011108111
0.01798796534452342
0.2298142925907113
0.23504387920150183
0.007384458005317459
0.17494028884665389
22332184591174348e-26
4630608569056426e-21
0.0006292646503143404
9120321747686827e-20
0.12410871928855567
8645597394702156e-22
0.00011180951375249172
0.15105159541679022
0.000928831171571915
0.011802311116447634
12200684468412299e-21
0.13020393770406677
0.09321060356807691
0.02108895755343178
3146867791418736e-20
0.00015344005256958003
12006679004706133e-23
0.013613714271868025
0.15208837362469801
8333314489898408e-24
11103250401619104e-21
9106302607081032e-21
9649858609280925e-20
10586359854817634e-21
0.2475921116019647
0.1510169209800908
0.005145326753039881
0.0015474450197315818
0.04120842068032151
0.005870564617502142
6760224549563381e-20
0.028118234088546037
8323413323017977e-20
0.0007207696125618053
0.07856377194278075
9970374962010026e-22
0.2457971541799906
0.2448278011369572
0.0018268714090322457
0.0005369752549037835
5829910081025756e-24
0.0010303925898627912
10390421254687623e-24
0.010240258487629394
0.0290051532858351
0.0009035997169441696
0.00033759054507681276
0.0001545404932125996
261817834357338e-20
0.006109758173092507
0.03029315042894735
0.021303065336315544
11257175896256286e-24
0.23543286526353202
0.06573926400282362
0
0
8177664590140065e-20
6661564953752295e-20
10336377801949338e-22
7596602063301073e-22
0.00019346918967513217
0.009718913937747027
0.005380065791487063
15204233580110267e-24
0.00013149223573345734
7328709873554889e-21
0.0553215131446115
0.013341471367998478
0.0966212518497408
38456352526923374e-23
0.059384388784329285
0.007667389780918219
0.00012013817868056753
0.11770410371757602
0.00029639321917846373
18549559457234536e-29
8514553728521535e-20
37361513896854534e-22
0.00012471002435374796
0.016248679616851353
0.0038982714868342552
0.00016354114168989868
0.00015210654068017982
37998745052775015e-25
0.0005143817978582104
0.022751645762726612
13135133497589092e-24
0.0018046859283364013
0.0017996377591662758
4418664210051253e-20
0.10365317422269205
43371695915240556e-21
0.24989354505471578
0.001909339741014385
0.16759733796574325
0.0032986513201016705
0.0007006969562449482
0.0005691691182460345
4475047411056672e-20
0.2539840740973613
12101936038867855e-21
2156745289780571e-20
0.008276331091986888
0.006428996717409668
21715984585899647e-24
8722728718284427e-20
0.0030522058456756425
0.12521007083827546
0.029921963530201223
0.00010010906727425015
0.022827034948119884
0.00035407449861560384
0
0.10770655970789778
0.012283433008139106
0.2529475020532751
0.2462361398631307
0.2504609146027491
0.05130151740040695
0.029394020628315164
0.24035177108359268
0.2521248899341127
0.2377902152718068
0.24432966755568883
0.19029720768545189
0.0007649899101293636
0.015646906430445025
0.13252529214570652
0.22910099197427686
0.12900194504287749
0.00029919974553480294
0.026752303786810625
0.21953524861610996
0.10917747612620793
0.1541932936327801
