1.4458681655480758
11922354945033565e-41
5088932713698945e-28
0
27299984095362204e-21
20817841882435016e-26
27408856829943523e-21
0
27594052854709803e-21
0
0.001677705118307702
0
9.734417769850603
0
6.106698992936556
0
32.74910527728429
27.208428950993902
0.0012016533463119912
0.03707888421635768
6115549774295952e-91
8.156299167950142
0.26144776151195825
28746607406255102e-31
0
0.00012921307830549852
2383870589080422e-21
0.0015676680159378452
0.006911759577066483
0.008400071535787458
0.013765073547435941
22237029628747105e-22
229554975498313e-23
0.0014551411539722528
2446779116314134e-21
2154387802082452e-22
2565904318934772e-29
0.00014988179065826497
0.00017141999773339392
2.622122749671695
2.486377399477815
0
1.0482298202793663
0
2.5861390606949164
4.490358720302709
4.358321795387766
0
5.3489274742962785
0
4.422550789919162
0.557958064994909
23.049728244859306
22.37622469843399
0.924067568694089
49.197566040719785
24.95395912089718
1.3287756822092442
0.00044538338224058997
0.011801400900846583
0.1820982958886111
35.3030364923094
0.5913070725384199
0.25019638541933525
2.1984433366823324
0.8974924901172795
22.33721655920202
0
22.68868743732239
0
16.173485789622237
0.00013236749066070804
0.00013246341709337493
0.004718201312698188
5.116599414892944
0.14068378840305887
0.08005267657833347
0
0.00034216222785964524
0.7144213563109073
0.06743202589331336
0.027308658809247998
0.010034531991000637
0.00015660328717617813
9172630121536542e-20
0.0012614823970927647
2.0216229016924765
0.4107783067794753
0.00472841030065918
0.0002993616867945457
0.0004154957247223342
0.008423978766291458
0.008517891774891984
11497151450161417e-23
0.06911619001425391
0.7400805490526962
0.01949094366638061
20982951616855207e-27
2009811706405065e-21
1086557606590837e-20
0
0.8047622852733457
0.4361064057402156
0.043636582378011914
0
0.3062251416411662
0.016120264976664897
0.06663531756600478
0
0.0003830474330428788
0
0.12411324305680875
0.5842159168223371
0
0
0
0
20269108015924688e-22
0.35456392477441095
28439843138507e-20
17374601876444068e-22
0.3662599963511706
0.256729713570229
0.1841048949293986
0.525167847896499
0.0004981883844966698
0.4712667376497598
0.0011175143093637909
0.5102706037820406
9480741065332501e-22
660384018581409e-19
0.4301800697493136
0.0010317943358851616
4014592370829057e-30
0.1718214582074276
0.02195957271793906
0.19812195134770977
0.02199790874281987
0.0374425775641658
0.04407328120413019
0.12901181012869067
0.23990951045172193
0.18728875219118038
0.2385518710247741
23391009755238694e-32
0.1494767337909956
0.14951755079873058
0.43625440319036535
0.5388897167065195
0.00033932320076969703
0.5390508789915326
0.6269607461847324
11.5926168575674
2.120001587132816
2.819398209960418
0.08984884749567022
0.4837525908971291
2.664698712643603
4.239678737970351
0.5734545566003331
5.031292394598921
7.0408670898588435
4.44475440107773
2.4745447355961567
2.8606175800868834
0.6524043064250599
30.179504352409374
619.075092546666
4.002043034607209
3838.9992490201435
1.0999807522466454
23.21833880641547
1.168388789283947
45.010032418215026
1.3056191198604812
1.3968965341344153
1.099979740684733
0.8700641231092319
1.0747290231550037
67.7271161726334
0
0.0007685526101656202
0.0008276571647897679
0
0.008031328096426881
0.006794630315189127
0.006339704207415359
0.004636293044805382
0.005778526186991506
0.009173092353367586
0.004817393992474542
0.010047264126773732
0.003897905040954932
0.006162580147396757
0.008448009598893365
0.0168662236769297
0.006238092752774764
0.008260087501003287
0.006851032875935578
0.008713910869909261
0.005591183707667326
0.011130662259871766
0.015892998209252898
0.011581102965088979
0.007058380687001567
0.0018995477302107674
0.007422825469244803
0.02272457334371615
0.06996756885821995
0.04090969173293791
0.10877916447997246
9119577216090204e-20
0.010070194178788652
0.19951863216765325
4806094091310405e-21
0.07170591455995763
0.010884173023648075
0.0012689386171979731
5486338702180587e-21
1204422735736145e-21
0.09797896311657923
0.08578538023843353
0.004137101714383612
0.03990675333019827
0.020103439975887687
0.0057708144485
0.01205237930088063
0.0004827855488169041
0.25443395597006946
15699129994281315e-25
0.076239418777519
0.0003418651826843815
0.009594617700924403
0.010872352394554847
0.00015705129462323603
0.00017086273673298978
0.25146041498479277
0.0003934415174290894
0.05547740512369084
0.21142345690204048
13179221046993022e-22
2586163128879761e-21
0.0001447175003849102
12571406382205582e-21
0.0005943359317932674
17002951335537457e-21
14432275930887675e-23
1004403654385883e-21
1907683362477453e-20
0.07418455424892552
0.07493970914283367
4349907650724997e-20
0.00021266411904601637
0.01948469860527613
0.008136438268228543
0.08804285165452867
0.02005406090939151
2782853942361579e-20
0.12937173739928576
0.03810167624062757
557347717263866e-21
0.2335083402649305
4458962727536873e-22
0.003759178356418627
0.0009821834874567683
22994565953028307e-28
0.23693643453793883
0.25234581351015273
0.01798866822290631
0.2300212594911426
0.2355414987536814
0.007384574585312518
0.17503353521201578
223321845911849e-24
463060861440548e-20
0.0006292654885231093
9120323507096144e-20
0.12414952399831235
864559741051026e-21
0.00011180954019587726
0.15111630861087944
0.0009288329986118473
0.011802610881419883
12200684783234415e-21
0.13024950539593574
0.09323212762747338
0.021089928277478236
31468680008617914e-21
0.00015344010237346544
12006679007754975e-23
0.013614114201639561
0.1521541661128443
8333314490045275e-24
11103250662352357e-21
9106302782460622e-21
9649860578943355e-20
10586360091839894e-21
0.24787785584507147
0.1510815983026046
0.0051453831658181915
0.0015474500954279298
0.04121224801574933
0.005870638132361034
6760225516179329e-20
0.028119978818653805
8323414788378455e-20
0.0007207707124186557
0.0785786316294112
9970374983033903e-22
0.24625700915997795
0.24529216504657256
0.001826878486173198
0.0005369758651932832
5829910081097637e-24
0.0010303948386275405
10390421254915951e-24
0.010240483627826045
0.029007012423629873
0.0009036014460068112
0.00033759078622403723
0.00015454054373349377
26181783580707516e-22
0.006109837828747817
0.030295182494751185
0.021304056198806022
11257175896524292e-24
0.23592945890302996
0.06574942477683746
0
0
8177666004627916e-20
6661565892358941e-20
10336377824545077e-22
7596602075505809e-22
0.0001934692688586107
0.009719116579431294
0.005380127490292713
1520423358059916e-23
0.00013149227230743117
7328709987147175e-21
0.05532857749510606
0.013341855304682284
0.09664454067274969
3845635255820041e-22
0.05939258680908882
0.007667515518150383
0.00012013820921057212
0.11774026834393227
0.00029639340504974634
18549559457234544e-29
8514555261960643e-20
3736151419207092e-21
0.00012471005725181556
0.016249251622375675
0.0038983038090046945
0.00016354119826771197
0.00015210658962206425
3799874505308038e-24
0.0005143823578533998
0.022752778499761064
1313513349795398e-23
0.0018046928344086258
0.0017996446266059297
44186646230026814e-21
0.10368037110889979
43371699893831315e-21
0.25019628084980605
0.001909347472456204
0.16768094023918204
0.003298674443297109
0.0007006979956648566
0.0005691698039399583
4475047834614401e-20
0.25436466910248695
12101936348614411e-21
21567453881591296e-21
0.008276477726709282
0.006429084956211964
21715984586897e-21
8722730327628101e-20
0.003052225635691164
0.12525171054738857
0.029923944933471548
0.00010010908847245104
0.0228281753378547
0.00035407476389370465
0
0.1077361804058112
0.01228375794580486
0.25328358676011475
0.24651331143394348
0.2507685304796147
0.05130755050634765
0.029395931127425085
0.24083357398115282
0.25244963131986975
0.23828017162331516
0.24459599532954202
0.19041367957300961
0.0007649911491613816
0.015647436367013514
0.13257276698397877
0.22930566147313783
0.12904654572833313
0.0002991999349435258
0.02675387972766033
0.21971237219088927
0.10920800835781029
0.1542613178800398
