0.0015340890785067857
34.95381090226328
139.17682036145965
0
148.46246666344734
0.005224828249321206
205.09893407185456
0
111.44662607262927
0
241.63904399812816
0
27.29232419428543
0
34.098360358568506
0
28.529612231379165
18.307217314430225
188.14634824045604
44.310954113241245
0.8803243560834517
19.19226290622636
1.8043189117498997
1.0741347106684844
0
6.430503506893379
0.6264242824011738
3.9620968837166344
0.00664911547033347
3.240128933454286
31.35374763057663
14.638898505647322
17.096020821912354
0.5282441939382526
30.548120557643852
1.101573495058131
767013904851926e-20
43.723919812434865
59.765064962273605
2.8323062751102093
45.53262684441033
0
2.7376978270119867
0
76.66002482368529
39.723552989304196
4.495208314685597
0
18.302734177634434
0
1.1606828143859196
2.904448948732191
33.2521215418034
32.939757544827174
18.37767460699737
179.67447787955226
61.84177107351597
0.6474121497174247
0.15536640327638027
0.009155689905824525
20.016431055407033
50.78246785674073
1.0233455314688678
1.7502014267630897
0.006988576546480407
0.03789059355779673
293.55952570831
0
282.9755919159946
0
7.757542923979542
0.037302538610355214
160.064981549671
15.469277954792421
2.7786869444635673
0.96120357109673
3.000000382602351
0
7723896576586221e-20
0.23407749130236077
0.09438291879083223
0.00227124501778351
0.04042806796908435
0.007193805250526289
0.0005496139043306524
0.0017194085868560219
0.24866871713715408
0.6782896487795727
0.4588385481833685
0.1146765220060699
0.004859892733323329
0.10919886265024648
0.023519210978520277
2.241984510684504
0.03300513773669388
1.2149278299955875
0.01635204339761026
0.03521267452038939
5.5828110154823785
0.0005122115340691262
0
1.2643568684970368
1.5031898596353754
0.19046224993286054
0
2.73696039365827
0.00013129002741326268
0.021282133764364723
0
0.0029378291940173776
0
0.13421046987798776
1.238357581432472
0
0
0
0
1.3779760403736327
0.5668256585756092
1.195291711173874
5.851869529547555
0.2984236320062638
1.293470658768535
0.10167615844365246
0.12380740056607578
0.015661366724467062
5.374037568254223
0.003724078059818777
1.6285572858692274
905066972492295e-21
0.07074841998612263
1.891343015517195
0.33230953469974533
0.5622201121849458
0.003174818209767869
0.8695068798100902
0.1998704516384844
0.0006272289671922982
0.02133154974390974
0.9937041865782247
2.3272812428228744
0.13378390292482653
0.10154064403769389
0.2884377676567731
0.028749932481911558
0.3572591206379096
25.88411065030006
0.3980372793910014
0.6325215669113428
0.14813625028538965
17.536095704923714
0.28042698986897174
8.641306719919692
1.9901084417303831
2.8078423781931003
0.18484017280325457
0.37257649090389405
2.395139582979586
4.216544662896765
0.9251904824925866
4.593241799036752
4.701316892674613
5.330781461388767
2.203839714593794
3.266837309713442
0.2902257123637558
35.669432851381984
619.584645361578
4.002301730320539
10674.112326814822
1.099999979577649
23.219062105620544
1.1826117840975436
45.43390781762931
1.2535258953156394
1.395184076175132
3.720506270831891
0.3011978874167444
1.1244452765011848
46.70748472008791
0
0.0010493406892415865
3712862513713371e-21
0
6285643625082426e-25
0.026183574099496325
0.042511214627511874
0.07243760418798846
0.0349169577106585
0.0358006106515626
0.05576625517071947
0.04231901692713887
0.060935452936741345
0.040634939148242816
0.03739024357851864
0.057798693406155316
0.04416378935495081
0.03406518302141114
0.039534734418170146
0.03403044823025905
0.04316544789442792
0.04569936248331737
0.06394868033798286
0.04227579111761798
0.032237847044687885
0.0019047808623081572
0.0075037115142428355
0.02350947729511914
0.07835203588977631
0.04356683831664478
0.13154566489041508
9120778658466595e-20
0.010219945337571248
0.3141462171574689
4806127453667022e-21
0.080554614009826
0.01105943048096702
0.0012712707105701987
54863821770268236e-22
12044248309419154e-22
0.11582389964498316
0.09896991643065639
0.0041620464884154626
0.042428959998573164
0.02071400064368697
0.005819524957903155
0.012267841018224078
0.0004831225497337239
0.6889340714981913
15699130029878768e-25
0.08637018836884396
0.00034203410983414624
0.009730414190414679
0.011047224754083672
0.00015708693141570595
0.00017090491835674326
0.8021953107362182
0.00039366528579909627
0.060547936825974494
0.3512219825058414
13179246133973033e-22
25861727889864705e-22
0.00014474775879143382
12571634651357836e-21
0.000594846779835577
1700336890842351e-20
14432278939300655e-23
10044051114718347e-22
19077359276633438e-21
0.08372126185730906
0.08469221264217623
43501809690128444e-21
0.00021272947067253368
0.020057436878987513
0.00823377833189571
0.102023446617665
0.020661556686611075
27829658023286993e-21
0.16394711987132946
0.040390699829515445
5573481659272584e-22
0.4429054586885356
44589655992150017e-23
0.0037797568211249584
0.0009835797884843534
2299456595310467e-27
0.46197603355034944
0.7833380777036004
0.018475159028507708
0.42535900464448895
0.9984670870346464
0.007464622355158688
0.2518658700504424
22332184598388376e-26
4630639584902011e-21
0.0006298381903061223
912152514613759e-19
0.15539745147021075
8645608206401204e-22
0.00011182760073350432
0.20246520971382248
0.0009300815852901478
0.012009118873270058
12200899787739202e-21
0.16540838917099088
0.10915580110878939
0.021763413564680114
31470110398210574e-21
0.00015347411889675566
12006681089912313e-23
0.013890001907744667
0.20443768852003172
8333314590345901e-24
11103428727285517e-21
9106422555868014e-21
9651205821531763e-20
10586521963548303e-21
0.5449261809838937
0.2023994759778278
0.005184054155015533
0.0015509203501169976
0.04391086226802993
0.0059210595115573575
6760885682985752e-20
0.029337157208700317
8324415592565001e-20
0.0007215222337313877
0.08941235060650829
9970389340955522e-22
0.8825922683619335
0.8947466541893738
0.0018317181121056672
0.0005373928144390821
5829910130187477e-24
0.0010319317424128456
10390421410847644e-24
0.010395401235586453
0.030304919891774463
0.0009047830540458941
0.00033775551400621305
0.00015457505000801696
26181882588318153e-22
0.006164480607569257
0.03171527372319534
0.02199162755365953
11257176079555976e-24
0.9947718807566852
0.07306855892723739
0
0
8178632063076942e-20
6662206929278933e-20
10336393255946904e-22
7596610410535102e-22
0.00019352335348761803
0.009858498830626191
0.005422429355585414
15204233914484057e-24
0.00013151725227967452
732878756354867e-20
0.06036998538066722
0.013606655882157925
0.11393507932452776
3845637391834586e-22
0.06526409317675055
0.007753869052774756
0.00012015906098912481
0.14522444518060285
0.0002965203700233687
18549559457239284e-29
8515602563580135e-20
3736171580580486e-21
0.0001247325264750715
0.016644633956747795
0.0039204404120323395
0.0001635798417300535
0.0001521400173583083
3799874526162844e-24
0.0005147649398091113
0.023539683698036624
13135133747147355e-24
0.0018094154006416399
0.0018043407575588674
4418946650429368e-20
0.12402458903968436
4337441709245426e-20
0.5719726063794796
0.0019146348521314539
0.23571998528954025
0.0033145039661137726
0.0007014082106793569
0.0005696382803481553
4475337105789586e-20
0.7072460487367975
12102147886803132e-21
215681257523215e-19
0.008377228693221016
0.006489629923795233
21715985268021946e-24
8723829471874026e-20
0.0030657709136756544
0.15718181865732123
0.03130822039256547
0.00010012356648487804
0.023620443356868012
0.000354255977651533
0
0.12999230128458455
0.012507688368654488
0.6272238217771401
0.531507021940722
0.5798643101619485
0.05559797771252661
0.030730108380664593
0.9455121880827779
0.6080617933312473
0.9718042179238742
0.5147203012167029
0.28918376536886986
0.0007658377946299654
0.0160135719411859
0.1693109119950015
0.42195075462676546
0.16340756104708148
0.00029932931653502934
0.027852117062630785
0.3811129809857057
0.13218662865489683
0.2084847860162802
