0.0023896588700508055
36.75362484077619
137.03522204843898
0
163.4165535813973
0.00498576268136206
203.12615401034523
0
119.19775301461128
0
84.81225442156962
0
21.816941127866777
0
34.02511465137709
0
29.10710286820224
16.809450821703432
165.64998935865364
1.8078904505764495
0.4450818645564044
4.879866454616722
2.2216035628182893
1.0476769162113413
0
6.413105984379542
0.6081306099786117
2.058582259906903
0.006753315076949539
3.386064607893586
17.10014240252589
23.0786807371152
11.006236183217734
0.6228022013743976
50.80406729494292
1.2899302120957292
6975367664536787e-21
42.71744009690959
58.732427330388475
0.07310190480885898
43.730352715153174
0
2.7958076366461
0
20.457559839017055
36.84436858164824
4.491491930333283
0
18.266585720574447
0
0.25648480650633243
0.12077718700155654
33.251941411498784
32.94023310977105
18.39996285595074
128.83862734266242
61.71319885685912
0.14786394566432637
0.14323886646028233
0.009057337834099503
20.31082667144752
50.416003778971046
1.0428132424805432
1.533389230460161
0.0022321776434311527
0.05398192780800063
230.9795288524934
0
278.61762390379414
0
9.321839043341626
0.02928245095916406
59.40513827538207
15.815045552769297
0.7718136571295214
1.0309090964789185
3.000700928841593
0
773211074253225e-19
0.007687829522573567
0.11570988630607304
0.0025411208083031362
0.03162511471409538
0.0072188152466605895
0.0005739483177351759
0.0017048823962714835
0.3177852308557115
0.6778938892030653
0.14578409368235656
0.12169817911920904
0.0011210942434292793
0.12916735240911817
0.0277979723068739
2.22507846371133
0.04206748242388943
0.2892713414368598
0.020814985493464902
0.044932940266004105
1.6504459402079228
0.0005476108630041671
0
1.2641526663875897
1.4786604430411632
0.1478774498324517
0
2.731840765722162
3398408262725882e-20
0.0061189210750175445
0
0.0016366428610953135
0
0.13420094486367745
1.2377959677592028
0
0
0
0
1.6204468572780195
0.5677290377862324
1.1882047696101388
5.835069659637434
0.299743782495457
1.4331761540745493
0.10327577789568429
0.02803215777283924
0.017373741294777367
5.268854892704405
0.0037409996209618614
1.6325179243578614
9053092461159325e-22
0.07180643970146292
1.9271540782471213
0.4086750773005791
0.5983197675342408
0.0031188004673470974
0.8677243562471237
0.20001311752067183
0.0008806752775847169
0.025647617810025034
0.9902408908226117
2.3281778719232857
0.13417017987042568
0.11991206112763542
0.3532589887883265
0.03473204316690593
0.4481305057773144
2.0479690308868155
0.39905724830710404
0.6324263832393664
0.1465881252653683
4.4873744809439735
0.328392978010164
10.669974311505065
1.9904267787741683
2.805974795773691
0.18533684498597594
0.44971270141148323
2.395783168850338
4.2118802515999105
0.9267428147957566
5.513013997564871
5.953949900115702
6.298235120093838
2.1969225217484043
4.109085010883089
0.3408775580251075
41.832062365618114
619.5843433973282
4.002301577073871
10667.648377814718
1.0999999681879946
23.219061677158336
1.1826033078810454
45.43365555170874
1.2570364531359106
1.3958735367917923
1.25519403922616
0.34720491626602845
1.1244151561878004
43.1913746345051
0
0.0012431074872466653
626826724954943e-20
0
4561546047512694e-23
0.03402704475490442
0.0552083829570612
0.09337182843529737
0.04505979122402195
0.04313032776569872
0.07220199743028309
0.054854619053936404
0.07874602491170088
0.05276599440054177
0.04846536281036422
0.07507819095083172
0.05734840636353066
0.044071492560036084
0.05124128544247431
0.04396722192254673
0.05558419301914259
0.059099845162131036
0.08321145968949971
0.0547454309841857
0.041867819698437454
0.0019047777581317398
0.00750366334039847
0.023509004413226703
0.07834678305593802
0.0435652143075254
0.13153085773145978
9120777946729963e-20
0.010219855974620978
0.3140617534539196
4806127433904339e-21
0.08054906168337891
0.011059325834087672
0.0012712693278569146
5486382151273839e-21
12044248297007934e-22
0.1158124205548193
0.09896153516883367
0.004162031667627452
0.04242741971528916
0.02071363353609543
0.0058194959822450675
0.012267712253288501
0.00048312235003729825
0.6885276823221154
15699130029857696e-25
0.08636380537127798
0.0003420340097432808
0.009730333183373166
0.01104712033806507
0.000157086910303402
0.00017090489336683587
0.8016442473101391
0.00039366515320937115
0.06054480005194176
0.35111640104578307
1317924611911243e-21
2586172783264175e-21
0.00014474774086560652
12571634516138457e-21
0.0005948464770982599
17003368661065823e-21
1443227893751857e-22
10044051106087115e-22
19077358965252526e-21
0.08371526439947694
0.08468607526099456
4350180807104173e-20
0.0002127294319547166
0.020057092674960118
0.008233720327922963
0.10201454017143416
0.020661191435582402
2782965736065686e-20
0.1639241191309517
0.04038930398319653
557348165661486e-21
0.4427375433171467
4458965597513923e-22
0.003779744597923293
0.0009835789607802535
22994565953104607e-28
0.4617933428436548
0.782812628493879
0.018474866989617308
0.42520413325000084
0.99761319409172
0.007464574681914069
0.2518115806377436
2233218459838412e-25
4630639566556174e-21
0.0006298378509046468
9121524434284451e-20
0.15537678730302493
8645608200006118e-22
0.00011182759003425003
0.20243013020005818
0.0009300808451772362
0.012008995482265592
12200899660377405e-21
0.1653849765518914
0.10914560577288711
0.021763008317567865
3147010955088172e-20
0.00015347409874440029
1200668108867893e-22
0.01388983683828616
0.20440192208769714
8333314590286485e-24
11103428621805636e-21
9106422484918243e-21
9651205024604574e-20
105865218676608e-19
0.5446719708674466
0.2023644192412253
0.0051840311619439005
0.001550918292165304
0.043909212509161195
0.005921029515985971
6760885291908405e-20
0.029336420822579704
8324414999690203e-20
0.0007215217883262467
0.08940551001854052
9970389332450418e-22
0.8819251539593005
0.8940610300468719
0.0018317152414995782
0.0005373925673580478
58299101301583965e-25
0.0010319308313299757
10390421410755266e-24
0.010395308777915304
0.03030413412025466
0.0009047823536480624
0.00033775541640381233
0.00015457502956550277
2618188252966959e-21
0.006164448094992887
0.0317144131107764
0.021991213762934274
1125717607944754e-23
0.9939242999037773
0.0730639906585745
0
0
8178631490786064e-20
6662206549534244e-20
10336393246805915e-22
7596610405597744e-22
0.00019352332144542022
0.009858415676891916
0.005422404199338273
15204233914286298e-24
0.00013151723748106332
732878751759505e-20
0.06036686701822109
0.01360649747865453
0.11392397159972668
3845637390569291e-22
0.0652604486980349
0.007753817613351294
0.00012015904863623545
0.14520639819446896
0.0002965202947979434
18549559457239284e-29
8515601943159476e-20
3736171568637607e-21
0.00012473251316394104
0.016644396922042903
0.003920427261993357
0.00016357981883640093
0.00015213999755478615
3799874526150493e-24
0.0005147647130975806
0.023539209600172983
1313513374699975e-23
0.0018094125995141456
0.0018043379721213058
44189464833614796e-21
0.12401142677451153
43374415482836465e-21
0.5716925271145632
0.0019146317157542959
0.23567243408213254
0.0033144945668438703
0.0007014077897613841
0.0005696380027260462
4475336934430566e-20
0.7068177599714568
12102147761494692e-21
21568125354324083e-21
0.008377168650521447
0.0064895938909610455
21715985267618444e-24
8723828820740858e-20
0.0030657628721895806
0.15716067716696527
0.03130738173001611
0.00010012355790802215
0.02361996600032314
0.0003542558702797941
0
0.12997784178791397
0.01250755451952345
0.626886998432912
0.5312651814384187
0.5795764463606194
0.055595332868002514
0.030729300404793682
0.9447465127432599
0.6077452426136234
0.9709953443884003
0.5144934999164775
0.28911219351556705
0.000765837292831417
0.016013352539698947
0.16928638147756406
0.42179835572305685
0.16338471146458522
0.0002993292398776278
0.02785145334210545
0.3809886595135402
0.13217167683633077
0.20844758931901103
