1.4697581773133523
18410614267892664e-43
8847348763831577e-29
0
23463974155893344e-21
1795200198680158e-25
23556076647204476e-21
0
2371203075374279e-20
0
0.0015241207134161878
0
10.118738926479223
0
7.467696316055957
0
32.92195445036318
27.24858023625282
0.001090099539928989
0.03428451449477484
14092829434888725e-92
8.083889454082891
0.25720827803134366
4831295640198629e-31
0
8589081410191657e-20
15032736286065352e-22
0.0015144946799351324
0.006910021659779573
0.007887497607049312
0.013298257763876534
20284136527531634e-22
20013161985933722e-25
0.0013664038465703563
22289618015073062e-22
19218740187234155e-23
2302597063688883e-29
9974202158181357e-20
0.00011408650114288007
2.9173559065379986
2.8331022078208736
0
1.0367363494876336
0
2.8414877557369365
3.62194465766157
4.349896426148989
0
5.33530622809999
0
4.421744813489534
0.5753850007492733
16.993931149625805
15.99394929651443
0.4484586616878174
51.54615580071908
25.256071246166847
1.3184595943512056
0.0003990319692232475
0.012280600423372496
0.1749553233677998
35.42485943576359
0.5812043271642843
0.23778618221215778
2.1882125540152444
0.8367920161380357
21.282906045016574
0
21.303985564163828
0
16.26333313434949
0.00012371746053192642
0.0001237190156612102
0.0044396512413492455
5.1145388266767435
0.13925932417270978
0.07849687724145255
0
0.0003359277911704511
0.8193886461605503
0.06752311154517764
0.027223715731711198
0.009813516575197597
0.00017581638653487138
0.00010117936042274158
0.0012234218381121022
2.017937054135973
0.40880442208432344
0.004447119943169631
0.0002993239706421035
0.00040699725284903867
0.007362264777180663
0.006830762818224188
996338646598417e-22
0.07040906046371948
0.8975804179596528
0.019606417661398444
17364528760217206e-27
17642778642817333e-22
11010672424367855e-21
0
0.8035317187620088
0.43366158979332126
0.04240407488628914
0
0.300255715840192
0.01920713546577226
0.06691469356592768
0
0.00040292016932030737
0
0.12395004670395038
0.5749994199810594
0
0
0
0
18496107716768296e-22
0.35199632131807934
25130357060124364e-23
11500574134183623e-22
0.3643443323640585
0.25163302927210474
0.18454735678167097
0.52356226385335
0.00048520344711202587
0.458057058761127
0.0011086604067850558
0.5061530468125877
9474485348612539e-22
6418764204412495e-20
0.4385916111973414
0.0009673592553890016
20129250834516607e-31
0.18556843008846138
0.020034809561216723
0.1968377410761367
0.021971525828669774
0.03773155781320301
0.04000943393195512
0.12125302750438836
0.23894572037880957
0.18836451839458937
0.236736995321657
1168231798937198e-31
0.14700498614614355
0.1470330950993621
0.43449977411315344
0.5372853051501697
0.00033468064093123605
0.5373874242137157
0.6313158159461676
11.566242748516194
2.1205757975164956
2.817680699865584
0.08894182490152691
0.4827931064448402
2.6658604378711517
4.235276689074397
0.5692618240233486
5.037422266877708
7.056678446086619
4.397768009900381
2.4731217721477665
2.869088094081013
0.6538564570959663
30.25958503712771
619.0666678109486
4.00203875579063
3774.6106645379614
1.0999804342197494
23.2183268428724
1.1681549775837923
45.00305465418249
1.3056410887745113
1.396893651184845
1.0999794225831454
0.8669033035413688
1.0739254390231092
67.01139481607748
0
0.0007609652153896296
0.0008238536944214919
0
0.007921426945418383
0.006671797170643361
0.00623763314009246
0.004498131622743261
0.005741449885227934
0.009126517329707921
0.004694783583786494
0.009992102868915748
0.003788581795264232
0.006063330749893456
0.008357735952828928
0.016781917718045592
0.006112648376843422
0.008195928056890038
0.006746920572683369
0.008652146255357247
0.0055819273473887475
0.011061774968851995
0.01568299952383475
0.011480824261977447
0.006991901636081273
0.001899461292554829
0.007421494929614308
0.022711813399347604
0.06983670817218365
0.04086713173113117
0.10843777989222422
9119557344959838e-20
0.010067735755998088
0.19802614154830211
4806093539482201e-21
0.07156803573739702
0.01088129764820097
0.0012689000791892043
5486337983087669e-21
120442270108042e-20
0.09770817865185161
0.08558275879817111
0.004136690374642167
0.03986632057703344
0.02009349377854818
0.0057700121893170956
0.012048847454329627
0.00048277997662904334
0.25027623094634854
15699129993692536e-25
0.07608224889883111
0.00034186238924592115
0.009592387564809209
0.01086948331146926
0.00015705070524074457
0.0001708620391152588
0.2466813685280018
0.00039343781725728345
0.05539720812732002
0.20965593979510813
1317922063204217e-21
25861629690970417e-22
0.00014471699994883448
12571402606553887e-21
0.0005943274857991189
17002944428758205e-21
14432275881127004e-23
10044036302849661e-22
19076824930350278e-21
0.07403630684162037
0.0747882174067124
43499031300474777e-21
0.00021266303826605808
0.019475364024810125
0.008134837926829048
0.08782848896297345
0.020044164257041537
27828520921792845e-21
0.12886589132265858
0.0380649260829363
5573477098427516e-22
0.2310489474169923
44589626800378815e-23
0.003758838921853656
0.0009821604086080267
2299456595302704e-27
0.23433400126181883
0.24766175828733675
0.01798073005961332
0.22769414705611019
0.22998109311159337
0.007383257797083559
0.17398310216313045
2233218459106573e-25
4630608102139638e-21
0.0006292560201269542
9120303632713165e-20
0.1236893704430966
8645597231940901e-22
0.00011180924149002824
0.15038691354718783
0.0009288123604582471
0.011799225159393125
12200681226983666e-21
0.12973569582062333
0.0929892792069355
0.02107896551305398
314686563498015e-19
0.0001534395397864582
1200667897331505e-22
0.013609597251915028
0.15141262203588052
8333314488386249e-24
11103247717092846e-21
9106300801361493e-21
9649838329531081e-20
1058635741442126e-20
0.24466915708157605
0.15035260703286282
0.005144745959350105
0.0015473927609981019
0.04116903484819869
0.00586980775723847
6760214597230402e-20
0.028100276527223335
8323398235585644e-20
0.0007207582884613266
0.07841093895325214
9970374745546822e-22
0.2411121062970552
0.2400975025191493
0.0018267985439203516
0.0005369689713635087
5829910080285666e-24
0.00103036943671923
10390421252336747e-24
0.01023794071725969
0.02898601840939889
0.0009035819145945089
0.00033758806221923215
0.00015453997304712885
26181781943074997e-22
0.006108938093643374
0.030272236071157154
0.021292866030899738
1125717589349687e-23
0.2303802938545666
0.06563473927768344
0
0
8177650026494854e-20
6661555289804569e-20
1033637756930213e-21
7596601937640317e-22
0.00019346837439874174
0.009716827771390985
0.005379430577692833
15204233575076565e-24
0.0001314918591660222
7328708704001397e-21
0.05524883056123536
0.013337518973227377
0.09638179471303546
3845635220489296e-22
0.0593000471613664
0.00766609530205098
0.0001201378643420943
0.11733239571315267
0.00029639130544235773
18549559457234448e-29
8514537940148229e-20
37361510857287535e-22
0.00012470968563359672
0.016242791381370466
0.0038979387112372164
0.00016354055916217047
0.00015210603677225212
37998745049630926e-25
0.000514376032146562
0.022739986307000904
13135133493832182e-24
0.001804614824501843
0.0017995670530823065
44186599582785805e-21
0.10337356783456778
43371654951431084e-21
0.24679777958242666
0.0019092601394042068
0.16673898368368184
0.003298413251594597
0.000700686254399242
0.0005691620583445785
4475043050080926e-20
0.2500984059637359
12101932849697506e-21
21567442768687588e-21
0.00827482148236123
0.006428088275353067
21715984575630825e-24
8722712148393974e-20
0.0030520020938429437
0.12478214984872553
0.029901570500441055
0.00010010884901644799
0.022815296733166037
0.0003540717673064825
0
0.10740205624584788
0.01228008792848331
0.24951297895968058
0.24340042305295284
0.2473155420688293
0.0512394413862531
0.029374357223679468
0.2354468027910226
0.24880552713384932
0.2328038071330456
0.24160434627386673
0.18910214064713532
0.0007649771530913558
0.015641451212454763
0.13203747565588572
0.22700429541123313
0.1285436289154578
0.0002991977953771752
0.026736083194104355
0.2177198556014191
0.10886361024183251
0.1534946535232414
