0.002521284991826809
36.93045355212584
136.70824320476348
0
162.98976005959048
0.004951316439295721
202.83770164096885
0
120.1558816818765
0
71.05782103772934
0
20.621725254092574
0
34.01018114293409
0
29.188716972488105
16.5628415013365
161.56699191665746
1.2262439823145852
0.4013191980445228
3.9754265432173135
2.2705893065013965
1.0436490221302621
0
6.410417432059177
0.6053324909764153
1.8497655447281698
0.0067697272149233175
3.408423290195919
15.449794895850678
24.005793355161284
10.492902495570284
0.6393439601658315
53.09732246959044
1.367028613615582
6648283558182298e-21
42.56137619510934
58.57260960328302
0.046173103843407316
43.44765119235512
0
2.804274680465933
0
16.85431373977587
35.96453313139719
4.491442822863872
0
18.24874659165838
0
0.20663120333254933
0.08057617960437406
33.25186875405797
32.94025376017661
18.40358205188689
118.25149563275774
61.706151668948934
0.11943407798821205
0.1415918682957639
0.00905292458537077
20.320553963305276
50.372805175280845
1.0456946555347917
1.4698061335393031
0.001880515737395457
0.05630777820704647
219.81341815017186
0
276.7913458641633
0
9.5566433964982
0.027822818084903885
50.07116244492348
15.829889490038026
0.6307163775080041
1.0427532937417798
3.0007276685928446
0
7569355502873034e-20
0.005113320363119573
0.11818029376309384
0.0025778474558149265
0.030068631792549896
0.0072499620379817015
0.0005811441790821436
0.001702640223151216
0.3267766021180525
0.6778310430614437
0.12128994903122906
0.12268810421903478
0.0008772887381084006
0.13147673118300748
0.028227061075204597
2.2234214441195514
0.04324334301917005
0.23391450771961567
0.021374974020088783
0.04616649579524572
1.3543856015812437
0.0005529072703806187
0
1.2641147615711008
1.475487358095319
0.14041534095376706
0
2.7309874929671625
27640435217457908e-21
0.005066882240086128
0
0.0014510022868345742
0
0.134199358413961
1.2377059121173692
0
0
0
0
1.687571298466099
0.5678849276330612
1.187395540952838
5.8324775452452
0.2999458014049735
1.4475895765523477
0.10350696762846229
0.02260652627819692
0.01758139667030471
5.25276459464075
0.00374348141980081
1.6331150282788156
9053465212418414e-22
0.07181463865418287
1.9321888991965601
0.4182909206017696
0.6016782626630339
0.0031163851770860122
0.8674542858276271
0.20003502158022557
0.0009160851650637097
0.026138431682177186
0.9897172097985109
2.3279937951233216
0.13422961800413363
0.12195555216555849
0.36079437885788745
0.03540805601334881
0.4589741887078912
1.4957354649192713
0.39912107027958654
0.6324117649270542
0.146530886179313
3.646008696882559
0.3335502483170398
10.9081252188202
1.9905240885912299
2.805792432859094
0.18542270169191635
0.45854130591565107
2.395980492642401
4.211424816241789
0.9270106209512422
5.616467286301708
6.106337138328546
6.4008207340879695
2.1966321380756755
4.208100152247883
0.346518712100398
42.47922330313202
619.5842969413028
4.00230155349746
10666.654271612802
1.09999996643574
23.219061611241074
1.1826020038531302
45.43361674169143
1.257259909899163
1.3959382521482757
1.2001069234560797
0.3538071487674543
1.1244105223512717
42.837212890616954
0
0.0012649851652184708
66952759875330034e-22
0
7290267095707646e-23
0.034993156286543786
0.05677019058151322
0.09592035000587527
0.046298712360971814
0.043954172150917487
0.07421645268272503
0.05639219911033071
0.08092159565884913
0.0542570698138639
0.04982449706380607
0.07720428406068272
0.058969539625272356
0.04529682160954551
0.05267839400389428
0.04518210733238484
0.05709368977166278
0.06073985133300209
0.08559456247265915
0.05626676783303821
0.04305220069262017
0.001904777280566586
0.00750365592906525
0.023508931663010574
0.07834597495891238
0.04356496446534172
0.131528579854945
9120777837232026e-20
0.010219842226544136
0.31404876105378177
4806127430863927e-21
0.08054820751327835
0.011059309734655659
0.0012712691151319274
5486382147311841e-21
12044248295098516e-22
0.1158106546419275
0.0989602458069364
0.004162029387510904
0.04242718275359313
0.020713577058581897
0.005819491524464321
0.012267692443418372
0.0004831223193147785
0.6884651821909896
15699130029854453e-25
0.08636282341352208
0.0003420339943446887
0.009730320720811252
0.011047104274149804
0.0001570869070553555
0.00017090488952223507
0.8015595019271209
0.0003936651328109559
0.060544317485745076
0.35110016056154814
13179246116826185e-22
2586172782383822e-21
0.00014474773810778716
12571634495335477e-21
0.0005948464305233017
17003368623010794e-21
144322789372444e-21
10044051104759234e-22
1907735891734777e-20
0.08371434175179057
0.08468513108798133
43501807821951465e-21
0.00021272942599813002
0.020057039721018646
0.008233711404271114
0.10201317001794905
0.02066113524368955
2782965725871376e-20
0.16392058084192782
0.04038908924189057
557348165620598e-21
0.4427117158340292
4458965597252219e-22
0.003779742717434238
0.000983578833441223
22994565953104595e-28
0.46176524299416355
0.7827318214434481
0.018474822060966976
0.4251803118869853
0.9974818907776117
0.007464567347595767
0.2518032294591096
22332184598383467e-26
4630639563733737e-21
0.0006298377986890515
9121524324768588e-20
0.15537360844428147
8645608199022258e-22
0.00011182758838821098
0.20242473389127566
0.0009300807313137636
0.012008976499146663
12200899640783283e-21
0.16538137490463845
0.10914403734419385
0.021762945972528046
31470109420523446e-21
0.00015347409564403814
12006681088489178e-23
0.013889811443158966
0.20439642011505896
8333314590277344e-24
11103428605577962e-21
9106422474002893e-21
9651204902000399e-20
10586521852908876e-21
0.5446328721458853
0.20235902643609613
0.005184027624557316
0.0015509179755575937
0.04390895870560593
0.005921024901296168
676088523174266e-19
0.02933630753404789
8324414908478699e-20
0.0007215217198024032
0.08940445766684352
997038933114194e-21
0.8818225657391863
0.8939555960508548
0.0018317147998682716
0.0005373925293455912
5829910130153923e-24
0.0010319306911634517
10390421410741054e-24
0.010395294553731192
0.030304013234136905
0.0009047822458945979
0.00033775540138806094
0.00015457502642050083
2618188252064674e-21
0.006164443093073281
0.031714280710938576
0.021991150103513747
11257176079430858e-24
0.9937939669627238
0.07306328787336137
0
0
8178631402741318e-20
6662206491111985e-20
1033639324539961e-21
759661040483815e-21
0.00019352331651585177
0.009858402884071972
0.0054224003291567634
1520423391425587e-23
0.0001315172352043541
7328787510525263e-21
0.06036638728444939
0.013606473109048453
0.11392226281510706
384563739037463e-21
0.06525988802706549
0.007753809699624126
0.00012015904673579106
0.14520362193412623
0.00029652028322480276
18549559457239284e-29
8515601847710146e-20
3736171566800241e-21
0.00012473251111607493
0.01664436045546484
0.003920425238914352
0.00016357981531430084
0.00015213999450809065
3799874526148593e-24
0.0005147646782188925
0.02353913666288762
1313513374697704e-23
0.0018094121685718388
0.0018043375435928318
4418946457658729e-20
0.12400940193462433
4337441523520297e-20
0.5716494501713865
0.0019146312332351892
0.23566511936320586
0.0033144931208047125
0.0007014077250047954
0.0005696379600149646
44753369080676405e-21
0.7067518924162163
12102147742216471e-21
2156812529309371e-20
0.008377159413221247
0.0064895883474658505
21715985267556366e-24
8723828720566529e-20
0.003065761635039749
0.15715742488238776
0.03130725270700252
0.00010012355658850593
0.023619892561710955
0.0003542558537610679
0
0.12997561739272478
0.012507533927476578
0.6268351955134244
0.5312279849753786
0.5795321723076146
0.05559492598001236
0.030729176102699103
0.9446287715832054
0.6076965571319699
0.9708709620768118
0.5144586162798678
0.28910118403354923
0.0007658372156316695
0.01601331878589084
0.16928260786726915
0.42177491462384004
0.16338119642780108
0.0002993292280841832
0.02785135123265925
0.38096953673304595
0.1321693767066646
0.2084418673392621
