1.5103292006603544
15538767425374541e-46
4539927482768351e-30
0
1814667496982602e-20
1396497410463872e-25
18219119287125655e-21
0
18341108631893035e-21
0
0.0013548670968525495
0
10.257176644674438
0
8.559006838393852
0
33.479007682722894
27.314132992372475
0.0009106867761857757
0.024327128690022442
11694073270223733e-93
7.990927139128931
0.25354373406482567
2377864080344306e-32
0
42928402951600065e-21
7041519101878342e-22
0.0014533933890013527
0.0069070723755798
0.007299110072701473
0.01276186558695414
18148128703859756e-22
16672807163207984e-25
0.0012645955435949673
1989758257360613e-21
16585695272130487e-23
20122251296744783e-30
49914935560503264e-21
57101895595211207e-21
3.0215436708057744
3.0078177179474457
0
1.0507794077430523
0
2.984262786606722
3.1261683425614155
4.335023109909739
0
5.313456445129351
0
4.42026352438201
0.5731713052713936
15.512716584143408
14.502938789693635
0.22197930946550715
52.22732057596674
25.386058938157067
1.298776861003217
0.0003496097789760337
0.012391450257107839
0.17475227454883605
35.467421089852856
0.5833098042009841
0.23664196252794684
2.171496031595509
0.763835555133278
21.055643465708393
0
21.051594584444853
0
16.30932532741077
0.00012720999150312316
0.00012720229845574144
0.0043430576139814134
5.112583367617501
0.1376487738129372
0.07678504339382655
0
0.0003490137552211516
0.823424131147484
0.06792840018495676
0.027116402151940746
0.010193655438318162
0.0001912566955201479
0.00010722812877997567
0.0011778618393216886
2.016740358535932
0.4071558780427834
0.0041360068484514794
0.0002994640169488404
0.00042227691346821315
0.006697263665885194
0.00593179577593273
8307473460418273e-23
0.0717231587207771
1.0218837734797968
0.01976050572048765
13894739127794045e-27
15035787158179595e-22
11196064797933298e-21
0
0.8021697658708766
0.4261614512644992
0.043437322585235257
0
0.29261780387547703
0.019074868067555862
0.06677659210213424
0
0.0004095286735727013
0
0.12367513978798543
0.5595550990804329
0
0
0
0
1656340514991906e-21
0.3480171454187983
2164867365250398e-22
617472260389359e-21
0.36106391920328723
0.24359006487442383
0.1849029336094457
0.5208738679538131
0.0004969312391068957
0.4449395825071229
0.0010908105941653133
0.49802535691890715
9463585210540502e-22
6553516663706893e-20
0.45105538969877235
0.0008949106038489033
6191331424572143e-31
0.18658470432724625
0.017105901185863588
0.19465225381512338
0.02201818964086767
0.03832074532574399
0.033842484496481195
0.10891150922296858
0.2372612479363893
0.1905592452340681
0.234439047761301
3577156958077274e-32
0.14351031527759195
0.1435363496146814
0.43147329309541493
0.5345365245701997
0.0003277225818272299
0.5346483222808712
0.6397675460201582
11.557586752362534
2.1218025539418033
2.8163930291700816
0.08754115688143395
0.48248017884430083
2.6683943483335497
4.2318879700940855
0.5627778093691873
5.054042878547655
7.087815536170676
4.3276449447177745
2.470874095371272
2.882026612429742
0.6576968897127388
30.28970654381302
619.0523608328883
4.002031489334731
3667.7278775252867
1.0999798941333019
23.218306525894228
1.1677580159102654
44.99120719998004
1.30567706651903
1.3968887530065095
1.0999788823698393
0.8615545192489924
1.0725621341059672
63.84042642024811
0
0.0007509301204214729
0.0008170294810263106
0
0.007730241602676479
0.006487066787395298
0.006085776792968758
0.004284565221926602
0.005701700729849764
0.009061979171990852
0.004506523825600199
0.009922849893553142
0.003620635723771082
0.005915678106022213
0.008230248352348184
0.016688047678288527
0.005921356809793252
0.008110863108445502
0.006592810474361027
0.008572277595778392
0.005624484210610765
0.010976651485567425
0.015380065953045599
0.011344583740270765
0.006900546971911449
0.0018993145095015397
0.007419235897630663
0.02269016033812958
0.06961503555764931
0.0407949559647227
0.1078604790925463
911952359906921e-19
0.010063562133952014
0.19551706600488994
4806092602344466e-21
0.07133449126887506
0.010876416304885252
0.0012688346350024585
548633676189403e-20
12044226422266095e-22
0.09725003458450224
0.08523975443694093
0.004135991913884066
0.03979774980981747
0.020076614000782332
0.0057686500145333495
0.012042851894995729
0.00048277051385247184
0.24337047813040188
15699129992692626e-25
0.0758160783918621
0.0003418576453634677
0.009588601441385049
0.010864612648382212
0.00015704970433166212
0.00017086085439799593
0.23877256473639727
0.00039343153354953655
0.0552612797375301
0.20668805708353383
1317921992735519e-21
25861626977473274e-22
0.0001447161500911956
12571396194585884e-21
0.0005943131427314129
17002932699381437e-21
1443227579662136e-22
10044035893557766e-22
19076810165122203e-21
0.07378522529224972
0.0745316490783281
4349895452853433e-20
0.00021266120285263468
0.019459521892104727
0.008132120880860318
0.08746564433108028
0.02002736853411722
2782848950124669e-20
0.1280113696640508
0.03800259661321698
5573476972399015e-22
0.2269315050889987
44589625993731085e-23
0.003758262550010906
0.000982121216378327
22994565953024874e-28
0.22997976242800477
0.23990544093090535
0.017967257161681443
0.22379596046161526
0.2208372662206267
0.00738102210984477
0.1722136356563257
22332184590863413e-26
4630607232188356e-21
0.000629239940824557
912026988129884e-19
0.12291182254727391
8645596928686921e-22
0.00011180873421701329
0.14915628121253624
0.0009287773129279209
0.011793477608847427
12200675187611359e-21
0.12886776236889114
0.09257831221117246
0.02106036113974462
31468616171444594e-21
0.00015343858438225308
1200667891482773e-22
0.013601929811155468
0.1501615714777709
8333314485568829e-24
1110324271533099e-20
9106297436976565e-21
9649800544760361e-20
10586352867517824e-21
0.23931488637515383
0.14912265337172476
0.0051436640093029265
0.0015472953981235519
0.04109575221729657
0.0058683978483517665
676019605425224e-19
0.028066848889424827
8323370125011721e-20
0.0007207371900648006
0.07812697571145615
9970374342236294e-22
0.23261988900553776
0.23152651066304117
0.0018266627906370803
0.0005369572641744472
58299100789067465e-25
0.0010303262995642977
10390421247956669e-24
0.010233623686184343
0.028950400297835313
0.0009035487464954436
0.00033758343624999617
0.00015453900388835603
2618177916197879e-21
0.006107410429178834
0.030233307302453914
0.021273875881904557
1125717588835555e-23
0.2212538644056448
0.06544043367773732
0
0
8177622891828407e-20
6661537284139209e-20
10336377135837826e-22
7596601703511335e-22
0.00019346685539882514
0.009712942056119313
0.005378247258211699
15204233565697833e-24
0.00013149115755486934
7328706524909751e-21
0.055113664221157016
0.013330158061503002
0.09593722404156799
38456351604891366e-23
0.05914322266716066
0.007663684033982696
0.00012013727867420028
0.11664296387413828
0.0002963877398348088
18549559457234289e-29
8514508523598163e-20
3736150519401874e-21
0.0001247090545384358
0.016231826212251596
0.0038973187651840458
0.00016353947381196664
0.00015210509790403927
379987450437729e-23
0.0005143652897432346
0.022718278542822795
13135133486832399e-24
0.0018044823525210215
0.001799435322120967
44186520364590895e-21
0.10285462022078448
433715786284624e-19
0.24113173261432905
0.0019091118358921
0.16515142107791334
0.003297969732236539
0.0007006663153386283
0.0005691489046900452
4475034924796551e-20
0.24301655911050457
12101926907691883e-21
2156742389629997e-20
0.008272009537844616
0.006426396023970648
21715984556498157e-24
8722681275740345e-20
0.003051622503178699
0.12398875179476654
0.029863611619739747
0.00010010844236349884
0.022793442388795736
0.00035406667843406006
0
0.10683700495340775
0.012273857862654643
0.24323773546977592
0.2382037811541708
0.24156011742418163
0.05112398269579014
0.029337755782358484
0.2265733734983317
0.24273707020373675
0.2237904374190278
0.23660739751399398
0.1868954942015206
0.000764953384962923
0.015631292215793676
0.13113336869474507
0.22314881346341217
0.12769404086313138
0.00029919416191061303
0.026705887490489424
0.21437739259114008
0.1082812254259541
0.15220139154158488
