1.5370550354767631
1472100660736252e-47
6423635163213225e-31
0
15294474627597315e-21
11815672193852672e-26
1535610805999735e-20
0
1545957367545403e-20
0
0.0012840266339522576
0
10.322842692692683
0
8.877381438770954
0
33.83853002590347
27.35643030053528
0.0008073062931163195
0.01897822852329236
22307243445298846e-94
7.941265787701898
0.2518593853741392
32933398431606864e-34
0
27185007100645435e-21
43127429937268656e-23
0.001426739120366386
0.006905130743620226
0.007042986588937803
0.012527892593451766
17268074172384167e-22
15192419050342175e-25
0.0012203143265861192
18904504838631768e-22
15434050060906942e-23
18898539226499496e-30
3162830877797272e-20
3618410768723102e-20
3.048598391790612
3.039995991173628
0
1.0656654138917805
0
3.021971071877966
3.0543598470808933
4.325219938252465
0
5.299649566221424
0
4.41928585977485
0.5671127684046766
15.469844603377236
14.468305822357324
0.18925605794804803
52.24013045847391
25.385465446355248
1.2851984550575029
0.00028970016963410266
0.012390990067118498
0.17474822068150675
35.4631129875625
0.5881539426608521
0.23764677718179278
2.160797737102122
0.7268746552084703
20.978641098709016
0
20.97400530693885
0
16.318122071104398
0.0001302011672994984
0.00013019332194650577
0.004298374303308041
5.111695180384311
0.13683689251966466
0.07589206940981465
0
0.0003583869786915011
0.8109677708823074
0.06817204248432276
0.027036554557440442
0.010501071025362558
0.0001978202668813646
0.00010917979887089442
0.0011550535226689108
2.0161964536355668
0.40660510756628776
0.004004088446595342
0.0002993064430671914
0.00043363198847622353
0.006577956605863985
0.00580407398350932
7617722651633655e-23
0.07222492305440417
1.0577493602427135
0.01982121409581429
12611445786280846e-27
13987445375436824e-22
11284592010659568e-21
0
0.8011413312604762
0.4206766721332886
0.044288737237925174
0
0.2884065441864363
0.018634330207865393
0.0665751767397544
0
0.0004125215600908193
0
0.1234948047907909
0.5495339398317807
0
0
0
0
15774406478732697e-22
0.34568651562289016
20276880668674074e-23
43999703505016146e-23
0.3588864635538575
0.2384774508268278
0.18499293363422162
0.5191300953603247
0.0005044338050340575
0.4390744517182475
0.0010784329823117702
0.49243318805441405
9456190400744695e-22
6640128436973626e-20
0.45802787419492924
0.0008634515437457906
28328581231330347e-32
0.1858713876279301
0.015384080096648644
0.1932109934153561
0.022054634770118698
0.038712672068274
0.030248022484287637
0.10133913122986495
0.236117887588097
0.19198078247323874
0.23301736527742686
1632364541031143e-32
0.1412511126544747
0.14127760060974687
0.42944570563364426
0.5327086852544421
0.00032344850139577635
0.5328283388576166
0.645227424901537
11.554158764585946
2.1227487863964165
2.8163333729053837
0.08672236319600256
0.48235691750929305
2.6703722938555168
4.231631528379401
0.5589910246471361
5.061728549564126
7.099959180229964
4.280927789331527
2.4695027976756343
2.8861794072643714
0.6602568953222161
30.286110614771925
619.0429364069828
4.002026702622649
3598.9785925177553
1.09997953835585
23.218293142258226
1.167496594307212
44.983404489020856
1.3056998107978413
1.396885524928684
1.0999785265088133
0.8580444312746378
1.0716650136209895
56.819179790777056
0
0.0007451899030955458
0.0008123950128447194
0
0.0076035074504263505
0.0063636015034267066
0.0059835223169814
0.004146549023971773
0.005670394108657026
0.009012607853888329
0.004383522723449869
0.009867286179375887
0.0035118712551682725
0.005816265326114011
0.008141497815214196
0.016614498103453876
0.005793764956093375
0.008049465707176512
0.006488742803777883
0.00851403835649674
0.0056625680651131004
0.010913050444495953
0.015174864604526418
0.011247802374775412
0.006836167201655532
0.0018992178235446844
0.007417748154201233
0.022675907838188174
0.06946939506609627
0.040747480416251806
0.10748186700345846
9119501369303817e-20
0.010060813739369573
0.19388162661398187
480609198501263e-20
0.0711810622608395
0.010873201955718741
0.0012687915260157021
5486335957442707e-21
12044226034571373e-22
0.09694941014427742
0.08501455448422747
0.004135531872918286
0.039752643818993336
0.020065502331045103
0.005767752868564504
0.012038903998637229
0.0004827642804259648
0.23892580271146116
15699129992033946e-25
0.0756412496627938
0.00034185452040508014
0.009586108179559624
0.010861405330795238
0.0001570490449943518
0.00017086007397953027
0.2337017464630854
0.00039342739426250606
0.055171920276848294
0.20475597897367387
13179219463148336e-22
2586162518997905e-21
0.0001447155902570486
12571391970755399e-21
0.0005943036945402138
170029249727534e-19
14432275740953954e-23
10044035623940042e-22
1907680043865339e-20
0.07362029273377656
0.07436311782700296
43498903955711014e-21
0.00021265999379748137
0.019449093055988673
0.008130331544537062
0.08722744271211726
0.020016312176735385
278284688032344e-19
0.12745155854115592
0.03796159334793456
5573476889378756e-22
0.2242593429520968
44589625462358397e-23
0.00375788291798862
0.0009820953996671632
2299456595302344e-27
0.22715573985126283
0.23492922106546166
0.017958387514591344
0.22126459461475595
0.21501337672508605
0.007379549738758904
0.17105785726004358
2233218459073014e-25
4630606659115047e-21
0.0006292293489381045
9120247647894773e-20
0.12240229150791067
8645596728920816e-22
0.00011180840005625835
0.14835111908612125
0.0009287542263721635
0.011789692985903004
12200671209225133e-21
0.128299192942515
0.09230858381774808
0.021048114630677073
3146858970430366e-20
0.00015343795502067919
12006678876299678e-23
0.013596881306512248
0.14934310476510443
8333314483712878e-24
11103239420461887e-21
9106295220715775e-21
9649775654427853e-20
10586349872282879e-21
0.23585197977870712
0.14831793349714809
0.005142951407740251
0.0015472312644612162
0.041047549157109245
0.0058674692672565755
6760183839242531e-20
0.028044850430494483
8323351607449459e-20
0.000720723292003467
0.07794047928389887
9970374076558748e-22
0.22718978512061558
0.22604828831517604
0.001826573369766866
0.0005369495522974093
58299100779983955e-25
0.0010302978842976502
10390421245071332e-24
0.010230780871325486
0.028926961069183174
0.0009035268979425454
0.0003375803889646581
0.0001545383654661419
26181777329954224e-22
0.0061064043012399585
0.030207690643887654
0.021261375528254814
11257175884968741e-24
0.2154403290099566
0.06531275080352746
0
0
8177605017134653e-20
6661525423078784e-20
10336376850296713e-22
7596601549280754e-22
0.000193465854776382
0.009710383221472465
0.0053774678982496694
15204233559519664e-24
0.00013149069537621942
73287050894510365e-22
0.05502480520048475
0.013325311339824113
0.09564548762401764
3845635120964515e-22
0.059040142451099634
0.007662096044944085
0.00012013689287175272
0.11619102092793886
0.0002963853910429933
18549559457234183e-29
8514489145738293e-20
3736150146338652e-21
0.00012470863881132706
0.016224607039947558
0.003896910434585127
0.00016353875885019806
0.0001521044794353331
3799874503991396e-24
0.0005143582133941473
0.022703990050768095
13135133482221352e-24
0.0018043950929836582
0.001799348550679683
44186468180320725e-21
0.10251419179181176
43371528351394965e-21
0.23747052635980706
0.0019090141484418308
0.164113894235858
0.0032976776000151037
0.0007006531809530575
0.0005691402399921605
4475029572338981e-20
0.23846136438457782
1210192299344514e-20
2156741146427567e-20
0.008270157714123953
0.006425281510406667
21715984543894667e-24
8722660938688154e-20
0.0030513724766802306
0.12346886530897418
0.029838632843384373
0.0001001081744850468
0.02277905745377132
0.00035406332622030365
0
0.10646640709425115
0.012269755583898456
0.23919044294873856
0.23484129960074238
0.23784214884177646
0.05104806738888944
0.029313669798052
0.22091157342556464
0.23882061431339377
0.2180444586019709
0.233372295223904
0.1854559704056255
0.0007649377283032447
0.015624603663706552
0.1305411804141789
0.22064489094351802
0.1271374517125985
0.00029919176841789136
0.026686014948244113
0.21220365614093406
0.1078992873218982
0.1513554244607198
