1.5556305339677652
5775658283897712e-49
16506511904734411e-32
0
13576411032473696e-21
10516611083719215e-26
1363128843841207e-20
0
1372321034180084e-20
0
0.0012474149189205495
0
10.530445169155254
0
9.035328202365529
0
34.06136224438557
27.384881015696003
0.0007453107861284836
0.01591763338331266
7029833778943052e-94
7.9102868075326445
0.25061311968983097
8352527874040761e-34
0
19788953622682157e-21
30755638989009977e-23
0.0014126294630716282
0.006903781703360691
0.006907723840691567
0.012404046138194532
16820928130406487e-22
14388860379672112e-25
0.001196946170714851
183958820514129e-20
14819571435505393e-23
182610057426462e-28
2303151333492127e-20
26349629503198095e-21
3.065178331137135
3.057430524449564
0
1.0764247176804589
0
3.0404930824692737
3.063848781750148
4.318418844007413
0
5.2901831566540265
0
4.418607040728706
0.5624973879431666
15.456276025406064
14.460594919565855
0.1808916642331999
51.606125836565134
25.3743642233151
1.275642043166499
0.00016028636348882112
0.012384984607199317
0.1746704139318178
35.448909269714264
0.5913817427485518
0.2385226123381877
2.1534705488267716
0.7043381861914372
20.92628043304837
0
20.92527164711264
0
16.31625892747439
0.00013228321420988588
0.00013227524448989944
0.00426864940339383
5.111165942404883
0.13633874118150874
0.07532415711469184
0
0.0003645947043040463
0.8017328329210436
0.06825907677212273
0.026971290359207773
0.01072366001521745
0.0002018219330690413
0.00011023018533685496
0.0011412426429300462
2.014257941917477
0.40634129643129396
0.003933096201787036
0.0002990892004077136
0.0004415256820483067
0.006534491168484586
0.005770528888816818
7257664179061023e-23
0.0724156829524636
1.0754574368753278
0.019832060900784747
11987113972159177e-27
1346041090165994e-21
1133537679958981e-20
0
0.8003272623159167
0.416736564619322
0.04489425917598783
0
0.2856814502289947
0.01832873039031629
0.06642211397222669
0
0.0004234577560351313
0
0.12336971231609871
0.5426429417415892
0
0
0
0
15373708618507368e-22
0.3441833111069716
1960296935764742e-22
36127962968347586e-23
0.35736623016483904
0.23490023456508302
0.18501325596578996
0.5179283084017741
0.0005090009718294676
0.4355904458112948
0.0010698044430624129
0.48854413953979475
9450946768348065e-22
6692163383331964e-20
0.46235348429121975
0.0008462655990909778
16409136509747784e-32
0.18533093123070232
0.01427770714218421
0.19220915280269837
0.02205245246652885
0.03895093848371368
0.02795229654539661
0.09632900786151002
0.2353078366640656
0.192808954608579
0.2318473230801796
9433058802003778e-33
0.13954017751977435
0.13957412346652717
0.42802033150879437
0.531430022379141
0.0003205803256019921
0.5315550745387723
0.648521100970203
11.541167904884118
2.1234317669924283
2.816458969013585
0.0861946751701129
0.4818844127782788
2.671804187304432
4.231871711160094
0.5565534464034533
5.0620712550043
7.0991061394365795
4.244792693526604
2.468561679614316
2.8850901349497433
0.6615684478332294
30.25938757227441
619.0363861475947
4.002023375674267
3551.955709581261
1.0999792910767001
23.218283840113294
1.1673149305625738
44.9779820974421
1.3057151871647439
1.3968832806526486
1.0999782791715706
0.8556111546419346
1.071041921921328
35.78414108352325
0
0.0007409785551744173
0.0008091311488863343
0
0.007515416999644784
0.006269044332855768
0.005903948477210984
0.004046948515003396
0.005638949928258548
0.008967695036344057
0.004293163940929193
0.009811544382040184
0.003432882343599439
0.005738914717538868
0.008067454929425818
0.016536841736268026
0.005697208395345038
0.007994339567671026
0.0064072341257825636
0.008460445292925653
0.005683560644156434
0.010851824827376826
0.015010421412087869
0.011163449244623333
0.006780851160440168
0.001899150625929637
0.007416714290178485
0.022666007068246837
0.06936834875899174
0.04071451560622841
0.10721949996391186
9119485918781009e-20
0.010058903940003897
0.19275299756021172
4806091555942953e-21
0.07107461754356098
0.010870968417162757
0.0012687615644498276
54863353983177044e-22
12044225765108413e-22
0.09674101201135242
0.08485838229217385
0.004135212156630852
0.039721323512071076
0.02005778290967242
0.005767129399284143
0.012036160818941523
0.00048275994799861887
0.23588448485793956
15699129991576133e-25
0.07551997440492447
0.000341852348453839
0.009584375647162838
0.0108591766776212
0.00015704858673081323
0.00017085953156033127
0.23024090295590796
0.00039342451732208813
0.05510989709489399
0.2034237582112036
13179219140506458e-22
25861623947600864e-22
0.0001447152011517379
12571389035029166e-21
0.0005942971277669816
1700291960244736e-20
14432275702262923e-23
10044035436545203e-22
19076793678380794e-21
0.07350587538779563
0.07424620656076272
43498868805659234e-21
0.0002126591534610012
0.019441847900250622
0.0081290881178679
0.08706226552389684
0.020008631172449803
2782845441731694e-20
0.12706391069291187
0.03793312054126905
5573476831676435e-22
0.2224206431035192
44589625093033656e-23
0.0037576190815027336
0.0009820774564448576
2299456595302246e-27
0.22521338656836115
0.23153148509148397
0.01795222534297811
0.21952208217020264
0.2110562625370822
0.007378526556393233
0.17025911848437364
22332184590637502e-26
4630606260806767e-21
0.0006292219872685699
9120232194842952e-20
0.12204939231690319
8645596590075577e-22
0.00011180816780207737
0.14779406164441602
0.0009287381806527235
0.011787063240661986
12200668444092168e-21
0.12790549334387666
0.09212157510903027
0.02103960702391976
3146857130862063e-20
0.00015343751759133763
12006678849521176e-23
0.013593373502532414
0.1487768677675321
8333314482422915e-24
11103237130399818e-21
910629368032833e-20
9649758354712938e-20
10586347790478168e-21
0.23347468503711885
0.1477611812009879
0.005142456179991293
0.001547186690628198
0.04101407945768848
0.005866823953700272
6760175349346951e-20
0.02802957080022895
8323338737045084e-20
0.0007207136324661699
0.07781111929018371
9970373891902488e-22
0.2234904964268369
0.22231725001907868
0.0018265112213499335
0.000536944192307064
58299100773670565e-25
0.0010302781350397109
103904212430659e-22
0.010228805469223034
0.028910681069886836
0.0009035117126565915
0.00033757827099859493
0.00015453792173933468
261817760566257e-20
0.006105705100683567
0.030189898852805288
0.021252691621452748
11257175882614784e-24
0.21148991794867728
0.06522415300070931
0
0
8177592593547738e-20
6661517179191209e-20
10336376651834494e-22
7596601442084482e-22
0.00019346515930777135
0.009708605128607876
0.005376926279179692
15204233555225587e-24
0.0001314903741449726
7328704091751358e-21
0.054963129118445364
0.013321943717148274
0.09544324216735557
384563509349336e-21
0.05896860352473429
0.007660992524404084
0.00012013662472472093
0.11587793484075311
0.00029638375855195643
18549559457234122e-29
8514475677395212e-20
37361498870451713e-22
0.00012470834986557413
0.01621959132479346
0.003896626654080133
0.00016353826192570022
0.00015210404957692052
37998745037231844e-25
0.0005143532951126395
0.022694064285013135
13135133479016489e-24
0.0018043344466844664
0.001799288243605485
44186431910252145e-21
0.10227824469076932
4337149340690478e-20
0.23495864148250115
0.0019089462547949507
0.16339661454113494
0.0032974745719604333
0.0007006440521873937
0.0005691342177665911
4475025852175798e-20
0.23534571906075047
12101920272891598e-21
215674028235377e-19
0.008268870868555048
0.006424506993832189
21715984535134755e-24
8722646803670918e-20
0.0030511987105706607
0.12310880853937722
0.029821283926959992
0.00010010798829948775
0.022769064710401715
0.00035406099631957844
0
0.10620958463897984
0.012266905147709345
0.23641715365669477
0.23253224351005156
0.23529177748753177
0.05099536970092375
0.0292969407479429
0.21705995587963814
0.23613580877826545
0.21413791289849693
0.2311498651541589
0.1844619815716157
0.0007649268465023465
0.015619956544865225
0.1301311624735935
0.21892113630289317
0.12675203024354756
0.00029919010485829415
0.026672211467094527
0.21070582143658476
0.10763461929661532
0.1507702156757463
