1.557256674601948
4348928933258105e-49
14655481443562727e-32
0
13435483511630584e-21
1040990146655295e-25
1348981242118783e-20
0
13580791662816287e-21
0
0.001244613326034762
0
10.595788893959485
0
9.051875389695288
0
34.07987884435191
27.387321159280315
0.0007409801357629587
0.015670039477628378
6353741545386047e-94
7.907742120055016
0.25044221345712225
7407759393618099e-34
0
19246429339206973e-21
29861066600278174e-23
0.0014115399920496521
0.006903663622321546
0.006897301057005021
0.01239448378860108
1678705934104849e-21
14327406009305914e-25
0.0011951462855424731
18357172780922847e-22
1477353220879867e-22
18211982219316653e-30
22400741024932638e-21
25628026849149978e-21
3.0665446680949406
3.058876622620829
0
1.077362906864863
0
3.042343076346573
3.0719796195603712
4.317823969639708
0
5.289354976721721
0
4.418547577600882
0.5621056042946054
15.455201842022872
14.460034226937413
0.18042764745577028
51.3241113921583
25.374085791398688
1.2748028981961976
0.0001378396585721277
0.01238479107793746
0.17466819271599932
35.446140919419584
0.5915972428529005
0.23858641527067995
2.152832796904324
0.7024610825630683
20.921299089271304
0
20.921904530211233
0
16.314606780340785
0.00013246816035984916
0.00013246016034341223
0.004266259619024548
5.111122486856474
0.13629790140598652
0.07527618082880738
0
0.00036506479067245157
0.8009215437001778
0.0682476301579739
0.02696425411650736
0.01074325713308194
0.00020218430403305148
0.00011032892818322031
0.0011400943880652786
2.013633292208873
0.406322067800108
0.00392681482810941
0.00029906776176135904
0.00044220994130519833
0.006529295760124442
0.005766016871178037
7229749030478157e-23
0.07241280310552213
1.0773123418352275
0.019827311542857416
11937569916138367e-27
13420395666075388e-22
11339530745381156e-21
0
0.8002521836658176
0.4163739959395212
0.04494684612220725
0
0.285449668155726
0.018302183257743923
0.06640885659291453
0
0.00042702161146608374
0
0.1233587728712841
0.5420426650588646
0
0
0
0
15342153509053478e-22
0.34405398869987736
19552478160972515e-23
3556475056796606e-22
0.3572328949943815
0.23456127057851436
0.18501369618256508
0.5178234370852025
0.000509397415142762
0.435299869266494
0.0010690509446157602
0.48820476500075505
9450483656951622e-22
6696683691528142e-20
0.4627136258617287
0.0008447681659223902
15640748036720402e-32
0.18528258266824407
0.014184243112279804
0.19212145799566233
0.022044227144207083
0.03896226085891723
0.027758877007867704
0.09589992847937497
0.23523633858094886
0.19284007522808008
0.23168528127734675
8987972978031222e-33
0.1393489663734187
0.1393866324529142
0.42789490344027387
0.5313177583302049
0.0003203306753924511
0.5314432798704567
0.6486831373500203
11.53687515156828
2.123489671417456
2.816464600816796
0.08614932105647664
0.4817279574234135
2.6719253682766033
4.231879304960541
0.5563438396224266
5.060948228173208
7.0969777456385765
4.240658833366948
2.4684745760102507
2.884136656767044
0.6615514021836675
30.250851439744263
619.0358127265545
4.002023084425905
3547.868584758065
1.0999792694293336
23.218283025782924
1.1672990286582046
44.977507440285734
1.305716516944256
1.39688308415987
1.0999782575191184
0.855398391098936
1.070987392328009
31.47835808655139
0
0.0007404612039232686
0.0008088425464052616
0
0.007507672194123681
0.006258504489514513
0.005894839727167664
0.004036890216729867
0.00563413959220894
0.008961532604975416
0.004283770304588249
0.009802967945369835
0.0034248071647272147
0.005730061319700441
0.008058034884505254
0.016523912700674135
0.005686705658685237
0.007986614718500191
0.006397801632288194
0.008452703800925124
0.005683472893317432
0.0108425292092289
0.014990548508732214
0.011152051811410012
0.006773510891250658
0.0018991447434134818
0.007416623790272087
0.02266514053853775
0.06935950993914011
0.04071163106293476
0.10719656227699284
9119484566208973e-20
0.010058736769159502
0.19265450815847024
4806091518381237e-21
0.07106530671602276
0.010870772910049904
0.0012687589415810992
54863353493706545e-22
12044225741519024e-22
0.09672278971157768
0.08484472429400826
0.004135184169129463
0.03971858283739797
0.020057107275666074
0.005767074822598831
0.012035920704619648
0.00048275956873010156
0.2356200911459855
15699129991536056e-25
0.07550936695836535
0.0003418521583170323
0.009584223992313056
0.01085898159811377
0.00015704854661346298
0.00017085948407582485
0.22994038374729578
0.0003934242654692986
0.05510447076725209
0.20330754606799556
1317921911226167e-21
258616238388403e-20
0.0001447151670886396
12571388778029166e-21
0.0005942965529004373
17002919132318854e-21
14432275698875824e-23
10044035420140241e-22
19076793086571545e-21
0.07349586750659647
0.07423598064114612
4349886572854653e-20
0.00021265907989622657
0.019441213771625058
0.008128979274572425
0.08704782044195203
0.02000795890050129
27828453157941942e-21
0.1270300313122034
0.03793062898499891
5573476826625045e-22
0.22226039864503025
44589625060702144e-23
0.003757595985549167
0.000982075885670699
22994565953022378e-28
0.2250441413051662
0.23123638930235207
0.017951685993374444
0.21937019355003975
0.21071333427283248
0.0073784369914767205
0.17018937290199712
22332184590629393e-26
4630606225937972e-21
0.0006292213428156733
9120230842049521e-20
0.12201854720936682
8645596577920754e-22
0.00011180814747005049
0.14774539527876931
0.0009287367759877952
0.011786833054813603
12200668202026281e-21
0.12787108556479515
0.09210522199499555
0.021038862412733977
3146856969822196e-20
0.00015343747929785526
12006678847176925e-23
0.013593066464618175
0.1487274004325319
8333314482309987e-24
11103236929922691e-21
9106293545479384e-21
9649756840258724e-20
10586347608232351e-21
0.23326771552941122
0.1477125414615235
0.005142412828917942
0.0015471827885964091
0.04101115074487733
0.005866767464888588
6760174606123034e-20
0.028028233583611437
8323337610342081e-20
0.0007207127868548591
0.0777998050529819
9970373875737267e-22
0.22316953409735366
0.22199357293965072
0.0018265057808393413
0.0005369437230840823
5829910077311788e-24
0.0010302764061635734
10390421242890341e-24
0.010228632556267811
0.02890925631860866
0.0009035103833148854
0.00033757808558774696
0.00015453788289455936
26181775945155682e-22
0.006105643894916144
0.030188341818591247
0.02125193158171205
11257175882408712e-24
0.21114755773186245
0.06521640267462003
0
0
8177591505960083e-20
6661516457503361e-20
1033637663446067e-21
7596601432700281e-22
0.0001934650984250146
0.009708449485886339
0.005376878867233281
15204233554849673e-24
0.000131490346023709
7328704004410507e-21
0.054957733148421783
0.013321648948453153
0.0954255575189957
3845635091088474e-22
0.05896234497522808
0.007660895927316825
0.00012013660125055923
0.11585056677776576
0.00029638361564047225
18549559457234114e-29
8514474498347386e-20
37361498643460415e-22
0.00012470832457064934
0.016219152311702796
0.003896601812284539
0.00016353821842389146
0.00015210401194621262
3799874503699705e-24
0.0005143528645575279
0.022693195567899366
13135133478735929e-24
0.001804329137668988
0.0017992829642857068
4418642873509074e-20
0.10225761522367446
4337149034778739e-20
0.23474001436365685
0.0019089403113483779
0.16333397170631692
0.0032974567990260175
0.0007006432530405163
0.000569133690570545
44750255265045494e-21
0.23507491407075257
12101920034728293e-21
2156740206710836e-20
0.008268758224751436
0.006424439195365506
21715984534367893e-24
8722645566261023e-20
0.0030511834991683085
0.12307733839235464
0.029819765644319957
0.00010010797200040446
0.02276819013202553
0.00035406079235559396
0
0.10618713134002568
0.012266655645682403
0.23617590981023057
0.23233118758644009
0.23506981837206217
0.050990759018039185
0.029295476704074754
0.2167259904680464
0.23590221661455835
0.21379927523984493
0.23095631908247663
0.1843752195869836
0.0007649258938925557
0.015619549791501404
0.13009532995022047
0.2187708775481958
0.12671834525864104
0.0002991899592270111
0.026671003419453543
0.21057520200348812
0.10761148059376195
0.15071909302864986
