1.5581044431874165
37510806714164697e-50
13774334721537838e-32
0
13362577041718824e-21
10354690172919467e-26
1341662626844377e-20
0
13507122382504455e-21
0
0.0012431775187006105
0
10.641477855011882
0
9.06132214238207
0
34.089486931157325
27.38858973987363
0.0007389392083554353
0.015541561184113652
6027407415945263e-94
7.9064375449337785
0.25033694830008874
6958418207635063e-34
0
1896951531693285e-20
2940518265625173e-22
0.0014109812405773104
0.006903602063258773
0.006891958594800747
0.012389579624022718
16769727070613756e-22
14296244529694165e-25
0.0011942237657092195
18337349999274826e-22
14750355391650454e-23
18186838210696033e-30
22078774151624598e-21
25259696235173433e-21
3.0672432974562653
3.05962414157122
0
1.0778511297573299
0
3.0433827428000777
3.0778940745656125
4.3175138716094645
0
5.288922829052929
0
4.418516566054754
0.5619051673269886
15.454664555834112
14.459764834354537
0.18019827045116302
51.10851314358765
25.37412484584552
1.2743653141479965
0.00012498548966068267
0.012384778665881967
0.17466830860288007
35.444406800509924
0.5916974823607183
0.2386161711373317
2.152500531840944
0.7014877802777993
20.918608643198883
0
20.92041791834748
0
16.31338257039315
0.00013256505095906874
0.0001325570322190309
0.004265054308426787
5.111100122997375
0.1362769506968803
0.07525133857299954
0
0.00036529220749651316
0.8004989591348938
0.06823705369406974
0.02696029816246611
0.010753447060022394
0.0002023778944678566
0.00011038298369785305
0.001139499012254202
2.0131941897105827
0.4063123472592145
0.003923378543879222
0.0002990567635314678
0.00044256522403284
0.006526122179533089
0.005763109512112203
7215390369944678e-23
0.07240700148658238
1.078371593933472
0.019823494491652213
11911401998959096e-27
13399863597112545e-22
1134169201648717e-20
0
0.8002128221231767
0.4161815333094743
0.04497408487120648
0
0.2853293375856386
0.018288351047285947
0.06640201617772618
0
0.0004295292469358756
0
0.12335307080087371
0.5417299173376608
0
0
0
0
15325619744050133e-22
0.3439863953739988
19526610932529323e-23
3527808918281552e-22
0.35716336652321673
0.234377590969462
0.18501384732786344
0.5177687827844488
0.0005096068363122342
0.4351490206094145
0.0010686582907320679
0.4880279265691395
9450241959675622e-22
6699076127778499e-20
0.46290026577237114
0.0008439570312624631
15254184174571805e-32
0.18525729560572232
0.014135729197074797
0.1920757402786878
0.022037941500468915
0.038965810107833676
0.02765851107976073
0.09567679416705088
0.23519902711590696
0.19284612912755353
0.23158575835606202
876375142506208e-32
0.13923894077406834
0.1392795339763552
0.4278294685015162
0.5312592098006766
0.0003202002699097082
0.5313849756527262
0.6487366842414819
11.533848929493757
2.123519354715335
2.8164656528117646
0.0861256236343077
0.481617634553569
2.6719874220852544
4.231878544907671
0.5562342763367594
5.060078881238585
7.0953627810497375
4.238263567618096
2.4684278177781205
2.883428096694331
0.661509759547438
30.24484153989908
619.0355137806998
4.002022932587132
3545.739677443502
1.099979258143743
23.21828260124173
1.1672907384802251
44.97725998555314
1.3057172091943616
1.3968829817192978
1.0999782462308774
0.8552874855012906
1.0709589650899045
28.92010737832265
0
0.0007401524766574298
0.0008086916524754514
0
0.007503626009968202
0.006252450206088069
0.005889562960280788
0.004031302535147056
0.0056311375905881145
0.008957782673157465
0.0042784988879533475
0.00979760709267102
0.0034203011667030122
0.005724932545890889
0.008052405643749325
0.016515680302894513
0.005680722594729896
0.007981880991938384
0.006392318431616429
0.008447924807792799
0.0056829397884817345
0.010836724881594565
0.014978840309309426
0.011145130575971973
0.006769074165184885
0.0018991416766426597
0.007416576609687645
0.022664688796980442
0.06935490237485135
0.04071012732251632
0.10718460593974559
9119483861062118e-20
0.010058649617780533
0.1926031818686666
4806091498798894e-21
0.07106045311336162
0.010870670986195588
0.001268757574182629
5486335323852708e-21
12044225729220983e-22
0.09671329109905435
0.08483760473502924
0.004135169578262098
0.03971715409507668
0.020056755051142836
0.005767046369914438
0.01203579552584624
0.00048275937100320415
0.23548237025172863
15699129991515161e-25
0.07550383748634146
0.00034185205919156915
0.00958414492985849
0.010858879897181739
0.00015704852569877584
0.00017085945932036181
0.229783867308208
0.00039342413416898253
0.05510164202940823
0.20324698661488322
13179219097536595e-22
25861623782139305e-22
0.00014471514933026195
12571388644045352e-21
0.0005942962532009965
17002918887223097e-21
1443227569711e-19
10044035411587714e-22
1907679277803902e-20
0.07349065056016434
0.07423065004122113
43498864124331446e-21
0.00021265904154413865
0.01944088318460291
0.008128922531025831
0.08704029062513355
0.02000760842867825
27828452501382168e-21
0.12701237229276635
0.037929330107426815
5573476823991564e-22
0.22217690293954181
44589625043846506e-23
0.0037575839448117736
0.0009820750667677465
2299456595302233e-27
0.22495595779506616
0.23108269389494604
0.017951404816463044
0.21929104995122356
0.21053477382715938
0.00737839029833107
0.17015302322426673
22332184590625164e-26
4630606207759552e-21
0.0006292210068382779
9120230136787247e-20
0.12200246958027358
8645596571583985e-22
0.00011180813687019774
0.14772003001796322
0.0009287360436837101
0.011786713052011802
12200668075828184e-21
0.12785315115961898
0.09209669764969608
0.02103847422922489
3146856885866028e-20
0.0001534374593340191
1200667884595478e-22
0.013592906396896809
0.14870161776366866
8333314482251115e-24
11103236825406386e-21
9106293475177534e-21
9649756050716586e-20
1058634751322072e-20
0.2331598872704684
0.147687190076413
0.005142390228509533
0.0015471807543236322
0.04100962397911046
0.005866738015351309
6760174218652341e-20
0.028027536467337143
8323337022949274e-20
0.0007207123460061097
0.07779390716584725
9970373867309725e-22
0.2230023871384334
0.22182501476683933
0.0018265029445019287
0.0005369434784605666
5829910077282973e-24
0.0010302755048362368
10390421242798814e-24
0.010228542411366805
0.028908513569752
0.0009035096902795766
0.0003375779889261032
0.00015453786264331342
2618177588704215e-21
0.006105611986279142
0.03018753010964089
0.02125153535504244
11257175882301279e-24
0.21096929224725586
0.06521236250186477
0
0
8177590938959582e-20
6661516081260234e-20
10336376625403037e-22
7596601427807943e-22
0.00019346506668453951
0.009708368344441354
0.005376854149759096
15204233554653694e-24
0.0001314903313630336
732870395887642e-20
0.05495492023534728
0.013321495276975763
0.09541633914277163
38456350898347165e-23
0.058959082420199045
0.007660845568086598
0.00012013658901259317
0.1158363013353509
0.00029638354113534037
18549559457234112e-29
8514473883665247e-20
3736149852512127e-21
0.00012470831138345083
0.016218923442294936
0.003896588861380208
0.00016353819574475866
0.00015210399232790575
3799874503687464e-24
0.0005143526400930149
0.0226927426860154
13135133478589662e-24
0.0018043263698847177
0.0017992802119828756
4418642707975915e-20
0.10224686195276686
4337148875295393e-20
0.2346261164674557
0.001908937212812338
0.1633013231529224
0.003297447533361426
0.0007006428364154004
0.0005691334157235103
4475025356719826e-20
0.2349338567874627
1210191991056476e-20
21567401672753156e-21
0.00826869949988688
0.006424403849745581
217159845339681e-22
8722644921152537e-20
0.0030511755689193
0.12306093500541793
0.029818974136838903
0.00010010796350307724
0.022767734194578417
0.0003540606860215051
0
0.10617542746894221
0.012266525572856323
0.23605023791139962
0.23222643848154706
0.2349541857406108
0.050988355460072465
0.029294713471674932
0.21655208549318197
0.23578052784034673
0.2136229430498531
0.23085548047457552
0.1843300034690485
0.0007649253972615308
0.01561933773979686
0.13007665301419027
0.21869258288207316
0.1267007875528042
0.00029918988330394604
0.026670373640248938
0.21050713726940293
0.10759941948593016
0.1506924477347655
