1.5596767724084508
28511470261089897e-50
12277956368706968e-32
0
1322834631227284e-20
10253031188137114e-26
13281894938350769e-21
0
13371517202117938e-21
0
0.0012405604377738295
0
10.760873597171045
0
9.081108411196661
0
34.10724154923008
27.390935972533505
0.0007357703911337642
0.01530334674085494
5465698682717413e-94
7.904077075224082
0.2500928318884763
61959810468601395e-35
0
18466435531554027e-21
28578214238992674e-23
0.001409962265622528
0.006903487893523976
0.006882223604737862
0.012380636131376424
16738183748009094e-22
14240535987730843e-25
0.0011925428687304632
18301248573116835e-22
14709383367806256e-23
1814096716112499e-29
2149382863083921e-20
24590515957783456e-21
3.068502114478205
3.060996231082127
0
1.0787544821069006
0
3.045516590345714
3.0938188790010916
4.316938801625136
0
5.288120170884623
0
4.418459019104247
0.5615439442628766
15.453727855821938
14.459325512027112
0.17979446450040693
50.47988399717023
25.374700432386764
1.2735535804253613
9912383059284936e-20
0.012384997393234804
0.1746720141619672
35.440408104494374
0.5918519615082156
0.23866162870368518
2.1518846791921926
0.6996917516909636
20.91335665117358
0
20.918528442539674
0
16.310016748592165
0.00013274590195670288
0.00013273784179092054
0.004262928080960294
5.111059407661851
0.13623900049472906
0.07520569842700256
0
0.00036566130808604196
0.7997163856075619
0.0682036208517123
0.026952109927043427
0.010772250957061375
0.0002027498614624703
0.00011049035448402915
0.0011384002561579283
2.0120381324076733
0.40629494587682796
0.003916462727464497
0.00029903726694806423
0.0004432203193592256
0.006518872868811222
0.005756095388248235
7189087174497546e-23
0.0723835025249414
1.0805909719807816
0.01981240701302669
11861255446960154e-27
13362334725301807e-22
11345715401025746e-21
0
0.8001394495569077
0.41581531100499264
0.04502407894347737
0
0.28510718085015724
0.018262704777868455
0.06638953157966929
0
0.00043613380463465037
0
0.12334249772411658
0.5411502464274643
0
0
0
0
15294283389633126e-22
0.3438603328345908
1947939514211401e-22
3475872435979318e-22
0.3570343854991291
0.23401572737638554
0.18501398828430288
0.5176674504972532
0.0005100037649815431
0.4348702015166689
0.001067930377244222
0.4877001187237013
9449793220266036e-22
6703623964992663e-20
0.46324443533422643
0.000842348427906407
14561427235737235e-32
0.18521023154705038
0.014046135844709151
0.1919909508509687
0.022020276877977286
0.03896532378236572
0.027473214929010895
0.09526390261783768
0.23512976012212616
0.19282678665447642
0.23135580447704263
8360997127907276e-33
0.13900374348979896
0.13905312567200942
0.4277080236050328
0.5311505834910092
0.00031995753343943217
0.5312768014371573
0.6487430759088456
11.525862439697947
2.123573024371702
2.816462308572081
0.0860814484780142
0.4813264041095181
2.6720994322287086
4.231863872191443
0.556029908704682
5.057609813633392
7.090841501863552
4.233098255846955
2.4683368807438115
2.881474639854718
0.6613339193449388
30.22896035577602
619.0349593357879
4.002022650976643
3541.794642430043
1.0999792372127208
23.218281813858802
1.167275363108721
44.976801042796545
1.3057184912657163
1.3968827917234774
1.0999782252949377
0.8550818216399921
1.0709062439979726
23.559177052714315
0
0.000739461935555275
0.000808410687194161
0
0.007496098048822315
0.006239536859802693
0.005878187087602175
0.004019898327900227
0.005624087611123653
0.00894921383092807
0.004267592504429579
0.009784996305183948
0.0034110486396387693
0.005713875837154196
0.008039805933454271
0.016495928924906717
0.005668097263021787
0.007970978291435485
0.006380446388128024
0.00843682822777933
0.005680477982562067
0.010823080454012628
0.014953070907922975
0.011129350090832007
0.006759011909831204
0.0018991359888142277
0.007416489106164546
0.02266385099022904
0.06934635768330857
0.040707338530396105
0.10716243443445454
9119482553248996e-20
0.010058487982910435
0.19250802484008378
4806091462480151e-21
0.07105145216959788
0.010870481953819837
0.001268755038116419
5486335276525389e-21
120442257064122e-20
0.09669567679616115
0.08482440189867814
0.004135142517184381
0.03971450438854127
0.020056101807984027
0.005766993600004325
0.012035563364234145
0.0004827590042856799
0.23522715678605433
15699129991476408e-25
0.07549358322370833
0.0003418518753468261
0.009583998296984812
0.010858691278244487
0.0001570484869089833
0.00017085941340720757
0.22949386326166019
0.000393423890650611
0.05509639604440233
0.2031347166874852
1317921907022647e-21
25861623676977793e-22
0.0001447151163943739
12571388395549872e-21
0.0005942956973584506
1700291843265186e-20
14432275693834988e-23
10044035395725615e-22
1907679220581364e-20
0.07348097583712711
0.07422076456166703
434988611490453e-19
0.00021265897041376888
0.01944027007033079
0.008128817291637372
0.08702632703945884
0.020006958436073582
27828451283681846e-21
0.12697962717378347
0.03792692123857084
5573476819107333e-22
0.22202212915644487
44589625012584897e-23
0.0037575616133442226
0.0009820735479764973
22994565953022244e-28
0.22479249812955468
0.2307979103297424
0.01795088333831687
0.2191443404343664
0.2102040039579371
0.007378303698832764
0.1700856271931861
2233218459061732e-25
4630606174044618e-21
0.000629220383712247
9120228828760055e-20
0.12197265652476215
8645596559831383e-22
0.00011180811721099327
0.14767299740930878
0.0009287346855043256
0.011786490489896148
12200667841772625e-21
0.12781989545170355
0.09208088990813051
0.021037754296673584
31468567301552215e-21
0.0001534374223077389
12006678843688105e-23
0.01359260952941458
0.1486538113055386
8333314482141924e-24
11103236631563352e-21
9106293344790942e-21
9649754586378261e-20
10586347337005693e-21
0.2329600335854153
0.14764018319251934
0.00514234831251943
0.0015471769814301998
0.04100679248604483
0.00586668339662983
6760173500022928e-20
0.028026243594027646
8323335933530772e-20
0.0007207115283787788
0.07778296972720768
9970373851679435e-22
0.22269271636175542
0.22151273405933666
0.0018264976840495057
0.0005369430247654682
5829910077229532e-24
0.0010302738331754043
10390421242629063e-24
0.010228375224611501
0.028907136067772447
0.0009035084049306112
0.0003375778096509242
0.00015453782508398375
26181775779260836e-22
0.00610555280679434
0.03018602471684556
0.021250800505694917
11257175882102028e-24
0.210639067290436
0.0652048699855225
0
0
8177589887362033e-20
6661515383454224e-20
1033637660860414e-21
7596601418734279e-22
0.0001934650078165116
0.009708217855799511
0.0053768083073528145
1520423355429022e-23
0.0001314903041723532
7328703874425808e-21
0.05494970359675989
0.013321210272105099
0.0953992444732248
3845635087509412e-22
0.05895303194185258
0.007660752169312847
0.00012013656631523309
0.11580984832652576
0.0002963834029531101
18549559457234102e-29
8514472743634106e-20
3736149830564145e-21
0.00012470828692558018
0.01621849897408982
0.003896564841867022
0.0001635381536825063
0.00015210395594246755
37998745036647615e-25
0.000514352223786137
0.02269190276442755
13135133478318385e-24
0.0018043212365751891
0.0017992751073861821
44186424009668895e-21
0.10222692119929731
43371485795067586e-21
0.23441501996725042
0.0019089314660701798
0.16324078820247426
0.003297430348699234
0.0007006420637148085
0.0005691329059738763
4475025041825558e-20
0.23467246639358535
1210191968028264e-20
2156740094135523e-20
0.008268590585867024
0.006424338295872063
21715984533226612e-24
8722643724690632e-20
0.003051160860995224
0.12303051795660506
0.029817506208900134
0.00010010794774335875
0.022766888606179612
0.0003540604888071633
0
0.1061537240892006
0.012266284334606371
0.23581733526625107
0.23203228867983383
0.23473987616043837
0.05098389795807419
0.02929329798164595
0.21622991883292825
0.23555500172013816
0.21329629028815258
0.23066857487718392
0.18424617193699677
0.0007649244761767418
0.01561894446191844
0.1300420205974037
0.21854744644346236
0.12666823027835925
0.000299189742491922
0.02666920564831158
0.21038095802448686
0.10757705371428174
0.15064304203160492
