1.5623828594939362
17779209496904083e-50
10073260564603327e-32
0
1300000258204615e-20
10080129271730475e-26
13052821487311596e-21
0
13141083771261578e-21
0
0.0012362066959883122
0
11.202975506874287
0
9.128333173389015
0
34.13771294255587
27.394953574977116
0.000734228998739839
0.014883565696336606
4617518096871277e-94
7.900385525544835
0.24932908114523664
5074277277932688e-34
0
17631641933928903e-21
27209498346914965e-23
0.001408266800908426
0.00690329140521099
0.00686607192709439
0.012365755314604914
16685876970397343e-22
1415560280931555e-24
0.0011897544302149755
18241295807704129e-22
1464977923814674e-22
1806449393906885e-29
20523142100535565e-21
23480041306530647e-21
3.070448606353039
3.063292029964847
0
1.0802987191753728
0
3.0503495667704126
3.154393132528966
4.315949246114239
0
5.286731488303737
0
4.418359797392346
0.5609833317736467
15.452428651679648
14.45888517354872
0.17916169391496287
47.52363386687856
25.378593789107022
1.2721562484904971
5122503989489118e-20
0.01238676947984197
0.17469856752128698
35.428978474515695
0.5919458556613928
0.23868231215358793
2.1508258817470733
0.6966250621405049
20.902711531780643
0
20.921666888658
0
16.29648579410768
0.00013306267870222106
0.00013305452240942834
0.004259910186895292
5.11099426045679
0.13617940738182552
0.07512986946427735
0
0.00036593159274220884
0.7983769094084143
0.06804956206557976
0.02693211692472709
0.01080391498882203
0.00020346363657309296
0.00011071563107976572
0.0011365227750511487
2.007651269113935
0.4062674397131912
0.0039004139591078167
0.00029901261556626563
0.00044432707854288276
0.006497503029125486
0.005733555602528143
7144616812294854e-23
0.07225490283632842
1.0858919369324216
0.019765391420576064
11760167064217596e-27
1329906087596432e-21
11352924738642756e-21
0
0.8000122890254698
0.4151313167308897
0.04510674167807848
0
0.2847286256671783
0.0182185455310818
0.06636924597196665
0
0.000461145400340777
0
0.12332431131193221
0.5401538139284281
0
0
0
0
15232680413442953e-22
0.34363808503452437
19399912140221077e-23
3390101528751558e-22
0.3568123113632069
0.23324273634813555
0.1850138213441041
0.5174931444456266
0.0005107415738667147
0.4343917231555551
0.0010666786388959235
0.4871364631725984
9449019475676548e-22
6712157250200107e-20
0.46383096645534483
0.0008387732701701505
1343645579181664e-31
0.1851286113762433
0.013893100628411804
0.19184502820605615
0.02194785297422334
0.03891505565770832
0.02715686368358133
0.0945554883800959
0.23501034477802424
0.1925793288587454
0.2306414515677687
770057118125151e-32
0.13838067754352493
0.13847354042452373
0.4274987183012698
0.5309635135398219
0.0003195336821604706
0.5310905035680553
0.6481032899683236
11.495470639014252
2.123657348318095
2.816425020703389
0.0860036841976109
0.4802174783142828
2.672274287213038
4.2317596428429
0.555669379235318
5.047320249618319
7.072294541712955
4.219136071423147
2.468148324697047
2.873595485732245
0.6603395154485329
30.16796561836063
619.0340050989985
4.002022166305605
3535.015240062752
1.099979201188988
23.21828045871852
1.1672489015076275
44.97601118160939
1.3057206923567788
1.3968824647203615
1.0999781892627414
0.8547279488535564
1.070815513424112
12.815838395350363
0
0.0007374449191003589
0.0008079211437975952
0
0.0074830026747219475
0.0062054960071561294
0.005847466274863696
0.003992937823644587
0.005601589577821181
0.008923146039545266
0.004240880904544336
0.009744643062427682
0.0033888216394891836
0.005684017114440621
0.00800299361948628
0.0164305449681391
0.005635644167509371
0.007937343509225803
0.00634807617271202
0.00840208960573807
0.005665864907150532
0.010779432563830746
0.014880306305876438
0.01108156785893616
0.006728850694832726
0.001899126199708905
0.00741633850898068
0.022662409139515696
0.06933165414451468
0.040702539274053616
0.10712428648245323
9119480302412806e-20
0.0100582098042275
0.19234436309914837
480609139997309e-20
0.0710359635938634
0.010870156623754299
0.0012687506733833438
548633519507181e-20
1204422566715671e-21
0.09666536887705453
0.08480168371730282
0.004135095943616995
0.03970994447467686
0.02005497758125054
0.005766902780478359
0.012035163808565836
0.0004827583731401682
0.23478856430652387
15699129991409708e-25
0.07547593819100777
0.0003418515589375689
0.009583745936944141
0.010858366659709824
0.0001570484201490962
0.00017085933438752983
0.22899560305706892
0.00039342347153904306
0.05508736851168189
0.20294163759085374
1317921902322386e-21
2586162349598757e-21
0.00014471505970945538
12571387967872015e-21
0.0005942947407162913
17002917650303426e-21
14432275688198465e-23
10044035368425845e-22
19076791220974323e-21
0.07346432795340704
0.07420375405174437
43498856028373006e-21
0.00021265884799354998
0.019439214903637838
0.00812863617057825
0.08700229999020918
0.020005839803394668
2782844918793569e-20
0.12692329033091018
0.0379227757672716
5573476810701232e-22
0.22175600522002376
4458962495878151e-22
0.003757523179658386
0.0009820709340374557
22994565953022107e-28
0.22451145083693166
0.23030859972735124
0.017949985873914946
0.21889207302374133
0.20963594257594892
0.007378154657500513
0.1699696964753635
22332184590603818e-26
46306061160188905e-22
0.000629219311270795
9120226577555438e-20
0.12192136325696853
8645596539604347e-22
0.0001118080833761539
0.1475920861061349
0.0009287323479885361
0.011786107454978025
12200667438946866e-21
0.1277626803371965
0.09205369004720554
0.02103651530076141
3146856462166197e-20
0.00015343735858297674
12006678839787002e-23
0.013592098615174429
0.1485715690781345
8333314481954e-21
1110323629794612e-20
9106293120386626e-21
964975206615148e-19
10586347033727482e-21
0.2326164726439109
0.1475593161328785
0.0051422761730081385
0.001547170488041804
0.04100191974886462
0.005866589395231962
6760172263212298e-20
0.02802401860949582
832333405856669e-19
0.0007207101211878955
0.0777641492412212
9970373824778628e-22
0.2221607581794709
0.22097630647315744
0.0018264886304833726
0.000536942243925795
5829910077137557e-24
0.0010302709561381123
10390421242336911e-24
0.01022808749106793
0.02890476544550896
0.00090350619276063
0.00033757750110619347
0.000154537760441807
26181775593761764e-22
0.006105450956160545
0.03018343400774969
0.02124953583875984
11257175881759103e-24
0.2100719372404611
0.06519197686356695
0
0
8177588077490403e-20
6661514182482101e-20
10336376579692073e-22
7596601403117877e-22
0.00019346490650061542
0.009707958859924865
0.005376729410323518
15204233553664657e-24
0.00013149025737532914
7328703729080478e-21
0.054940726561290704
0.013320719773334044
0.09536983053847765
3845635083507401e-22
0.05894262010498552
0.007660591426244707
0.00012013652725152022
0.1157643350175508
0.0002963831651321076
18549559457234084e-29
85144707815622e-18
3736149792790155e-21
0.0001247082448319083
0.016217768461031037
0.003896523502974099
0.0001635380812904929
0.00015210389332063803
3799874503625688e-24
0.0005143515072940625
0.02269045727421122
13135133477851502e-24
0.0018043124018294718
0.0017992663220569487
441864187258322e-19
0.10219261089244891
4337148070434157e-20
0.23405215295489964
0.0019089215755708907
0.16313665591584706
0.0032974007729195073
0.0007006407338457663
0.0005691320286606506
44750244998708465e-21
0.2342232762979351
1210191928395123e-20
2156739968256898e-20
0.008268403140682622
0.006424225474698582
21715984531950474e-24
8722641665497518e-20
0.003051135547809005
0.12297818572009445
0.02981497997283292
0.00010010792061980152
0.02276543336373315
0.0003540601493879298
0
0.106116381462706
0.01226586915804098
0.23541703170193629
0.23169852347338857
0.23437149221287734
0.050976227202005925
0.02929086198578252
0.21567656967273358
0.23516736070793384
0.21273526750243246
0.23034725171153678
0.18410198135024844
0.0007649228909288587
0.01561826762673901
0.12998243740804336
0.21829788212335346
0.1266122165508231
0.00029918950014486714
0.026667195573363552
0.21016397191098016
0.10753857156335007
0.15055804933323852
