1.5627894680602588
16560573629317622e-50
9778107127700951e-32
0
1296591695325773e-20
10054336117144992e-26
1301865837939303e-20
0
13106749679688758e-21
0
0.0012355713614856474
0
11.323009058190905
0
9.138072754407817
0
34.14230072912146
27.39555495641343
0.0007348261621079383
0.014817236036459054
45016876558623337e-95
7.899913555628117
0.24913388909157244
4924271861029186e-34
0
1750951216473111e-20
2700961174022145e-22
0.001408019554219442
0.006903261882077385
0.006863726555807033
0.012363585296854763
16678266756750967e-22
14145012663286251e-25
0.0011893495805250216
18232561446590119e-22
14643029927608824e-23
18053308292201315e-30
2038112625837673e-20
23317573277180237e-21
3.070694717682587
3.0636256157890682
0
1.080528844752587
0
3.0513020648563334
3.170799281150221
4.315800578234093
0
5.286521326743013
0
4.4183448525116935
0.5609113631054893
15.452290238449216
14.45887633775049
0.17907315793402923
46.61215993052992
25.379760866736664
1.2719462948024647
4440079239223617e-20
0.012387315793906927
0.17470660436186447
35.42632922104441
0.5919265440879309
0.23867363833669017
2.1506669039277146
0.6961663376102822
20.900771065641464
0
20.923570225826587
0
16.29262926228953
0.00013311120634868274
0.00013310303411703586
0.004259589441013095
5.1109856167341725
0.13617174041995125
0.07511909792980272
0
0.00036588734331190317
0.7981771503501764
0.06800386312466977
0.026927734237671676
0.010808512030136204
0.00020358529781617282
0.00011075740518350075
0.001136241585852805
2.0064307652790374
0.4062636655094748
0.003896998827749059
0.0002990112937263367
0.0004444894725719213
0.006492330208095172
0.00572788234154833
7137983625451708e-23
0.07221504849841578
1.086985702657522
0.01975180620225266
11741196544594293e-27
1328962593945416e-21
11354093523868956e-21
0
0.7999931340486915
0.41501758601840116
0.045118427771468926
0
0.2846722796266464
0.018211900463035186
0.06636644067373401
0
0.00046807986871932314
0
0.12332158048409368
0.54000424375335
0
0
0
0
15221297632703357e-22
0.3436034951016703
1938805820691795e-22
33775966205291597e-23
0.3567789331940846
0.23309124531237924
0.1850137536494008
0.517466962877683
0.0005108639481802041
0.43431969596662173
0.0010664906757158166
0.48705182728955654
9448903058537674e-22
6713587782006886e-20
0.4639185000838306
0.0008380398553041848
1327385013715709e-31
0.18511626060092082
0.013870232112322236
0.19182310298668856
0.021927158721473057
0.03889594932060747
0.02710960491121991
0.0944491338257252
0.23499237974792395
0.192492014397788
0.2304595239229674
7603627484212973e-33
0.1382360095864203
0.13834267314104148
0.4274672307707374
0.5309353921934272
0.0003194686623962932
0.5310624969700312
0.6478548087187337
11.487009010847785
2.1236683865848054
2.816412944577486
0.08599160376585047
0.47990857937154885
2.6722969237558205
4.231727768602013
0.5556132167279473
5.044354930321781
7.066978517176163
4.215850211394955
2.4681122484606464
2.871349429896778
0.6600280626877131
30.15085143719393
619.0338617183545
4.002022093480387
3533.997709308011
1.0999791957761695
23.218280255099195
1.167244925518289
44.97589250062429
1.3057210225073301
1.3968824155851955
1.0999781838486515
0.8546747867124407
1.0708018811801363
11.192392754829893
0
0.000736947934262984
0.0008078464213496084
0
0.007481006572882374
0.006197617639854426
0.005840244757470157
0.003987168743009519
0.005595787369687681
0.008916576800187434
0.004235008507149921
0.009734224071850525
0.0033840057352749267
0.0056769982115763284
0.007993925617436858
0.016413382848416935
0.005628259682402619
0.007928813081749522
0.0063404204653878275
0.008393213103748352
0.005661236348735462
0.01076815978005803
0.014862730111559773
0.011069566271642803
0.00672131630765458
0.0018991247288315254
0.00741631588096171
0.02266219249925932
0.0693294451041035
0.04070181820102178
0.10711855565874068
911947996420893e-19
0.010058168006593957
0.19231978380136552
4806091390580966e-21
0.07103363661850944
0.010870107741471338
0.0012687500175528807
5486335182832839e-21
12044225661258299e-22
0.09666081572061563
0.08479827067704192
0.004135088945657137
0.03970925936087918
0.02005480866374387
0.005766889134331131
0.012035103773670291
0.00048275827830619923
0.23472273341725416
15699129991399687e-25
0.07547328725749523
0.0003418515113948839
0.009583708018652107
0.010858317884336601
0.00015704841011795733
0.0001708593225142721
0.22892082950864712
0.00039342340856462875
0.055086012189397994
0.2029126419658847
13179219016161388e-22
2586162346879252e-21
0.0001447150511921507
12571387903610419e-21
0.0005942945969742297
1700291753275009e-20
14432275687351538e-23
10044035364323864e-22
19076791072995313e-21
0.07346182681806704
0.07420119844023701
4349885525895613e-20
0.0002126588295990595
0.01943905636239013
0.0081286089562174
0.08699869033082526
0.02000567172639312
2782844887303514e-20
0.12691482748535207
0.03792215292028802
5573476809438158e-22
0.22171604580706814
44589624950697176e-23
0.0037575174047614697
0.0009820705412753805
22994565953022087e-28
0.22446925188581587
0.2302351670782432
0.017949851027470855
0.21885419317922267
0.20955072013315026
0.00737813226325507
0.16995228390169778
22332184590601791e-26
4630606107300118e-21
0.0006292191501291022
9120226239296203e-20
0.12191365794796175
8645596536565091e-22
0.00011180807829223284
0.1475799324469213
0.0009287319967609008
0.011786049902370506
12200667378419472e-21
0.12775408557840018
0.09204960377169358
0.02103632913924063
31468564218989676e-21
0.0001534373490078865
12006678839200831e-23
0.013592021848385637
0.1485592155391973
8333314481925763e-24
1110323624781779e-20
9106293086668305e-21
9649751687469785e-20
10586346988157804e-21
0.2325648940059041
0.14754716911822732
0.005142265333628004
0.001547169512367005
0.04100118763596222
0.005866575270992724
6760172077372845e-20
0.028023684305227916
832333377684022e-19
0.000720709909747832
0.07776132172474229
9970373820736593e-22
0.22208093761726955
0.22089581680218934
0.0018264872701254332
0.0005369421265992551
5829910077123737e-24
0.0010302705238437726
10390421242293013e-24
0.010228044257784197
0.02890440925968602
0.0009035058603670413
0.0003375774547452078
0.00015453775072886883
2618177556588923e-21
0.006105435652535218
0.03018304475475067
0.021249345820185946
11257175881707577e-24
0.2099868540281604
0.06519003980187806
0
0
817758780554453e-19
6661514002027634e-20
10336376575347832e-22
7596601400771404e-22
0.00019346489127719594
0.009707919944575085
0.005376717555591492
15204233553570663e-24
0.00013149025034374948
7328703707241324e-21
0.05493937782548436
0.013320646074013872
0.09536541167224767
38456350829060707e-23
0.058941055812379725
0.007660567273762665
0.00012013652138192447
0.11575749786951885
0.0002963831293978503
18549559457234084e-29
8514470486747173e-20
37361497871143477e-22
0.00012470823850704009
0.016217658699163286
0.003896517291553367
0.0001635380704130879
0.0001521038839112711
37998745036198174e-25
0.0005143513996361887
0.022690240087124215
1313513347778135e-23
0.0018043110743506954
0.001799265002003314
4418641793189873e-20
0.10218745652341002
4337147993942433e-20
0.23399767820333073
0.0019089200894584245
0.1631210150507825
0.0032973963289740695
0.0007006405340238325
0.0005691318968383015
4475024418438356e-20
0.23415585667710623
12101919224399657e-21
21567399493427524e-21
0.008268374976096055
0.006424208522697108
21715984531758724e-24
872264135608935e-19
0.0030511317443433655
0.12297032435835542
0.029814600406640027
0.00010010791654429744
0.022765214711386324
0.0003540600983878373
0
0.1061107716064547
0.012265806776064177
0.23535694203401336
0.23164841441589074
0.234316189922017
0.050975074716838674
0.029290495977823162
0.21559354754086732
0.23510917007977974
0.21265109750844746
0.2302990093480492
0.18408032545691355
0.0007649226527345286
0.015618165930040326
0.12997348697539737
0.21826040796908835
0.1266038022361511
0.00029918946373053916
0.02666689355859555
0.21013138757106725
0.10753279053995556
0.1505452827287372
