1.565060817268402
11133072479288692e-50
828151946330464e-31
0
12775845457999834e-21
9910663971086625e-26
12828424493347741e-21
0
12915916463294964e-21
0
0.0012321474594907311
0
12.516707042235323
0
9.220193932352412
0
34.16818662196694
27.39890274414904
0.0007449750588485671
0.014407190082742799
3902943466862171e-94
7.898145416544351
0.24717608295195648
4164305383528643e-34
0
16842682954824566e-21
2591960907739249e-22
0.0014066906351792412
0.006903096966291727
0.006851233229382596
0.012351921921616991
16637421733341389e-22
14109572634001752e-25
0.001187193478911576
18185598827204125e-22
1462974439571858e-22
17992792396069787e-30
19605696466026713e-21
22430468273209004e-21
3.071539386950483
3.065377542219128
0
1.0817951723135264
0
3.058976752795277
3.326003738416418
4.314970203526138
0
5.28533057589706
0
4.418260990905535
0.5606378166800908
15.452061936707654
14.459377003970593
0.17860985305086732
38.606148684829705
25.392361280123346
1.2707739516578145
1747075651013631e-20
0.012393294696761483
0.1747937773033461
35.40115387352317
0.5914767209380196
0.23849731713599331
2.1497792813218415
0.6936062458953784
20.88602243282094
0
20.942232872907574
0
16.251224704194705
0.00013338935189537819
0.0001333811600699609
0.004259185500627138
5.110949453121306
0.13614245011234713
0.07506546626095477
0
0.0003647169189611073
0.79707785670486
0.06750564468129351
0.026888275561342063
0.0108322552435255
0.00020441548011018785
0.00011107353880758037
0.0011346679727842776
1.9935492059541033
0.40624539514398095
0.003866934747351639
0.0002990308811007375
0.0004453499836387332
0.006442742307571063
0.005672246660132253
7100661025382062e-23
0.07177122499292876
1.0962096491458284
0.019605704992930004
11592879120889563e-27
13236331764807312e-22
11361635139464417e-21
0
0.799886543896233
0.4142607449430371
0.04517516084306997
0
0.28436151981469104
0.01817464178221486
0.06635327020817408
0
0.0005404674260791048
0
0.12330634314445728
0.5391696875051692
0
0
0
0
15135374932669083e-22
0.34339627193617595
1932088028685687e-22
330951303253659e-21
0.3565924286146887
0.23186102715904056
0.18501319390132737
0.5173207440823784
0.0005116716553183984
0.43391300964216756
0.0010654412881811596
0.48657930283677914
9448251990750548e-22
6723173945877444e-20
0.4644050499636076
0.0008317892393960667
12388565051943717e-32
0.18504663575884528
0.01374308563166269
0.19170063042042396
0.021706293257708648
0.03866444745040803
0.02684689015680891
0.09385375066131678
0.23489191982722135
0.19146223170852256
0.22863905279664215
7060800312422028e-33
0.13687905421141944
0.13711661889240206
0.42729107266429417
0.5307782423956432
0.0003190901290395428
0.5309059745386331
0.6448178606419954
11.397768626904904
2.123712133639281
2.8162739211762804
0.08591946725816434
0.47664715709462413
2.6723834481486777
4.231370486660869
0.5552761803809493
5.012468583191242
7.0100689516100285
4.184675267330731
2.467854618514211
2.847381450148701
0.656535139355656
29.969743139871454
619.0330607827851
4.002021686672697
3528.319083428267
1.0999791655397169
23.218279117664768
1.1672227155608896
44.97522954454941
1.3057228641504302
1.3968821411104315
1.0999781536050954
0.8543778653699481
1.0707257334925562
4.5407352004443045
0
0.0007320736657374505
0.0008074165898394619
0
0.00746954282706263
0.0061240098790588575
0.005771996859439929
0.0039365293900858475
0.005537419464717625
0.00885128799404839
0.004182292268856948
0.009629363493563118
0.003341287412073477
0.005610664760858089
0.007905375492937487
0.01623888198645265
0.005560148918755035
0.007843899024976527
0.0062677423238927076
0.008304427938968274
0.0056092411372341095
0.010654653688038355
0.014693383224945808
0.01095083696613192
0.006647060962691553
0.0018991165124093267
0.007416189480239173
0.02266098236689693
0.06931710651564228
0.040697790462181894
0.10708654844087961
9119478074974222e-20
0.010057934524738053
0.1921825395702984
48060913381157786e-22
0.07102063934312614
0.01086983468502412
0.0012687463540357023
548633511446493e-20
1204422562830928e-21
0.09663538535556798
0.08477920767750849
0.004135049854690254
0.039705432475757044
0.020053865102699436
0.005766812906413805
0.012034768419268465
0.0004827577485561181
0.23435533599600322
15699129991343705e-25
0.07545848063547062
0.00034185124581762006
0.009583496206684541
0.010858045425082757
0.0001570483540831946
0.00017085925618928407
0.22850358716674551
0.0003934230567845075
0.055078436274792024
0.20275074618856306
13179218976709838e-22
25861623316878705e-22
0.00014471500361378878
12571387544639814e-21
0.0005942937940197794
170029168760874e-19
14432275682620526e-23
10044035341409863e-22
19076790246372292e-21
0.07344785683473111
0.07418692420118493
43498850960929816e-21
0.0002126587268459376
0.019438170761603434
0.00812845693621438
0.08697852922856074
0.02000473286028391
2782844711397461e-20
0.1268675637063906
0.037918673833501504
557347680238251e-21
0.2214929616270928
4458962490553738e-22
0.0037574851458711256
0.000982068347276711
22994565953021974e-28
0.2242336709043498
0.22982539669204677
0.017949097782673572
0.2186427137754055
0.2090752974008264
0.007378007168391189
0.16985504862845868
22332184590590467e-26
4630606058596333e-21
0.0006292182499789873
9120224349752255e-20
0.12187062440916223
8645596519587561e-22
0.00011180804989303198
0.14751205950531737
0.0009287300347766141
0.01178572841389654
12200667040308422e-21
0.12770608517687893
0.09202678083392613
0.021035289255834734
31468561969628944e-21
0.00015343729552064856
1200667883592645e-22
0.013591593030705828
0.14849022653790803
8333314481768028e-24
11103235967796789e-21
9106292898314957e-21
964974957212267e-19
10586346733601807e-21
0.2322769817603566
0.14747933327766305
0.005142204784370977
0.0015471640621778954
0.04099709823297032
0.005866496372445271
6760171039258327e-20
0.028021816927191898
8323332203092953e-20
0.0007207087286272249
0.07774552887403667
9970373798157447e-22
0.2216355805943031
0.22044673382858693
0.0018264796710716852
0.0005369414712039343
5829910077046536e-24
0.0010302681090150387
10390421242047797e-24
0.01022780275643362
0.028902419656846944
0.0009035040035911085
0.00033757719576901
0.0001545376964716012
2618177541019094e-21
0.006105350165919251
0.030180870447522656
0.021248284391913393
11257175881419748e-24
0.20951220565348438
0.06517922027318032
0
0
8177586286432472e-20
666151299399409e-19
1033637655108054e-21
7596601387663808e-22
0.00019346480623793285
0.009707702563070037
0.005376651334555019
152042335530456e-22
0.00013149021106476856
73287035852459915e-22
0.054931844284340586
0.013320234390993538
0.09534073128466897
38456350795469927e-23
0.0589323183076646
0.0076604323573935965
0.00012013648859388047
0.11571931242045622
0.0002963829297834015
18549559457234084e-29
8514468839886143e-20
3736149755408821e-21
0.00012470820317580695
0.01621704557392266
0.003896482594223628
0.00016353800965101368
0.00015210383134977706
3799874503587022e-24
0.0005143507982507828
0.022689026900265738
13135133477389466e-24
0.0018043036589620073
0.0017992576280919347
4418641349692071e-20
0.10215866857196639
4337147566653337e-20
0.2336936108645603
0.001908911787932093
0.16303367146108452
0.0032973715048360895
0.0007006394178029695
0.0005691311604682771
4475023963549726e-20
0.23377960190361893
12101918891739632e-21
21567398436867675e-21
0.008268217648142026
0.00642411382823237
2171598453068759e-23
872263962770984e-19
0.0030511104979557566
0.12292641938238548
0.029812480207261592
0.00010010789377819624
0.022763993339854956
0.00035405981349722146
0
0.10607943993865124
0.01226545831099888
0.23502155819135992
0.23136870034363427
0.23400750668884882
0.05096863731829865
0.029288451511105113
0.21513036655488743
0.23478437717028006
0.21218152916765967
0.2300297092979398
0.18395940069002004
0.0007649213221625898
0.015617597856019563
0.12992350045163456
0.21805119253771532
0.12655680946126396
0.00029918926031716165
0.02666520654194639
0.2099494616529003
0.10750050297962083
0.15047398732720266
