1.5661755557961214
9160191464882581e-50
7633141022083768e-32
0
12682808727580151e-21
9840275581863554e-26
12735265708193135e-21
0
1282259995454266e-20
0
0.0012305689451876354
0
13.350966538055665
0
9.286093610013253
0
34.18122284458295
27.400538318656135
0.0007520400148358499
0.014183900564832102
3636586749622738e-94
7.897783422681879
0.2457039272543556
383540697140441e-33
0
1652476600788378e-20
25400609752671776e-23
0.0014060838356480955
0.006903016030255979
0.006845622808116508
0.012346596465654181
16618737950925176e-22
14113219357415311e-25
0.0011862256423181873
18164043444453398e-22
14644976945573644e-23
1796466619711449e-29
19235990048506974e-21
22007515671719763e-21
3.0714466487334393
3.0661186056287777
0
1.0823981758811
0
3.0650987938527843
3.422680128857938
4.3145627277766625
0
5.284728771495242
0
4.418219488116452
0.5606217729869046
15.452506039401463
14.460184161689387
0.17840260039231523
36.11885774512733
25.40407910918693
1.270199178863839
12782802695055293e-21
0.012398890793572499
0.17487509290825545
35.37861177756185
0.5909439396067774
0.23828966774439134
2.1493438669071168
0.6923463551804424
20.87497834536518
0
20.945126046279835
0
16.219165986994565
0.00013353059466023753
0.00013352245021954428
0.004260097993475005
5.11093743787982
0.1361356129074947
0.07504228136486786
0
0.0003635686194291243
0.7965567086467399
0.06711840869106636
0.02685999009912695
0.010842000816766407
0.00020497464674913577
0.0001113120381194921
0.0011338891166227207
1.9836528691293271
0.40623904588175624
0.003845802193077591
0.00029905403530303853
0.0004457087272385485
0.006404236062096846
0.005628292925031394
7081940360608556e-23
0.07142311361445652
1.103609164084472
0.01949279205564163
114953668540392e-25
13209368120258833e-22
11365854884323957e-21
0
0.7998349010559751
0.4137690311831396
0.045194641889268944
0
0.2842126238556739
0.018156196512878142
0.06634901194807641
0
0.0005950272034757729
0
0.1232988813798248
0.5387608450593413
0
0
0
0
15087455870251636e-22
0.34328041884794525
19286655413406602e-23
32771652678358904e-23
0.356500860464875
0.23102929269423367
0.1850128203844321
0.5172489986975151
0.0005121824426498492
0.4337082986080649
0.001064926623305575
0.4863475361964317
9447931991739541e-22
6729344870264822e-20
0.46464263905746117
0.0008274714776185108
11969044268474323e-32
0.18501187797865212
0.013681052028980204
0.19164052532323528
0.02153655970181316
0.038476842203047444
0.026718718008783348
0.09356083875934414
0.23484255021892453
0.1906363287714969
0.227273681805384
679559274136769e-32
0.13589307248616972
0.1361713250865817
0.42720439031971796
0.5307010776240363
0.00031888893781681127
0.5308291067130242
0.6423498267463134
11.329345877087631
2.1237158402127934
2.816134759770994
0.08587935570329241
0.47414217156213856
2.672386319548667
4.231017514093788
0.555087210446993
4.987941123453655
6.966537223056545
4.161855222183321
2.4677334942253273
2.8291073186006566
0.6537835849160788
29.833082375967404
619.032667697973
4.0020214870186015
3525.535451977268
1.0999791507001944
23.218278559431837
1.1672118154562408
44.97490418085969
1.3057237665159647
1.3968820064020613
1.0999781387620862
0.8542321706155742
1.0706883634965936
3.3414650774487993
0
0.0007284287921831814
0.0008071933592171334
0
0.007463604802388109
0.006070863235030499
0.005722446494909433
0.0039011011536193197
0.005493801441250941
0.008802613462691242
0.004144978488450465
0.009550980543719174
0.003311237761527237
0.005562505175110245
0.00784008888516445
0.016107918223296942
0.005511282902515577
0.007780744258450616
0.006214856930499786
0.008238248170364301
0.005568632139821363
0.01056980682219747
0.014569271070010124
0.010862770817925185
0.006592090942706172
0.001899112479945796
0.007416127445759944
0.022660388478705166
0.0693110517552299
0.04069581386410476
0.10707084335614238
9119477147770963e-20
0.010057819937903096
0.19211521833191483
4806091312366781e-21
0.07101426137735059
0.010869700676197363
0.0012687445560493156
54863350809111555e-22
12044225612138481e-22
0.09662290702412255
0.08476985345800804
0.0041350306696615255
0.039703554442287424
0.020053402035656306
0.005766775495451722
0.012034603836602691
0.00048275748856424174
0.23417523418650993
15699129991316228e-25
0.07545121486663284
0.0003418511154770121
0.009583392254782193
0.010857911709339828
0.00015704832658231885
0.0001708592236381475
0.22829909020254274
0.00039342288413708195
0.05507471852936292
0.2026713378282222
131792189573477e-20
25861623242322065e-22
0.00014471498026316534
12571387368463312e-21
0.0005942933999441536
17002916553808833e-21
14432275680298636e-23
10044035330164071e-22
19076789840680163e-21
0.07344100158275271
0.07417991965849886
4349884885153371e-20
0.00021265867641651794
0.01943773613896191
0.008128382328491624
0.08696863622088721
0.020004272097311284
2782844625065846e-20
0.12684437390842393
0.0379169664752269
5573476798919723e-22
0.22138355793457778
44589624883373753e-23
0.003757469313872383
0.0009820672705022702
22994565953021913e-28
0.2241181423362086
0.22962455542099852
0.017948728114844135
0.21853899814674177
0.20884236296623487
0.007377945774792378
0.1698073476076993
22332184590584904e-26
4630606034693365e-21
0.000629217808201501
9120223422397226e-20
0.12184950985706246
8645596511255286e-22
0.00011180803595520273
0.1474787600710059
0.0009287290718705037
0.011785570636175566
1220066687436943e-20
0.12768253401608035
0.09201558180482004
0.02103477891802331
31468560865682034e-21
0.00015343726927005303
12006678834319441e-23
0.013591382579426063
0.14845637966188532
8333314481690614e-24
11103235830367376e-21
9106292805874428e-21
9649748533947416e-20
1058634660867017e-20
0.2321358098769189
0.14744605204194508
0.005142175068113793
0.0015471613873272781
0.04099509137460559
0.0058664576508041305
6760170529769907e-20
0.028020900496182676
8323331430725387e-20
0.0007207081489545645
0.07773777919209367
9970373787075997e-22
0.22141733397808055
0.22022666585696526
0.0018264759416003705
0.0005369411495476483
5829910077008649e-24
0.0010302669238613357
10390421241927449e-24
0.010227684233874032
0.02890144324461823
0.0009035030923193007
0.0003375770686680872
0.00015453766984308869
2618177533377694e-21
0.006105308211018834
0.030179803392804558
0.02124776348084854
1125717588127848e-23
0.20927964915751227
0.06517391089436544
0
0
8177585540878905e-20
6661512499268885e-20
10336376539170576e-22
7596601381230827e-22
0.00019346476450216122
0.009707595877804117
0.0053766188347250735
15204233552787902e-24
0.00013149019178733493
7328703525372814e-21
0.054928147331820804
0.01332003234881075
0.0953286209181427
38456350778984156e-23
0.058928030566780275
0.007660366143664893
0.00012013647250208432
0.11570057627721184
0.00029638283181616503
18549559457234084e-29
8514468031635622e-20
3736149739848301e-21
0.00012470818583585835
0.016216744671241134
0.003896465565493126
0.00016353797983005694
0.0001521038055535203
3799874503570926e-24
0.0005143505031015845
0.022688431513070758
13135133477197136e-24
0.00180430001962988
0.0017992540091160527
4418641132031111e-20
0.10214454291511384
4337147356947326e-20
0.23354452450083543
0.001908907713701143
0.1629908218630981
0.003297359321651031
0.0007006388699819126
0.0005691307990710764
44750237402983465e-21
0.23359516386469062
12101918728475903e-21
21567397918326573e-21
0.008268140435424672
0.006424067354353315
21715984530161898e-24
8722638779451484e-20
0.0030511000706538584
0.12290487732178776
0.029811439705588128
0.00010010788260499325
0.022763393936007497
0.00035405967367796605
0
0.10606406628778929
0.012265287294051514
0.23485713253628748
0.23123154514536026
0.2338561591454739
0.05096547825291205
0.029287448174746555
0.2149034095797704
0.2346251386614708
0.21195145268611806
0.22989765675935475
0.183900081989392
0.000764920669141964
0.015617319062769067
0.12989897497186412
0.21794858663386585
0.1265337526093683
0.00029918916048547864
0.02666437862267777
0.2098602332174158
0.10748466035553808
0.15043900914189753
