1.5673708481345208
7433143898521823e-50
6994206357107114e-32
0
12583737193528476e-21
9765139441177415e-26
12635846127969754e-21
0
12722819738586743e-21
0
0.0012289635862654633
0
14.196571679397085
0
9.377439432912531
0
34.19563141593454
27.40228668815786
0.00075783021528211
0.013946167053776996
33703947030396495e-95
7.897432007303434
0.24408334444074264
3511523127547455e-34
0
16190539543460774e-21
24855384916215257e-23
0.0014054764398185936
0.00690292924681715
0.006840055876590674
0.012341265955368214
16599873003666917e-22
14130094792923028e-25
0.0011852656976241525
18142210829706042e-22
14674754588983575e-23
1793584269110435e-29
1884730843142797e-20
21562853141383776e-21
3.0709588969323263
3.06677562630541
0
1.08302803810006
0
3.0739138462739932
3.5083320736895915
4.314125841775298
0
5.28406650289428
0
4.418174705935323
0.5607029526172436
15.453615304561607
14.461688797425346
0.17819608545693702
35.28977107079768
25.42111712943758
1.2695834582245233
10529624722000756e-21
0.012407037112820688
0.17499358734702167
35.34563105433849
0.5901244883639902
0.23796749994235578
2.1488771265815743
0.6909904581711576
20.860038696685457
0
20.935131906910907
0
16.183904032125167
0.00013368577200314444
0.0001336775894707894
0.0042617815226372105
5.110922392185277
0.1361281567382783
0.07501636039609819
0
0.0003622383320036705
0.7960197096784765
0.066692260231387
0.026828872910804883
0.010850906704063853
0.00020572080004906677
0.0001116481417963553
0.0011330467901519196
1.972755334222075
0.4062350821681498
0.0038228704873597323
0.0002990752388271549
0.0004460209092388702
0.006357907525393452
0.005574779450526995
7061665400386807e-23
0.07103945867492177
1.1138583343403012
0.019368634471098822
11389785242062717e-27
13180038336224391e-22
1137025352725544e-20
0
0.7997801928845004
0.41313481474623703
0.0452086976450412
0
0.28405682993606224
0.018136225980964395
0.06634605848496417
0
0.0006540316230803638
0
0.12329089540452713
0.5383230719604075
0
0
0
0
15047326595726431e-22
0.3431431768720121
1924928474066519e-22
3243232193285999e-22
0.3564026460184627
0.23011758631568335
0.1850123537877211
0.5171720782795403
0.000512823764066523
0.4334838850216522
0.001064374986044519
0.4860990975280393
9447588528041882e-22
6737157613254268e-20
0.4648967148693441
0.0008227913382837695
11534942928389723e-32
0.18497392179360725
0.01361480229059781
0.1915760786585144
0.021350441380298114
0.03826882935174245
0.026581827743905592
0.0932474248422225
0.23478956510868462
0.189723578612057
0.22577473771563739
6521474972164533e-33
0.13481510173027836
0.13509075557436515
0.42711123889748426
0.5306183084664817
0.00031865905564622385
0.5307466509586618
0.6396169763522078
11.254150433425037
2.123703636751064
2.8159213182664096
0.08583201621068877
0.47138488258479055
2.67235333944757
4.230478240803226
0.5548629161464895
4.9612402556718935
6.9194154712233455
4.136851585709628
2.4676136590880433
2.809396512214052
0.6507447533339128
29.687401333656187
619.0322462081408
4.002021272937011
3522.553108164795
1.099979134788331
23.2182779608596
1.1672001277956954
44.97455530818619
1.3057247331514925
1.3968818619578334
1.0999781228464847
0.8540759688625554
1.0706482944937992
2.7606820930625675
0
0.0007243891533282772
0.000806942659179181
0
0.0074569512400287
0.006013160857627445
0.0056686295141205965
0.003862699713932977
0.005446332657498694
0.008749508767977775
0.00410450727453984
0.0094656410245334
0.0032786588187913844
0.0055102007779973036
0.007769111470268738
0.01596541485933957
0.005458251043682598
0.007712042822744384
0.006157407118703148
0.00816624074616514
0.0055243960038377565
0.010477483337465848
0.014434327683912606
0.010766981490292404
0.006532322883068643
0.0018991081560958177
0.007416060929089671
0.022659751691950492
0.06930456005017843
0.04069369453873249
0.10705400594140772
9119476153565768e-20
0.01005769707218551
0.19204305849153921
4806091284757096e-21
0.07100742316006932
0.010869556985391141
0.0012687426281387398
5486335044932701e-21
12044225594799139e-22
0.09660952876720973
0.08475982442574681
0.004135010098373244
0.03970154079608396
0.02005290551810326
0.005766735381349029
0.012034427363280012
0.0004827572097848539
0.2339822715362618
15699129991286762e-25
0.07544342483232486
0.00034185097571771907
0.009583280792306569
0.010857768332790374
0.000157048297094166
0.00017085918873479086
0.22808001909653933
0.0003934226990138032
0.05507073240909538
0.2025862257726576
13179218936586403e-22
2586162316237778e-21
0.0001447149552251713
12571387179555852e-21
0.0005942929773919219
1700291620824161e-20
14432275677808958e-23
10044035318105627e-22
19076789405671705e-21
0.0734336516638763
0.07417240968469771
4349884658970746e-20
0.00021265862234295477
0.019437270120191353
0.00812830233018792
0.08695802956973053
0.020003778050237637
27828445324956942e-21
0.12681951306662134
0.03791513582435825
5573476795206706e-22
0.22126630849240003
4458962485960854e-22
0.003757452337887691
0.0009820661159187108
2299456595302184e-27
0.2239943315115336
0.22940939584543252
0.01794833174234582
0.21842784242513774
0.208592884419449
0.007377879945305228
0.16975621447414302
22332184590578933e-26
4630606009063107e-21
0.0006292173345004066
9120222428029294e-20
0.1218268735785389
8645596502320899e-22
0.00011180802101019284
0.14744306268719864
0.0009287280393834844
0.01178540145938617
1220066669643927e-20
0.12765728581447797
0.09200357501981714
0.021034231715673323
3146855968196118e-20
0.0001534372411225284
1200667883259631e-22
0.013591156924027663
0.1484200954968639
8333314481607605e-24
11103235683006965e-21
910629270675391e-20
9649747420751129e-20
10586346474710657e-21
0.23198453188145468
0.14741037416453281
0.005142143204675889
0.001547158519190363
0.04099293960474916
0.005866416131323729
6760169983464616e-20
0.028019917874861057
8323330602544672e-20
0.0007207075273938172
0.07772947035687228
9970373775193778e-22
0.2211835550720347
0.21999093929062513
0.001826471942636536
0.0005369408046478842
5829910076968024e-24
0.001030265653066959
10390421241798407e-24
0.01022755714810202
0.02890039631103302
0.0009035021151977204
0.0003375769323825851
0.00015453764129033795
2618177525184107e-21
0.006105263224672063
0.03017865927194165
0.021247204941627455
11257175881127003e-24
0.20903057432604372
0.065168218326979
0
0
8177584741449836e-20
6661511968793633e-20
10336376526399969e-22
759660137433298e-21
0.0001934647197504677
0.009707481484495052
0.005376583986593904
15204233552511588e-24
0.00013149017111686856
7328703461173048e-21
0.0549241835046364
0.013319815709956264
0.09531563713509561
3845635076130708e-22
0.05892343332954389
0.007660295145801418
0.00012013645524745691
0.11568048958341826
0.00029638272676960547
18549559457234084e-29
8514467164978975e-20
3736149723163339e-21
0.00012470816724288413
0.016216422030777694
0.003896447306306395
0.0001635379478541689
0.00015210377789316598
3799874503553667e-24
0.0005143501866243506
0.02268779311905705
13135133476990907e-24
0.0018042961173186122
0.0017992501286319554
44186408986414336e-21
0.10212939867274118
43371471320874414e-21
0.23338477044808964
0.0019089033450656742
0.16294488835742735
0.003297346258128378
0.0007006382825744038
0.0005691304115586598
44750235009142745e-21
0.23339755952882024
12101918553414334e-21
21567397362314394e-21
0.00826805764392319
0.006424017522528357
2171598452959822e-23
8722637869895937e-20
0.0030510888898884815
0.12288178277183563
0.029810324054992086
0.00010010787062438787
0.022762751235264958
0.0003540595237550807
0
0.10604758417358946
0.012265103921638428
0.2346809528723902
0.2310845690968844
0.23369398359803412
0.0509620911230476
0.029286372372965053
0.21466031812786374
0.23445451316482002
0.2117050274660949
0.22975614599291047
0.1838364980209389
0.0007649199689330443
0.015617020128746103
0.12987268236274918
0.21783861981029176
0.1265090342782439
0.00029918905343974406
0.026663490904439004
0.20976459904182895
0.10746767549750837
0.15040151237822086
