1.5665522759189467
8576168828606578e-50
7425707835647626e-32
0
126514920179515e-19
9816542379515525e-26
12703859991391227e-21
0
12791109637636255e-21
0
0.0012300532207512155
0
13.628468812646213
0
9.312690664931438
0
34.1857091272981
27.401089940687108
0.0007541130140649797
0.014108254415886196
35505323232557395e-95
7.897678725058441
0.24518760506576126
3730231136746704e-34
0
16418689968592813e-21
25227522642749396e-23
0.0014058873966218553
0.0069029886785946645
0.006843818300273066
0.012344872493095327
16612661397574713e-22
14117406857965528e-25
0.0011859144315816798
18157019105944136e-22
1465318777430716e-22
1795543253167453e-29
1911263212252832e-20
218663910103277e-19
3.0713318631244335
3.0663426088853627
0
1.082598555522323
0
3.067623802063691
3.4522505105607633
4.314425030939425
0
5.284521969593888
0
4.41820540421817
0.5606366703327963
15.45277719612485
14.46057917119972
0.17833572190568714
35.73405465595957
25.408969900448525
1.2700050562992051
11896410267329095e-21
0.012401228803674105
0.17490907766090752
35.3691705545749
0.5907117817998866
0.23819869254912635
2.149196748602807
0.6919195752677614
20.87059267587553
0
20.94333771450964
0
16.207913005528233
0.0001335790410935807
0.00013357089895778122
0.004260557872274463
5.1109331001043
0.1361334405570642
0.07503431659675298
0
0.0003631498379870803
0.796384757447561
0.06698244528353846
0.026850090693369008
0.01084496751865374
0.00020519325519254583
0.00011140889683873692
0.001133624448031076
1.9801782992173536
0.4062374457973995
0.0038384709092317707
0.00029906147824426005
0.0004458152198373782
0.0063899837577473225
0.005611896017005788
7075560752839032e-23
0.07130073511678078
1.1065943847221944
0.01945317414721102
1146167403890763e-26
13200148449204564e-22
11367268693808798e-21
0
0.7998175858536312
0.4135808911992317
0.04519978504558272
0
0.2841630477955976
0.01814992647360712
0.06634791866204474
0
0.0006139621725578041
0
0.1232963627552285
0.5386228038813853
0
0
0
0
1507333145705242e-21
0.3432386183913694
19274919662346768e-23
3266387537819834e-22
0.3564699096609347
0.23073958610997733
0.1850126807375199
0.5172247547074073
0.0005123744954960969
0.43363811740306973
0.0010647527418507254
0.4862692284008823
9447823780375633e-22
6731678715887763e-20
0.4647227887773501
0.0008259756290675236
11830346700857337e-32
0.18500000250084092
0.013660142372918642
0.19162021347469024
0.021477120690169025
0.038410581425387294
0.02667551364802529
0.09346194891580775
0.2348258562555681
0.19034526611430574
0.22679562085289928
6707801941898422e-33
0.13554913123639248
0.13583015025295186
0.427175055094357
0.5306749944439766
0.00031881806665345517
0.5308031226250417
0.6414786290696812
11.305353560275643
2.123713797268776
2.8160746255885845
0.08586491917372124
0.4732629092120101
2.672379944392829
4.230865415777721
0.555018940139025
4.979384664191575
6.9514044869786344
4.153881698998254
2.4676959626934374
2.8227684637064616
0.6528149154594792
29.786034680342542
619.0325348570492
4.0020214195465345
3524.595234693802
1.0999791456852546
23.218278370779906
1.167208131845235
44.974794226414836
1.305724071269607
1.396881960877787
1.0999781337459682
0.8541829381542637
1.0706757347929594
3.1133330177287566
0
0.0007271457923241356
0.0008071156212434152
0
0.007461539870797805
0.0060524034834312564
0.005705228326807525
0.0038888238123738783
0.005478608900272308
0.0087856343737743
0.004132036532414899
0.009523672668439594
0.0033008205476415084
0.00554577066736938
0.00781737518376895
0.01606229913515396
0.005494318757863232
0.007758756582073751
0.0061964760652338715
0.008215202361751545
0.005554454127177478
0.010540256234703215
0.014526100318120861
0.010832115501724762
0.006572962138500376
0.0018991111171975273
0.007416106481645687
0.022660187780779592
0.06930900569981675
0.040695145904705805
0.10706553642467388
9119476834427435e-20
0.01005778121416971
0.19209247279926803
480609130366504e-20
0.07101210610627935
0.010869655388980623
0.001268743948429687
54863350695718315e-22
12044225606673643e-22
0.09661869040080369
0.08476669248122493
0.004135024186200367
0.03970291979066721
0.02005324554696028
0.005766762852665349
0.012034548217250446
0.0004827574007013628
0.23411440100703593
15699129991306941e-25
0.07544875959578226
0.00034185107142908867
0.009583357125029088
0.010857866521168026
0.00015704831728854113
0.0001708592126376606
0.2282300228934952
0.0003934228257917941
0.055073462193247276
0.20264450921506463
13179218950804364e-22
25861623217126037e-22
0.0001447149723719437
12571387308925373e-21
0.0005942932667683921
17002916444896456e-21
14432275679513964e-23
10044035326363612e-22
19076789703578607e-21
0.07343868503043878
0.07417755265902656
4349884813867423e-20
0.00021265865937415893
0.019437589262683956
0.00812835711535222
0.08696529318448122
0.020004116387245856
27828445958905233e-21
0.12683653799440978
0.03791638949970434
5573476797749492e-22
0.22134659774040086
44589624875883674e-23
0.0037574639635453324
0.0009820669066121811
2299456595302189e-27
0.2240791135118537
0.22955672183845752
0.01794860318923339
0.21850395910998333
0.20876370266299699
0.007377925027258528
0.169791230323034
22332184590583022e-26
4630606026615479e-21
0.0006292176589051534
912022310900241e-19
0.12184237513038837
8645596508439436e-22
0.00011180803124498579
0.14746750839882375
0.0009287287464615872
0.01178551731648791
12200666818291205e-21
0.1276745760049752
0.09201179745894134
0.02103460645479725
31468560492608886e-21
0.000153437260398801
12006678833776364e-23
0.013591311459240685
0.14844494302938005
8333314481664452e-24
11103235783923814e-21
9106292774634627e-21
964974818310148e-19
10586346566450168e-21
0.2320881209687317
0.14743480651840307
0.005142165025697119
0.001547160483376385
0.04099441318940516
0.005866444565083458
676017035759094e-19
0.02802059079983638
8323331169707777e-20
0.000720707953057291
0.07773516040178774
997037378333108e-21
0.2213436272587362
0.2201523447010931
0.001826474681246541
0.0005369410408456129
5829910076995845e-24
0.0010302665233450766
1039042124188678e-23
0.010227644180098229
0.028901113278610512
0.0009035027843599118
0.0003375770257149982
0.00015453766084412156
26181775307953226e-22
0.006105294032642301
0.030179442795707712
0.021247587444534095
11257175881230739e-24
0.2092011162643629
0.06517211671501945
0
0
8177585288922945e-20
6661512332079067e-20
10336376535145664e-22
7596601379056833e-22
0.000193464750397775
0.009707559824335068
0.005376607851619964
15204233552700817e-24
0.0001314901852726265
7328703505138982e-21
0.054926898022078265
0.013319964070392359
0.0953245286301576
38456350773412876e-23
0.058926581617442284
0.007660343767206959
0.00012013646706394549
0.11569424518030051
0.0002963827987086512
18549559457234084e-29
8514467758491557e-20
3736149734589704e-21
0.00012470817997591293
0.016216642983997644
0.003896459810738507
0.00016353796975222
0.0001521037968358097
37998745035654866e-25
0.000514350403357477
0.022688230308578212
13135133477132138e-24
0.0018042987897380607
0.0017992527861035073
4418641058473717e-20
0.10213976966398276
4337147286078266e-20
0.23349416304014775
0.001908906336837821
0.16297634360918564
0.0032973552044167974
0.0007006386848487152
0.0005691306769388126
44750236648517e-18
0.23353286688501437
12101918673301773e-21
2156739774308829e-20
0.008268114341949006
0.006424051648822142
21715984529984242e-24
8722638492786975e-20
0.0030510965468091415
0.12289759814726323
0.029811088081636464
0.00010010787882906734
0.02276319137414404
0.0003540596264267839
0
0.10605887134567603
0.012265229500297297
0.23480159174688106
0.23118521263873376
0.23380503415840986
0.05096441070736176
0.029287109110181495
0.21482676478605423
0.23457134925062045
0.21187375594359106
0.22985304742689094
0.18388003986576407
0.0007649204484571454
0.015617224847156419
0.1298906877594529
0.21791392241562768
0.12652596161516105
0.000299189126747885
0.02666409883745235
0.2098300875029689
0.10747930695047908
0.15042719028326318
