1.566803422667497
8207795815739441e-50
7290560748641162e-32
0
12630659777224268e-21
9800744751648766e-26
12682956431211571e-21
0
12770135150944303e-21
0
0.0012297144230404356
0
13.808318024631955
0
9.331574871980873
0
34.1887267959628
27.40145738417272
0.0007553688971624222
0.014058134564879981
34942708836351034e-95
7.89760693644117
0.24484510153798722
3661719792185223e-34
0
16348351170098084e-21
25112771677918537e-23
0.0014057589848082987
0.0069029704442240105
0.006842641042747361
0.012343745546562673
16608677636624318e-22
14120842851723815e-25
0.0011857114217743896
18152409896826837e-22
14659330280295992e-23
17949353526608046e-30
19030833243451226e-21
21772810863685012e-21
3.07123432535055
3.0664835291850916
0
1.0827311804005268
0
3.069437908011188
3.470668345180735
4.314333234927509
0
5.284383112385333
0
4.418195999216745
0.5606521644399342
15.4529967208659
14.460881637365125
0.1782920458289906
35.55450286113211
25.412481186161873
1.2698756752311262
11411971257780018e-21
0.012402907656909594
0.1749334915316648
35.36237837420291
0.5905432382469195
0.2381324868466872
2.149098677688435
0.6916347653611866
20.86749751589741
0
20.9414003472491
0
16.20045613160413
0.00013361156344735705
0.0001336034157284609
0.004260901975830301
5.110930015483782
0.13613191831772267
0.07502890948255579
0
0.00036286916326562214
0.7962714624554394
0.0668923330214778
0.026843518119762325
0.010846860202220046
0.00020534753221724563
0.00011147814851381064
0.00113344758515366
1.977874437821802
0.40623655243240153
0.003833621826474718
0.0002990660827218452
0.0004458819811066313
0.006380274074268732
0.005600689876952911
7071299822575085e-23
0.07121960803414673
1.1087134466813935
0.019426919973964785
11439365614080293e-27
13193984940332594e-22
11368198367715563e-21
0
0.7998060804150053
0.4134493641026033
0.045202835426661626
0
0.28413023186064185
0.018145734592748354
0.06634727696003498
0
0.000626454127332766
0
0.12329468453817091
0.5385308115549245
0
0
0
0
1506467914483859e-21
0.3432100019623899
19267067307053137e-23
32592450302584353e-23
0.3564492740671836
0.2305471480193168
0.18501258387177139
0.5172085925670663
0.0005125077935414803
0.4335910471702098
0.0010646368326388453
0.48621702720228605
9447751620010691e-22
6733301783848906e-20
0.4647761843180005
0.0008249861437253937
11738833922199446e-32
0.18499204289327892
0.01364621781115743
0.19160667234496592
0.02143775843874104
0.038366604072849496
0.026646741752670334
0.09339607510437671
0.2348147242112525
0.19015224833078212
0.2264787494293017
6649965554216935e-33
0.1353212715507428
0.13560192958662545
0.42715548635041356
0.5306576040407789
0.00031877000446519727
0.5307857980703946
0.6409007208890581
11.289453919612827
2.12371150519272
2.8160308504359715
0.08585504560200036
0.47267996896188536
2.6723736211578553
4.230754789793596
0.5549721790233348
4.973732223184272
6.941424053086264
4.148596834384289
2.467671038311991
2.818592253014
0.6521724198131901
29.755143107699777
619.0324462964493
4.002021374565158
3523.968562478106
1.0999791423419614
23.218278245011952
1.167205676111023
44.97472092360095
1.3057242743869273
1.3968819305281754
1.0999781304018894
0.8541501177283336
1.0706673157397484
2.988465731598951
0
0.0007262927629711566
0.0008070631407889794
0
0.007460146739326722
0.00604019870245638
0.005693844748377305
0.003880704239324578
0.005468565490614606
0.008774401134382489
0.004123478260065945
0.009505617585842993
0.0032939316308057583
0.005534706989809602
0.00780235951520792
0.01603214598900297
0.005483102516590218
0.00774422127126377
0.006184323803288778
0.008199967381726845
0.0055450887682587284
0.010520722122045382
0.014497555542694641
0.010811849739258942
0.006560317210532798
0.0018991102086992246
0.0074160925056024375
0.022660053983150064
0.06930764169642996
0.040694700604530704
0.10706199861649365
9119476625531756e-20
0.010057755398430278
0.19207731060694735
480609129786388e-20
0.07101066929523871
0.010869625197607622
0.0012687435433500962
5486335062012282e-21
12044225603030419e-22
0.0966158794208213
0.08476458522885279
0.004135019863898575
0.03970249669522305
0.02005314122184136
0.005766754424156499
0.012034511137825088
0.00048275734212611905
0.23407385433376185
1569912999130075e-24
0.07544712279293612
0.0003418510420638095
0.009583333705265226
0.010857836395824636
0.00015704831109268963
0.00017085920530400306
0.22818398962948075
0.0003934227868949403
0.055072624651758495
0.20262662544600918
13179218946442142e-22
25861623200328683e-22
0.00014471496711112954
12571387269233414e-21
0.0005942931779845677
17002916372288205e-21
1443227567899085e-22
10044035323829974e-22
1907678961217757e-20
0.07343714070282469
0.0741759747013387
4349884766343458e-20
0.00021265864801258704
0.019437491345781894
0.008128340306636063
0.08696306456493579
0.020004012581208916
27828445764403087e-21
0.12683131432066325
0.037916004854233604
5573476796969337e-22
0.22132196103909055
4458962487089029e-22
0.0037574603966648644
0.0009820666640188633
22994565953021873e-28
0.2240530980715983
0.22951151058311536
0.017948519905975943
0.21848060287326534
0.2087112789211596
0.0073779111956017085
0.16978048631647386
22332184590581766e-26
4630606021230223e-21
0.0006292175593742746
9120222900072538e-20
0.12183761887803154
8645596506562204e-22
0.00011180802810484129
0.14746000776094498
0.0009287285295223729
0.011785481770163487
12200666780905722e-21
0.12766927093979333
0.09200927464815574
0.021034491480098776
31468560243893463e-21
0.00015343725448463324
1200667883341431e-22
0.013591264045990521
0.1484373190971828
833331448164701e-23
1110323575296144e-20
9106292753808094e-21
9649747949204197e-20
105863465383035e-19
0.2320563338061694
0.14742730997920236
0.005142158330763565
0.0015471598807427498
0.040993961072171146
0.005866435841285893
6760170242804962e-20
0.028020384337507108
832333099569604e-19
0.0007207078224591381
0.07773341459059535
997037378083447e-21
0.22129450307741702
0.22010281119858235
0.0018264738410111374
0.0005369409683776015
58299100769873095e-25
0.0010302662563343237
10390421241859666e-24
0.01022761747766817
0.02890089330336493
0.0009035025790537108
0.00033757699707960857
0.00015453765484481046
26181775290737413e-22
0.006105284580409572
0.030179202400036773
0.02124747008780138
11257175881198912e-24
0.20914877737501975
0.06517092062289562
0
0
8177585120952311e-20
6661512220619191e-20
1033637653246239e-21
7596601377607505e-22
0.0001934647409948514
0.009707535788763424
0.0053766005295623545
1520423355264276e-23
0.00013149018092948776
7328703491649761e-21
0.05492606516470264
0.013319918551641207
0.09532180053576501
3845635076969869e-22
0.05892561567101003
0.007660328849604647
0.00012013646343851975
0.11569002464149164
0.0002963827766369773
18549559457234084e-29
8514467576395517e-20
37361497310839725e-22
0.00012470817606928278
0.016216575192856224
0.0038964559742401495
0.0001635379630336624
0.00015210379102400287
379987450356186e-23
0.000514350336861416
0.022688096173241135
13135133477088807e-24
0.0018042979698106468
0.0017992519707622722
44186410094354546e-21
0.10213658762048254
43371472388322254e-21
0.23346059476646056
0.0019089054189294912
0.16296669215440865
0.0032973524595968314
0.0007006385614266109
0.0005691305955173179
4475023614553936e-20
0.23349134479541722
1210191863651902e-20
2156739762626277e-20
0.00826809694634431
0.006424041178489358
21715984529865807e-24
8722638301677309e-20
0.0030510941975815916
0.12289274560375789
0.029810853667972793
0.00010010787631178347
0.022763056333903135
0.00035405959492599935
0
0.10605540819229271
0.012265190971279108
0.23476457185119382
0.23115432945874925
0.2337709570431866
0.050963699022751205
0.0292868830693189
0.21477568344372575
0.23453549649444405
0.2118219739391718
0.22982331268090384
0.183866679663508
0.0007649203013339684
0.015617162037063752
0.12988516324490434
0.21789081599978063
0.12652076788553063
0.000299189104256158
0.026663912315599708
0.2098099927657817
0.1074757381619033
0.15041931156002178
