1.5767935861940605
14481898276609734e-51
3511325236716602e-32
0
11833668807480987e-21
9195289273103427e-26
11882302797096523e-21
0
11963583762048351e-21
0
0.0012189394987026365
0
17.908366252107168
0
10.499237599474874
0
34.33553996761869
27.415934692119187
0.0007583591123057805
0.012364500083513513
18565684598244537e-95
7.8912973051494175
0.23475779220927015
17513730466850062e-35
0
13781793645009477e-21
20942089215175732e-23
0.0014020809351408983
0.006902245156705283
0.006809254366189484
0.012311473174658008
16486436617437606e-22
14281407950192972e-25
0.0011799666755482495
1800873451639516e-21
14928659083557908e-23
17749087385324202e-30
16045853457150115e-21
18357845700992323e-21
3.0639269506698135
3.066704122000356
0
1.0875158294011855
0
3.194371826862529
3.6868780699584724
4.310682502936608
0
5.278372474510565
0
4.417815941375161
0.563529900216377
15.494005019554837
14.505515637080366
0.1771687352063361
34.87823233589666
25.644814073360564
1.264745767189537
6114882767464912e-21
0.012513509386253523
0.17656897038780778
34.90448610462658
0.5792488558302211
0.23353040828014923
2.145204676818882
0.6802132520957119
20.698558343747553
0
20.741848651676122
0
15.986401709876773
0.00013511067214614376
0.00013510005001097402
0.00428787626737397
5.110705804790425
0.13600397073078188
0.0747622154339167
0
0.00035433108688591973
0.7927418530591004
0.06430614575641319
0.026644192271266205
0.010902051235697669
0.0002149978537613657
0.00011614935027313014
0.0011262331436080284
1.9110681688805211
0.4063614174218117
0.003694776237312568
0.0002990524558740326
0.0004472479867208321
0.005998720025977571
0.005153356650075632
6912156666526818e-23
0.06889701291251786
1.2388562954630846
0.018673564023905704
10782067791928117e-27
1296666525412654e-21
11397943101632702e-21
0
0.7993619957147643
0.405722383807077
0.045221879537488116
0
0.2830393817334175
0.017968962936046225
0.06634177460526415
0
0.0009681267931001363
0
0.12322839448198267
0.5348910203923536
0
0
0
0
1493038582179195e-21
0.34169463001845785
18978768114526447e-23
30009475134695117e-23
0.3556270094818756
0.22445863000544505
0.1850059061383888
0.5165658934392995
0.0005198281614579003
0.43159125898533596
0.001060028664182358
0.48414117948146507
9444868605697505e-22
6823336890530059e-20
0.46687911347509914
0.0007963945674437996
8671414805311133e-32
0.18463597721926936
0.013102161566710189
0.19106810544751887
0.02031242605625109
0.037093991231556885
0.025522706349210035
0.09081891309802123
0.23437015420337942
0.18465385399749576
0.21722950259817692
4784286190475302e-33
0.12861843834018902
0.12877018374960472
0.4263703820619049
0.5299647807928507
0.00031644814637901355
0.5300958727647881
0.6244575915124798
10.831290939945
2.123158163980708
2.8125027257311372
0.08533737367079125
0.45579413790558543
2.671092237672956
4.221887285464881
0.5524845564908184
4.822362660887114
6.680741228605746
3.9931053404983317
2.466201404443202
2.7116597779888427
0.633670994984437
28.956483335416976
619.028923526195
4.002019585287712
3499.1308355571437
1.0999790093518085
23.21827324219073
1.1671079956349
44.97180516710872
1.3057323291785614
1.3968807232034488
1.0999779973804917
0.8528453702220026
1.070332474710795
1.6120340457895204
0
0.0006998867424539649
0.0008046221017166242
0
0.007396188166445725
0.005692612629187743
0.005370698818131395
0.0036448176631564046
0.00518818384611087
0.008458528145126855
0.00387654505320887
0.00899961534193796
0.003094476860549885
0.005220719482213924
0.007380083357834593
0.015193946630704324
0.0051625089538448925
0.007337514526277298
0.005839889390891253
0.007774122577820533
0.005295212213070739
0.00997595558684727
0.013689177059475166
0.010243861606071275
0.006205775125491592
0.0018990740706320028
0.007415536585235052
0.022654732396067166
0.06925340587388962
0.04067699132011239
0.10692136577545348
911946831604326e-19
0.010056728548736257
0.19147515566015408
4806091067104219e-21
0.07095353912212046
0.010868424307393215
0.0012687274301213438
5486334761307059e-21
12044225458109466e-22
0.09650413002314989
0.08468080501272636
0.0041348479342133045
0.03968567037977071
0.020048991797410716
0.005766419163306004
0.012033036277985945
0.0004827550121146049
0.23246666367358615
15699129991054517e-25
0.07538204252677047
0.0003418498739681505
0.009582402155824014
0.010856638131925212
0.00015704806463311902
0.00017085891358462193
0.22636038035622766
0.0003934212396515523
0.05503931909407931
0.20191652003997337
1317921877292083e-21
2586162253216034e-21
0.0001447147578456091
12571385690359188e-21
0.0005942896463353315
17002913484063573e-21
14432275658182286e-23
10044035223046402e-22
1907678597640995e-20
0.0733757364745364
0.07411323361492103
43498828759264865e-21
0.00021265819607029342
0.019433596788499492
0.008127671714491568
0.08687446041397068
0.019999883801621966
2782843802746046e-20
0.1266237004138085
0.03790070751725416
5573476765936223e-22
0.2203441784159029
44589624672262274e-23
0.0037573185153557003
0.0009820570141439485
2299456595302133e-27
0.22302069687763862
0.2277202920578921
0.017945207361992007
0.21755355604920726
0.2066365995628965
0.007377361018334565
0.1693536601041718
22332184590531923e-26
4630605807014477e-21
0.000629213600228662
9120214589223906e-20
0.12164857426618912
8645596431889286e-22
0.00011180790319564198
0.14716195516187403
0.0009287199001138005
0.011784067888603273
12200665293778905e-21
0.1274584237240958
0.09190897787781935
0.021029918504156343
31468550350445146e-21
0.00015343701922991947
1200667881901246e-22
0.01358937816677393
0.14813437021667614
8333314480953255e-24
111032345213343e-19
9106291925366324e-21
9649738645197823e-20
10586345418680038e-21
0.23079542268152262
0.14712942014886632
0.005141892025482162
0.001547135909256816
0.040975980709643665
0.005866088834914701
6760165676827942e-20
0.028012172873069768
8323324073826786e-20
0.0007207026275199641
0.07766400116844077
9970373681523744e-22
0.21934924898711425
0.2181414707497068
0.0018264404182796253
0.0005369380857390782
5829910076647769e-24
0.0010302556351855158
10390421240781127e-24
0.010226555359824353
0.028892144443653373
0.0009034944123821152
0.00033757585801755827
0.00015453741620325128
2618177460592352e-21
0.006104908599551926
0.030169641447825985
0.02124280237485822
11257175879932917e-24
0.20707741681981312
0.0651233600405018
0
0
8177578439386992e-20
666150778694839e-19
1033637642572664e-21
7596601319955857e-22
0.00019346436696392435
0.00970657974544978
0.005376309279437728
1520423355033335e-23
0.00013149000816739778
7328702955072985e-21
0.05489294584462988
0.013318108024182823
0.09521334517279259
3845635062195501e-22
0.05888720490801947
0.007659735477919514
0.00012013631922572763
0.11552226405307979
0.00029638189866703637
18549559457234061e-29
8514460332947477e-20
3736149591632317e-21
0.00012470802067069908
0.016213878813661244
0.0038963033683363994
0.00016353769578181316
0.00015210355984101708
3799874503417614e-24
0.0005143476917753249
0.02268276115520482
13135133475365206e-24
0.0018042653548829314
0.0017992195382619217
44186390587825084e-21
0.10201009205233597
43371453594706245e-21
0.23212921631223726
0.0019088689065538992
0.16258323793868037
0.0032972432774749524
0.0007006336519361058
0.0005691273567269367
4475021613800299e-20
0.23184564502323804
1210191717336763e-20
2156739297915529e-20
0.00826740501032748
0.006423624701424291
21715984525154616e-24
8722630699683741e-20
0.0030510007510246035
0.12269987551385955
0.029801530611118485
0.00010010777617883459
0.022757685326988613
0.00035405834188402264
0
0.1059177418889863
0.012263658454762833
0.23329671153473514
0.229929192640425
0.23241945167510952
0.05093539755467596
0.029277892987345063
0.2127535807781287
0.23311377431569114
0.20977241124927473
0.22864363280249878
0.183336021526711
0.0007649144490629678
0.015614663770021128
0.12966559851044984
0.2169736689541316
0.12631434353133947
0.00029918820957729983
0.026656493871698956
0.20901221929962047
0.10733387427236198
0.15010624464845782
