1.5815701589526605
635637162788214e-50
24761579107922056e-33
0
11471797666117238e-21
8920291688279203e-26
11518983984593154e-21
0
11597744875865237e-21
0
0.0012151616339383317
0
18.789268189195443
0
11.153204148888166
0
34.42721456690252
27.42282563831071
0.0007478113788375861
0.01170752274391514
13738492856606488e-95
7.886640256406823
0.23178181061251465
12308910692641091e-35
0
12701173919194361e-21
1919897894574568e-22
0.0014010296664637035
0.006901898404201059
0.00679985346628326
0.012302253358272125
16446409822382923e-22
14298073953470818e-25
0.001178357697243403
17960208470280613e-22
14994545039398854e-23
176747093340516e-28
14788904462224215e-21
16919803333582623e-21
3.0623678129812397
3.065091006571216
0
1.0895784207385422
0
3.2668380198570306
3.6663883255765093
4.308937452093404
0
5.275299663984959
0
4.417632822243473
0.5655087827516146
15.53377761623706
14.547249125499237
0.17702212684437515
34.989734073210684
25.776298911182437
1.2622995597687385
55362780855405754e-22
0.01257559553447777
0.17750837098054265
34.64858466400476
0.5731334714993863
0.2309026006060528
2.143348999683692
0.6747729231593096
20.620344404816752
0
20.652763342784954
0
15.925594638241295
0.0001359635323839139
0.00013595165603973798
0.004303826042855353
5.11057344916411
0.13591695007869184
0.07462217485595411
0
0.0003520834818535231
0.7914972163219143
0.06357894490991953
0.026582113322051744
0.010933014804173712
0.00022050614429348857
0.00011886397808451254
0.0011227417676765844
1.891943956914949
0.4065513402507571
0.003655930456706152
0.0002989951118242617
0.0004478738098342707
0.005856895039863281
0.004988773814280928
6846455388704488e-23
0.06825133340124828
1.3109699131143777
0.018461619930556006
10591458178418818e-27
1287651383046502e-21
11410195823943677e-21
0
0.7991511213974057
0.4014596564376244
0.04523583789341925
0
0.2826910064867833
0.01787827920640627
0.06633572593659612
0
0.0010592785619481775
0
0.12319693320212023
0.533161627311874
0
0
0
0
14900499105883986e-22
0.3408015371785482
18866915901579208e-23
28937071353948227e-23
0.35523267482258886
0.22237710601803376
0.18500044026331328
0.5162585635361026
0.0005238325828796203
0.4305969994136312
0.0010578239832876363
0.4831479771701313
9443481468903971e-22
6872500153307928e-20
0.4678730263624983
0.0007882291850261085
752612963372112e-31
0.18443940369863465
0.012848774796974794
0.19081066121906048
0.019994388847833142
0.03673349627314334
0.024999617386923908
0.08961426009268479
0.23415639633360605
0.18315679560846507
0.21452040820268467
4120097632986453e-33
0.1266031542290146
0.12671909630753206
0.4259913681405593
0.5296327765478309
0.0003151548767757191
0.5297655740390574
0.6200162818680279
10.701033994072645
2.1226912464901835
2.8100681608913898
0.08503448760672196
0.4509622937062284
2.6700290576238355
4.2157854157322365
0.5510147604352107
4.786882291051013
6.622723199263716
3.946768496216004
2.4652480697802903
2.689142749953783
0.6284987802950408
28.753178964924068
619.0272391996455
4.002018729785091
3487.317170289863
1.0999789457655538
23.218270850204284
1.1670612947934553
44.97041113029744
1.3057361672880536
1.3968801458977764
1.0999779337792972
0.8522220802039853
1.070172414999378
1.459866472652417
0
0.0006912422999572456
0.0008032740580143494
0
0.007361561334720009
0.00559406847486062
0.00527983328448548
0.0035748273816486003
0.005112826373001968
0.008373625497399942
0.003804340569801907
0.008862111505446755
0.0030356891585492894
0.005132478714657749
0.007264231618394421
0.014970865682106734
0.005070783047921449
0.007227483661193778
0.005743479961487203
0.007659284306359981
0.005237594142439302
0.009829892679779673
0.01346347007161985
0.010089578243810612
0.006109208912343218
0.0018990567922682034
0.007415270799098343
0.022652188440124392
0.06922748923052927
0.04066852674619625
0.10685419062730388
911946434305027e-19
0.010056237620618523
0.19118791619595524
4806090956771666e-21
0.07092623985446685
0.010867850175539559
0.0012687197260145104
5486334617531601e-21
12044225388818766e-22
0.09645074523658104
0.08464077664671164
0.004134765732414247
0.03967762777430381
0.020047008146542766
0.005766258872732825
0.01203233117068479
0.000482753898075801
0.23170212564306875
15699129990936782e-25
0.07535094569652892
0.00034184931547080467
0.00958195678833798
0.010856065255631034
0.00015704794679413648
0.00017085877410571488
0.2254936196037357
0.00039342049987395837
0.05502340190640781
0.2015778789705484
13179218689955507e-22
25861622212690625e-22
0.00014471465779009819
12571384935455937e-21
0.0005942879577638281
17002912103123875e-21
14432275648233135e-23
10044035174858998e-22
19076784238049404e-21
0.07334639556470117
0.07408325412638311
4349881972066275e-20
0.0002126579799845555
0.019431734968983077
0.008127352061577883
0.08683212823153666
0.019997910019349342
2782843432821552e-20
0.12652455460363102
0.03789339561951889
5573476751098435e-22
0.21987820120840784
4458962457729273e-22
0.00375725067988117
0.0009820524003060686
22994565953021073e-28
0.2225287597537537
0.22686880769999382
0.017943623759377542
0.2171117004223178
0.20565193833563175
0.007377097977904458
0.16914996205951097
22332184590508105e-26
4630605704592021e-21
0.0006292117072607353
9120210615580599e-20
0.12155829050137
8645596396186105e-22
0.00011180784347315751
0.1470196609486448
0.000928715774183855
0.011783391932767267
12200664582742616e-21
0.12735773493761812
0.09186106186643778
0.021027732389537812
3146854562011568e-20
0.00015343690674827882
12006678812126538e-23
0.013588476568369597
0.14798974056260514
8333314480621554e-24
11103233932459438e-21
9106291529265486e-21
9649734196698895e-20
10586344883357218e-21
0.230194969620054
0.14698720357448433
0.00514176470245468
0.0015471244479593874
0.040967386589327734
0.005865922928849756
6760163493709467e-20
0.02800824759579463
8323320764292191e-20
0.0007207001436894756
0.07763083460302268
9970373634040543e-22
0.21842522099421802
0.21720988536738428
0.0018264244381658514
0.0005369367074755518
58299100764854276e-25
0.0010302505569599804
10390421240265446e-24
0.010226047570961577
0.028887962308413083
0.000903490507697234
0.00033757531340192936
0.00015453730210226917
26181774278495115e-22
0.006104728840914467
0.030165071163232485
0.021240570974904824
11257175879327613e-24
0.20609430379831237
0.06510063228062997
0
0
8177575244748233e-20
666150566708912e-19
10336376374693331e-22
7596601292391013e-22
0.0001934641881296761
0.009706122668041306
0.005376170030294193
15204233549229163e-24
0.00013148992556515717
7328702698520841e-21
0.05487711764169067
0.013317242448026987
0.09516153328559747
38456350551314686e-23
0.05886884851132488
0.007659451786790756
0.00012013625027367481
0.1154421390724461
0.000296381478886308
18549559457234036e-29
8514456869657336e-20
37361495249566345e-22
0.00012470794637041804
0.016212589758820412
0.0038962304053562513
0.00016353756800148626
0.00015210344930617858
3799874503348645e-24
0.0005143464270915074
0.022680210779236206
13135133474541096e-24
0.0018042497609946449
0.0017992040315954441
4418638126121831e-20
0.10194966640364671
4337144460896288e-20
0.23149533318100826
0.0019088514492267303
0.162400216857386
0.0032971910757682308
0.0007006313045854245
0.0005691258081784271
44750206571851106e-21
0.23106289439952632
12101916473794654e-21
21567390757245367e-21
0.008267074197093409
0.006423425581792282
2171598452290207e-23
8722627064963258e-20
0.0030509560726593482
0.12260776599475143
0.0297970740308281
0.00010010772830254498
0.022755117748266256
0.0003540577427716558
0
0.10585198299248907
0.012262925784008366
0.23259813367974058
0.2293457175776912
0.23177602348797793
0.05092187139633958
0.029273595556384913
0.21179349616865314
0.23243705835894005
0.20879947835571697
0.22808173696076547
0.18308284069864744
0.0007649116509465907
0.015613469420859479
0.12956074974981824
0.21653652081098917
0.12621576539786317
0.0002991877818076036
0.026652947638404825
0.20863185442009177
0.1072661114183654
0.14995678905390225
