1.5828750613711544
5078347713454097e-51
22508115467506113e-33
0
11374796212056776e-21
884656362182829e-25
11421617611783799e-21
0
11499743694429281e-21
0
0.0012142399855859982
0
18.973503382649305
0
11.330677281432958
0
34.45458512640173
27.424712192187886
0.000744493548837458
0.011539516456413797
12652967998851699e-95
7.885263330968729
0.2311060075689336
11178415838233526e-35
0
1242098683187205e-20
18748592626553875e-23
0.0014007962025259833
0.00690180367848163
0.006797784088242386
0.012300206390367711
164369551534605e-20
14296821407090189e-25
0.0011780046322949684
17948572235017073e-22
15006397324221034e-23
17656138271024276e-30
14462981079374693e-21
16546921634876e-18
3.062261858450266
3.064698487192114
0
1.0901270716090303
0
3.2865275432386922
3.6584767669147134
4.308460795034693
0
5.274449570744788
0
4.417582811295385
0.5660476674373064
15.546176101083608
14.560204424554886
0.17701849007331363
35.02501024033843
25.811795399211505
1.2616315738528419
5428438226570272e-21
0.012592297594254856
0.17776344237809752
34.58100825186841
0.5715248139157671
0.23019226863005263
2.1428428150179832
0.6732965034642456
20.60085612652637
0
20.630780811137676
0
15.91196239027357
0.00013620792218252824
0.00013619575856690396
0.004308137500132266
5.110537362842728
0.13589197641325756
0.0745839960903934
0
0.00035163410291135866
0.7911690338532418
0.06341727177553674
0.026567669533950677
0.010942854676378696
0.00022201067664485782
0.00011960445628395871
0.0011217906397032412
1.8876608096003216
0.40661822017647553
0.0036473403234410537
0.0002989789913446571
0.00044808438513122993
0.005823725163187237
0.004950678561194584
6829637319499634e-23
0.06810883720129934
1.3304445593293754
0.018414471625673064
10548947870457009e-27
12853917905697248e-22
11413504410400217e-21
0
0.7990930853245971
0.40032074950049884
0.045243761983299054
0
0.28261574939199574
0.01785306158351281
0.06633291836396778
0
0.0010793295833041252
0
0.12318835647413072
0.5326901936266648
0
0
0
0
14893586130258874e-22
0.34054663458747275
18839236206398738e-23
2866071934409622e-22
0.35512479671639896
0.22187089590780049
0.18499866393071926
0.5161745744228061
0.0005249261057933903
0.43032567018857737
0.0010572213718172993
0.4828765206796989
9443101541233746e-22
6885885880438688e-20
0.4681436057370434
0.0007864042806105398
7242184664264094e-32
0.18438355230428674
0.0127803044363024
0.19074033817992628
0.019923221225922685
0.03665331593581723
0.024858342596546484
0.0892879840149786
0.23409786716042327
0.182831328740376
0.21390505281459526
3957628038132185e-33
0.1261382551327574
0.12624642012695866
0.4258875036967932
0.5295419917717573
0.00031478975763995045
0.5296752879280414
0.619056596437145
10.671899792763465
2.122551020758152
2.8093601298091895
0.08494821643710801
0.44987967499737586
2.669710459435665
4.214012499886687
0.5505950802617922
4.779832311031678
6.611511415580467
3.9361512588816594
2.464970973027602
2.6849597305583566
0.6273575177352287
28.708671920624035
619.02677906262
4.002018496072061
3484.0967606241597
1.0999789283945518
23.218270196742306
1.1670485370083865
44.97003030366673
1.3057372144679265
1.3968799881791558
1.0999779164042132
0.8520518664042285
1.070128692769709
1.431464092308524
0
0.0006891788354619669
0.0008028910782962687
0
0.007351810494235923
0.005571904846625459
0.005259487052729994
0.0035587249633080753
0.005096381804771362
0.008355199783377612
0.0037878413027922463
0.008831905502789972
0.003022202757267231
0.005112725986146308
0.007238645114462653
0.01492244700084313
0.005050051633987611
0.0072033800445861496
0.005721950213472317
0.007634177547383116
0.0052263721150495246
0.009798063679866135
0.013413138824862145
0.010055706320105415
0.00608796579780831
0.0018990520720536773
0.007415198191168629
0.022651493511538168
0.06922041080110237
0.040666214632414065
0.1068358465228859
9119463257676512e-20
0.010056103509109572
0.19110952078250404
4806090926630134e-21
0.07091878384860052
0.010867693334874107
0.0012687176213530126
548633457825387e-20
12044225369889377e-22
0.09643616628939043
0.08462984466793205
0.004134743276152342
0.0396754309143698
0.0200464662710375
0.0057662150840446
0.012032138551008228
0.0004827535937342014
0.23149370064903108
15699129990904621e-25
0.07534245264644639
0.00034184916289618344
0.009581835122879547
0.010855908757952035
0.0001570479146019544
0.0001708587360017693
0.22525740868736868
0.0003934202977758298
0.05501905432214071
0.2014854651014879
13179218667290373e-22
25861622125415324e-22
0.00014471463045614405
12571384729225426e-21
0.0005942874964671694
17002911725867723e-21
14432275645515146e-23
10044035161694777e-22
19076783763150167e-21
0.07333838202047264
0.07407506619870169
4349881725142533e-20
0.0002126579209525604
0.01943122637323078
0.008127264738420051
0.08682056717452317
0.019997370839570223
2782843331762623e-20
0.12649748266011326
0.037891398342042776
5573476747044931e-22
0.21975107328587495
4458962455134819e-22
0.0037572321482556978
0.000982051139864638
22994565953021e-25
0.22239455724097898
0.2266367465846149
0.017943191162430684
0.21699114690842278
0.20538375763680503
0.007377026120043217
0.16909435681715615
223321845905016e-24
4630605676611433e-21
0.0006292111901255802
9120209530029183e-20
0.12153363771415988
8645596386432423e-22
0.00011180782715769623
0.14698081180876857
0.0009287146470324413
0.011783207276479175
12200664388496033e-21
0.12733024180385444
0.09184797613144786
0.02102713520875248
3146854432784651e-20
0.00015343687601965733
1200667881024539e-22
0.013588230272896422
0.14795025403810907
8333314480530936e-24
1110323377158589e-20
9106291421055487e-21
964973298142267e-19
10586344737113445e-21
0.2300312048914295
0.14694837562378527
0.0051417299198781566
0.001547121316885088
0.040965039092166575
0.0058658776061176355
6760162897307793e-20
0.02800717535275785
8323319860167241e-20
0.0007206994651382498
0.07762177635842209
9970373621068703e-22
0.2181734652681335
0.2169560800062731
0.0018264200726146452
0.0005369363309510937
5829910076441077e-24
0.0010302491696539927
10390421240124569e-24
0.010225908853516352
0.028886819904481175
0.0009034894409870668
0.000337575164619621
0.0001545372709312633
26181774189045603e-22
0.006104679733930077
0.030163822736676126
0.0212399614239506
1125717587916225e-23
0.20582654174666715
0.06509442470863173
0
0
8177574372011437e-20
6661505087969098e-20
10336376360751643e-22
7596601284860627e-22
0.00019346413927433202
0.009705997803715718
0.005376131989724659
15204233548927507e-24
0.00013148990299922424
7328702628433873e-21
0.05487279436017015
0.013317005992780913
0.09514738380302017
38456350532016586e-23
0.05886383475899643
0.007659374287602409
0.00012013623143680741
0.11542025955469283
0.0002963813642073486
18549559457234034e-29
8514455923528232e-20
3736149506741638e-21
0.0001247079260724796
0.01621223762231375
0.003896210472982336
0.00016353753309345008
0.00015210341910939975
3799874503329804e-24
0.0005143460815955896
0.022679514096965257
13135133474315959e-24
0.0018042455009547353
0.0017991997953832907
4418637871330148e-20
0.10193316506644608
4337144215416584e-20
0.231322465139692
0.0019088466801219827
0.16235025353203467
0.0032971768150314514
0.000700630663318725
0.0005691253851342703
44750203958493436e-21
0.230849516280424
12101916282679711e-21
21567390150246252e-21
0.008266983825185587
0.0064233711857691975
21715984522286698e-24
8722626072001457e-20
0.0030509438671793253
0.1225826148055924
0.02979585666242172
0.00010010771522332055
0.022754416366917843
0.00035405757910151535
0
0.10583402555141952
0.01226272563475365
0.2324076546335474
0.2291865768419194
0.23160055660729584
0.05091817683674105
0.029272421659464823
0.2115319668583412
0.23225252955255332
0.20853447040435558
0.22792847404240774
0.18301373555660136
0.000764910886536519
0.015613143154873518
0.12953212107254056
0.21641725042367693
0.1261888484153117
0.0002991876649461568
0.026651978932027667
0.20852806372746313
0.10724760686006152
0.14991598546244977
