1.595299471391519
6033232554364688e-52
9074272971190051e-33
0
10486202098473857e-21
8170726164627768e-26
10529999323670266e-21
0
10602879457022269e-21
0
0.0012071657848764517
0
20.04592935855824
0
12.899597326449253
0
34.755425616009944
27.4429023076429
0.0007086994022241569
0.010112245407807773
5752835265818326e-95
7.870906897518192
0.22667756035114292
4467834411656895e-35
0
10044207581774526e-21
14958831357542524e-23
0.0013993444434520154
0.006900901823132703
0.006785237942262773
0.012287487411133112
16369731724387023e-22
1420154825286918e-24
0.0011758839088490897
17862735755570638e-22
15029402125433774e-23
1750688290440327e-29
11697897627834617e-21
13383453326566146e-21
3.0660068528768334
3.0641682907881265
0
1.09519789691254
0
3.4596079836307077
3.595631292012205
4.3039244533127885
0
5.266287141445836
0
4.417108362371758
0.570473833328882
15.678912605292101
14.698545037559697
0.1775565680455627
35.38090033724549
26.120160295330475
1.2552716391830938
488425309787161e-20
0.012736403700682205
0.180002585916767
34.039685070883095
0.55834811517665
0.22400309777707655
2.13803955278653
0.6595503968917656
20.45578452798592
0
20.468336073734797
0
15.824909565395968
0.00013867106316861619
0.00013865731050905977
0.004344975304144118
5.110214424710211
0.13564515328049223
0.07423179466800438
0
0.00034997368677472574
0.7877006684220222
0.06241065863609633
0.026467101130583648
0.011066231337641856
0.00023551002655647864
0.00012618549291476764
0.001112896682124711
1.8605452155403492
0.4075499591509491
0.003594777488504958
0.0002988441788669396
0.00045100096560265064
0.005613725429584325
0.004716048888434664
6690854855794516e-23
0.06723953326791121
1.5008515849966757
0.018120085586661554
10289672511221698e-27
12677305599539424e-22
11445041438908475e-21
0
0.7985247059321796
0.3908179028542946
0.04540920005472485
0
0.2822920536596431
0.01760953831448247
0.06628143936701213
0
0.0012034516472391598
0
0.12310695523407891
0.5282205575242652
0
0
0
0
14847825703202081e-22
0.3380031105914581
18630503554214957e-23
26350194302708574e-23
0.3540942274300751
0.21797187590080047
0.1849754163664401
0.5153735583497674
0.000534858158505379
0.42781487923600703
0.001051478893354412
0.48029041212686624
9439463045968117e-22
7006452997761504e-20
0.4707068148142128
0.0007749056213190431
5039007760398133e-32
0.18382777853961924
0.012144329610193731
0.19007095643940067
0.01947051762506073
0.036158021911712676
0.023548087251622284
0.0862378689956748
0.2335377642486148
0.1809486363792556
0.20984688472287472
27218504617916107e-34
0.12293813784746713
0.12299796501933202
0.4248929074338201
0.528675745907541
0.0003111889135221469
0.5288142512116855
0.6136243606341606
10.487510756588625
2.121088173955305
2.802266772318388
0.08409058074895796
0.4430118376691359
2.666394533393299
4.196286018293074
0.5464059121735335
4.749758040412952
6.568118556515322
3.864402708052713
2.4621443624656414
2.6716560800798033
0.6204537312844096
28.434891846995537
619.0223979620619
4.002016270813247
3453.582738704159
1.0999787629994775
23.218263974914333
1.1669270728779408
44.96640448815943
1.305747152971641
1.3968784863682733
1.099977750970279
0.8504325312984142
1.0697124883789033
1.288780871535178
0
0.0006739726830998112
0.0007990151089047234
0
0.007255204918430591
0.005427520238063714
0.005128503574232715
0.0034477542579220847
0.004997964721057235
0.0082474276384365
0.003675930134773866
0.008647610527933964
0.0029298456972380693
0.00498565895418468
0.007080093247464488
0.014637327987999908
0.0049132356684522096
0.007057520735863438
0.005584374755338701
0.007483159257884423
0.005185388700779763
0.009608442652225477
0.013092997041182391
0.00984945050807103
0.005957783500804537
0.0018990071299085807
0.007414506902525416
0.022644877933044198
0.06915305096141121
0.04064420681100504
0.10666134386472775
9119452923478369e-20
0.01005482667840036
0.19036470022199398
4806090639642602e-21
0.07084783198411762
0.010866200116092148
0.0012686975823456225
5486334204277544e-21
1204422518965636e-21
0.0962974656146122
0.08452582835766448
0.004134529468721154
0.039654519971692115
0.020041307627681533
0.0057657981740326415
0.0120303047094338
0.0004827506960061983
0.22951858390977742
15699129990598405e-25
0.07526163542466748
0.00034184771018586963
0.009580676782951563
0.010854418804485441
0.0001570476080898103
0.00017085837320185283
0.22302072296025036
0.00039341837353751616
0.054977676728471966
0.2006076812703089
13179218451488102e-22
2586162129443821e-21
0.00014471437020073224
125713827656363e-19
0.000594283104326161
17002908133886827e-21
14432275619636265e-23
10044035036353854e-22
19076779241477166e-21
0.0732621262404279
0.07399715152917996
4349879374100145e-20
0.00021265735889011817
0.01942638453059652
0.008126433352578278
0.08671056757538072
0.01999223785762221
278284236954713e-19
0.12624001164038226
0.03787238687090853
5573476708450157e-22
0.21854432161865656
4458962430432163e-22
0.003757055707062913
0.0009820391388635033
2299456595302033e-27
0.22112081744171042
0.2244390706615594
0.01793907278534497
0.21584666437314062
0.20284777230359577
0.007376341972500016
0.1685658355361748
2233218459043965e-25
46306054101989665e-22
0.0006292062663310241
9120199194139493e-20
0.12129916061160984
8645596293564381e-22
0.00011180767181288104
0.14661143003124114
0.0009287039151173889
0.011781449247468039
1220066253900985e-20
0.12706876762634836
0.09172347582681048
0.02102145010125524
3146853202372442e-20
0.00015343658344253784
1200667879233432e-22
0.01358588543535574
0.14757481702429154
8333314479668132e-24
11103232239855441e-21
9106290390752167e-21
9649721410381133e-20
10586343344677937e-21
0.228477770226827
0.14657919514859086
0.005141398755181485
0.0015470915052024827
0.04094269452735129
0.005865446090847688
6760157218771685e-20
0.02799696822595995
8323311251697749e-20
0.0007206930044582991
0.07753558272170948
99703734975595e-20
0.21579090207967436
0.21455432012097314
0.001826378507272002
0.0005369327459496962
5829910076018797e-24
0.0010302359607457458
10390421238783218e-24
0.010224588172822945
0.028875944959231882
0.0009034792845477904
0.00033757374801705257
0.0001545369741420618
2618177333736704e-21
0.006104212189781161
0.030151938639797798
0.021234158562646398
11257175877587774e-24
0.2032944509414521
0.06503534999066966
0
0
8177566062398735e-20
6661499573977223e-20
10336376228008193e-22
7596601213161318e-22
0.00019346367410696637
0.00970480900938906
0.005375769806289295
15204233546055363e-24
0.00013148968814166405
7328701961112563e-21
0.05483164801460861
0.013314754834004
0.09501276720788303
3845635034827298e-22
0.0588161185384299
0.00765863643132456
0.00012013605208487461
0.11521214498213837
0.00029638027231304863
1854955945723399e-28
8514446915123545e-20
37361493333105975e-22
0.00012470773280922104
0.01620888519656362
0.003896020695326976
0.00016353720072279825
0.00015210313159612305
3799874503150406e-24
0.0005143427920256467
0.022672881825125432
13135133472172352e-24
0.0018042049402014044
0.0017991594614977311
4418635445374514e-20
0.10177618406400411
43371418781233516e-21
0.22968298316675273
0.0019088012724859848
0.16187530535381617
0.0032970410369019317
0.0007006245576345507
0.0005691213572058722
4475017907585336e-20
0.22882771617440728
12101914463010906e-21
21567384370806602e-21
0.008266123413668936
0.006422853286210375
2171598451642753e-23
8722616617687484e-20
0.0030508276571894295
0.1223434002430046
0.029784268183762928
0.00010010759069175944
0.022747739364529423
0.00035405602074745036
0
0.10566319929851543
0.012260820110735489
0.23060183528247485
0.22767686515714133
0.22993651743268875
0.050883013129387644
0.02926124695399056
0.20905797852024743
0.23050289060469728
0.20602802811766485
0.22647435546315606
0.18235706761716142
0.0007649036083721977
0.015610037009357676
0.12925985457379946
0.2152849228273106
0.12593285022237002
0.00029918655227173307
0.026642757319683626
0.20754242063933526
0.10707157862078419
0.1495280365855561
