1.5960482441473942
5307958316617723e-52
8590864463114153e-33
0
10434510699345415e-21
8131379906639521e-26
10478144306136026e-21
0
10550741688911238e-21
0
0.0012068152174645156
0
20.084483174830197
0
12.98525115474215
0
34.775390148015916
27.444016412180098
0.0007064124773004319
0.010034019053767097
5483881340998458e-95
7.869999413616937
0.22649727309788412
4227661789191986e-35
0
9916460653835914e-21
14756872592420945e-23
0.001399288886863737
0.006900847475045896
0.006784777760905256
0.012287001295202967
16366695438432913e-22
14192292202230988e-25
0.001175807410637657
17858673745867668e-22
15026929037187849e-23
17499144991909576e-30
11549261170515257e-21
132134024893781e-19
3.0664144334220493
3.064336449530174
0
1.0954999813227908
0
3.468974521368202
3.593519138759018
4.30365120544356
0
5.265796189349015
0
4.41707989671939
0.5706856517809531
15.687126474502717
14.707107764875515
0.17761351384641452
35.40173490812546
26.136656368168833
1.254888194348994
4867410236837082e-21
0.012744064706391094
0.18012345406592947
34.013705917961325
0.5576846611829147
0.2236712729210282
2.137750987640653
0.6587427903171318
20.449101250537222
0
20.46089896935763
0
15.821488478886364
0.00013882345201758536
0.00013880965764044142
0.004346885810994817
5.110196446430293
0.13563017812856462
0.0742113637109661
0
0.000349991663183884
0.7874575633261506
0.06237274419644349
0.026462630911777953
0.011075219896191162
0.00023625923062375406
0.0001265460754851217
0.0011123731619078739
1.8594980724799355
0.4076215703380323
0.0035928570478318046
0.0002988374036355606
0.00045122435830487277
0.005606293801124324
0.004708149439389879
6683593959704819e-23
0.06720788252179052
1.5100647295534297
0.01810892850885311
10280554939306393e-27
12668658570775175e-22
11446948559152281e-21
0
0.7984893548028843
0.3903349803121157
0.045423802716968074
0
0.28229322486944375
0.017594876858123606
0.06627706455409106
0
0.0012081581183771431
0
0.12310206020992487
0.5279522033860856
0
0
0
0
14845990029266173e-22
0.3378469593194204
18620773507229825e-23
26227973923749903e-23
0.354031916865944
0.21777686184200032
0.1849736470899829
0.5153251781552549
0.0005354193155786465
0.4276697697877083
0.0010511327435379463
0.4801345715403001
9439242546874082e-22
701320281513713e-19
0.4708607979265191
0.0007744636859645409
49307673412337205e-33
0.1837936892610832
0.012106914227667957
0.1900306271696495
0.01945282889098333
0.036139810139832716
0.023471127224691343
0.08605717625632438
0.23350384693955673
0.18088752887548257
0.20967939233195793
26621264380638113e-34
0.12279743317362228
0.12285537309366155
0.4248326806632058
0.5286234324485073
0.0003109689488097746
0.5287622688678896
0.6134568149445301
10.480376371422443
2.120997272385316
2.8018368647949012
0.0840380909520074
0.4427455579310793
2.666188712387351
4.195213595967288
0.5461487221519433
4.749478139860223
6.568064789906458
3.8613261364158054
2.4619686042239963
2.6719110491598284
0.6202083810394543
28.424622785179785
619.022133930496
4.002016136705255
3451.7523344038405
1.0999787530317353
23.218263599948067
1.1669197530926756
44.96618598315048
1.3057477498718333
1.3968783958529154
1.0999777410001947
0.8503350169346191
1.069687410470401
1.2844483860157185
0
0.0006732522609319463
0.0007987712083141948
0
0.007249249853833367
0.005421596555264539
0.005123225775582587
0.0034428332024209565
0.004994461252792735
0.008243770091958072
0.0036710685661932177
0.008640819224983375
0.0029257822142956633
0.004980544705690212
0.007074088434514278
0.01462749420077895
0.004907513627989616
0.007052223921622639
0.005578895513143659
0.007477736039715294
0.005185765987501358
0.009601754694830536
0.01308035098624272
0.009841876091589347
0.0059529467419017
0.0018990044214474472
0.007414465243201626
0.02264447929858989
0.06914899353051136
0.04064288086244897
0.10665083635277586
9119452300675244e-20
0.010054749733765456
0.19031990552680347
4806090622346937e-21
0.07084355824904649
0.010866110131932265
0.0012686963746796546
5486334181739389e-21
12044225178794393e-22
0.09628911301968542
0.08451956376947427
0.004134516583699613
0.03965326009950463
0.020040996777942598
0.005765773049387497
0.012030194199586258
0.0004827505213715175
0.22940009085143662
1569912999057995e-24
0.07525676764336042
0.00034184762263664574
0.009580606978607412
0.010854329017092358
0.00015704758961748808
0.00017085835133728245
0.2228866380502514
0.0003934182575711655
0.05497518404999039
0.20055490286392488
13179218438482506e-22
2586162124435833e-21
0.00014471435451612622
12571382647298132e-21
0.0005942828396292751
17002907917411585e-21
14432275618076642e-23
10044035028800023e-22
19076778968972867e-21
0.07325753312361794
0.07399245852245345
4349879232411648e-20
0.00021265732501676293
0.019426092769386366
0.008126383250778165
0.08670394276508293
0.019991928554082574
27828423115580094e-21
0.1262245115780317
0.0378712414254007
5573476706124194e-22
0.21847180729209723
4458962428943426e-22
0.003757045073876397
0.0009820384156127042
2299456595302029e-27
0.22104428739933962
0.22430730788277348
0.017938824616352895
0.21577788386472796
0.20269594226829554
0.0073763007435117475
0.16853403636392084
22332184590435918e-26
4630605394143283e-21
0.0006292059695935598
9120198571234426e-20
0.12128504401492265
8645596287967569e-22
0.00011180766245083652
0.14658919845396648
0.0009287032683489412
0.01178134330601061
1220066242754824e-20
0.12705302672075583
0.09171597805281759
0.021021107530187023
31468531282201126e-21
0.00015343656581002618
1200667879125489e-22
0.013585744133689376
0.14755222130099252
8333314479616136e-24
11103232147543781e-21
9106290328659641e-21
964972071303815e-19
10586343260761058e-21
0.2283844864016918
0.14655697567724976
0.0051413787978044105
0.001547089708582146
0.04094134829340325
0.005865420086049362
676015687654769e-19
0.02799635319943978
8323310732897751e-20
0.0007206926150991156
0.07753039121235593
997037349011606e-21
0.21564814803758356
0.21441042745792394
0.0018263760023143729
0.0005369325298958255
5829910075993348e-24
0.0010302351646996246
10390421238702379e-24
0.010224508585783254
0.028875289697743858
0.0009034786724608024
0.0003375736626439002
0.00015453695625570408
26181773286039558e-22
0.006104184013786813
0.030151222579304946
0.021233808896539252
11257175877492888e-24
0.20314285036421095
0.06503179149154374
0
0
8177565561609704e-20
6661499241669687e-20
10336376220008244e-22
7596601208840271e-22
0.00019346364607310352
0.009704737369850195
0.005375747979626872
15204233545882268e-24
0.00013148967519301314
73287019208956035e-22
0.05482916926412229
0.013314619177236907
0.09500466045650595
3845635033719944e-22
0.058813244096253416
0.007658591965755451
0.0001201360412760125
0.11519961469043057
0.0002963802065087886
1854955945723399e-28
8514446372220968e-20
3736149322858557e-21
0.00012470772116197635
0.01620868318054274
0.003896009258432313
0.00016353718069208288
0.0001521031142687898
3799874503139594e-24
0.000514342593776233
0.022672482184860863
13135133472043166e-24
0.0018042024957855291
0.001799157030754084
4418635299171277e-20
0.10176673113335226
43371417372634645e-21
0.2295845497827506
0.001908798535971984
0.1618467264343483
0.0032970328542401756
0.0007006241896694854
0.0005691211144585927
4475017757627009e-20
0.22870643712380753
12101914353346276e-21
21567384022501426e-21
0.00826607156274374
0.006422822075673737
21715984516074423e-24
8722616047911644e-20
0.0030508206537890937
0.12232899859889594
0.029783569933481382
0.00010010758318671265
0.022747337029153866
0.00035405592683149435
0
0.10565291305250597
0.012260705281385459
0.23049345468291815
0.22758619886402034
0.22983661485902326
0.05088089472018346
0.02926057363256597
0.2089098083352027
0.23039786851200547
0.20587794034508233
0.2263870181530391
0.18231756805733362
0.0007649031697466487
0.01560984983332081
0.12924346438551806
0.21521687126910707
0.1259174387711332
0.00029918648521513636
0.026642201669524072
0.20748316868006095
0.10706097929219062
0.14950468845725848
