1.5965474259846444
4873625054681404e-52
8282987252977107e-33
0
10400159921031684e-21
8105230647691701e-26
10443685258521317e-21
0
10516095622949316e-21
0
0.0012065852141822824
0
20.10906605418979
0
13.04174175575536
0
34.78878650135641
27.44476047977575
0.0007048837588747294
0.009982267171364956
5311445328857549e-95
7.869393054499526
0.22638120817507815
4074767155336928e-35
0
983219995095658e-20
14623768096932253e-23
0.0013992532724551676
0.006900811243196419
0.00678448412308073
0.012286689715347854
16364720896040999e-22
14185959000642798e-25
0.001175758691845017
17856020081467758e-22
15025097572620336e-23
17494049708462912e-30
11451220739642367e-21
13101237215663798e-21
3.066693167410893
3.0644599202936087
0
1.095701382227464
0
3.4751460685257145
3.5922327275505817
4.3034690500574495
0
5.265469164237517
0
4.4170609284046325
0.5708230205840163
15.692587133071289
14.712801357409079
0.17765257091564737
35.41543726046074
26.14751378946095
1.2546325485512964
4856763540603352e-21
0.012749104456005859
0.18020306303558153
33.996805281877975
0.5572503355977216
0.2234528584691373
2.1375586657375973
0.6582058076518476
20.444755353633266
0
20.45606558013698
0
15.819293995985884
0.00013892510907357583
0.00013891128950917298
0.004348138179192889
5.110184558250513
0.1356202043920996
0.07419779473544764
0
0.00035000945718398373
0.7872929501564744
0.06234854058062792
0.026459725880413097
0.011081298270292516
0.00023675419056252452
0.00012678395554080048
0.0011120250649016756
1.8588278168285683
0.40767018597366234
0.003591635372080348
0.00029883296623595086
0.000451375871748439
0.005601613276609688
0.004703206766461397
6678815434121247e-23
0.06718775403065218
1.5161359338669615
0.018101800063521124
10274799200283141e-27
12663006551645796e-22
11448219954079618e-21
0
0.7984657105654089
0.3900187595867407
0.04543378752937006
0
0.282295182835105
0.01758511311589362
0.06627407965913659
0
0.0012111679486602482
0
0.1230987973316988
0.5277733607688082
0
0
0
0
14844812317562356e-22
0.3377428581046884
18614448010482247e-23
261474839317864e-21
0.35399036366381537
0.2176487657440469
0.18497244452955125
0.5152929163569185
0.0005357907924059394
0.42757350566656743
0.0010509019883891922
0.48003068613529803
943909547031088e-21
7017667010627865e-20
0.4709634350057826
0.0007741808661349295
4859933724208929e-32
0.18377096212993613
0.012082027637858246
0.19000374180037338
0.01944148978385558
0.03612822831408444
0.02341994613597748
0.08593690518069233
0.23348122525805337
0.1808492782935447
0.20957137512453353
2623086009674927e-33
0.12270607999470512
0.12276280575547135
0.42479251337101376
0.5285885499388296
0.00031082231596187953
0.5287276077217297
0.613352726091506
10.475808102625919
2.120936710390381
2.801550910851853
0.08400310684383618
0.44257503346727767
2.666051592963218
4.194500388068831
0.5459772640115308
4.749360737998315
6.568141527120983
3.8593334959055787
2.461851302917842
2.672126553823865
0.6200529308227383
28.418064621596464
619.0219579095148
4.0020160472999295
3450.532603856021
1.0999787463865738
23.21826334997056
1.1669148732613404
44.966040313734396
1.3057481476622357
1.3968783355089167
1.0999777343534716
0.8502700122262093
1.0696706921914836
1.2817180080138388
0
0.0006727815930631495
0.0007986081002306184
0
0.007245275495922731
0.005417774845686009
0.005119827284800868
0.003439633601559497
0.004992237087979779
0.00824146220420779
0.0036679138621629414
0.008636490134213722
0.0029231421389712227
0.004977251912659623
0.007070248304308432
0.014621276359245771
0.00490381458783949
0.007048853297341995
0.005575371733508678
0.007474289671155971
0.0051861537187208534
0.009597514011632727
0.013072226190915387
0.009837049677053763
0.005949860466294371
0.0018990026158088376
0.007414437470449137
0.022644213546185614
0.06914628870883592
0.04064199692077659
0.1066438319198836
9119451885473185e-20
0.010054698437669308
0.1902900482527376
4806090610816493e-21
0.07084070923555748
0.010866050142906326
0.0012686955695696482
5486334166713953e-21
1204422517155308e-21
0.0962835450255618
0.08451538763529223
0.0041345079937075615
0.039652420206950645
0.020040789547461878
0.005765756299684889
0.012030120526918528
0.00048275040494843204
0.2293211294667996
1569912999056765e-24
0.07525352263073419
0.00034184756427050895
0.00958056044266053
0.010854269159242924
0.0001570475773026078
0.00017085833676090375
0.2227972928992249
0.00039341818026028406
0.05497352232712389
0.2005197249741226
13179218429812107e-22
2586162121097174e-21
0.00014471434405972317
1257138256840602e-20
0.00059428266316475
17002907773094762e-21
14432275617036893e-23
10044035023764137e-22
19076778787303338e-21
0.07325447120572474
0.07398933001665767
4349879137952652e-20
0.00021265730243452907
0.01942589826434733
0.008126349849749696
0.0866995265060784
0.019991722354381316
27828422728985963e-21
0.12621417926044362
0.0378704778143088
5573476704573551e-22
0.21842347777526816
4458962427950935e-22
0.003757037985102105
0.0009820379334458005
22994565953020265e-28
0.22099328208670935
0.2242195090079186
0.017938659172265493
0.21573204236911608
0.20259478538537073
0.007376273257647593
0.16851284024847035
2233218459043343e-25
4630605383439494e-21
0.0006292057717686613
9120198155964404e-20
0.12127563386317985
8645596284236363e-22
0.00011180765620947393
0.14657437927531963
0.0009287028371702263
0.011781272678901573
12200662353240499e-21
0.12704253386700742
0.09171097987732114
0.021020879152576347
3146853078785227e-20
0.00015343655405501954
12006678790535266e-23
0.013585649933394924
0.14753715940755607
833331447958147e-23
11103232086002674e-21
9106290287264623e-21
9649720248142855e-20
10586343204816475e-21
0.22832231834494843
0.14654216456759755
0.005141365492929398
0.001547088510836414
0.04094045082869655
0.005865402749581196
6760156648398368e-20
0.027995943189265605
8323310387031104e-20
0.0007206923555264435
0.07752693039923564
9970373485153769e-22
0.21555303114523006
0.21431455263256888
0.0018263743323445286
0.00053693238585996
5829910075976382e-24
0.0010302346340025522
10390421238648486e-24
0.010224455528100957
0.02887485286501263
0.0009034782644030409
0.0003375736057284772
0.00015453694433146674
26181773251821235e-22
0.006104165229862835
0.03015074521509046
0.021233575789000054
11257175877429632e-24
0.20304184612429027
0.06502941926696501
0
0
8177565227750368e-20
666149902013134e-19
10336376214674944e-22
7596601205959571e-22
0.00019346362738386386
0.009704689610451416
0.005375733428567823
15204233545766873e-24
0.0001314896665605799
7328701894084297e-21
0.054827516826051616
0.013314528740160031
0.09499925633986399
38456350329817084e-23
0.05881132787951329
0.007658562322186134
0.00012013603407010496
0.11519126191973164
0.00029638016263929006
1854955945723399e-28
8514446010285935e-20
37361493158905297e-22
0.00012470771339714715
0.016208548504594255
0.0038960016338545223
0.00016353716733827396
0.0001521031027172354
37998745031323856e-25
0.0005143424616099999
0.02267221576193127
13135133471957043e-24
0.0018042008661767852
0.0017991554102601438
4418635201702456e-20
0.10176042966735847
43371416433568756e-21
0.22951895096386626
0.0019087967116314963
0.16182767662452416
0.0032970273991436206
0.0007006239443595492
0.0005691209526271306
4475017657654793e-20
0.22862562013556
12101914280236522e-21
21567383790297975e-21
0.008266036995640968
0.006422801268733568
21715984515839014e-24
8722615668061104e-20
0.003050815984864468
0.12231939844466275
0.029783104442387874
0.00010010757818334842
0.022747068809523523
0.00035405586422087085
0
0.10564605611148323
0.012260628729082908
0.23042122925014624
0.2275257747280799
0.22977003725861278
0.05087948249637844
0.029260124760223813
0.20881108655858044
0.23032788036840826
0.20577794257732646
0.22632881199190738
0.18229123977079914
0.0007649028773297557
0.015609725050543113
0.12923253874794716
0.2151715155146665
0.125907165518116
0.0002991864405107469
0.02664183124252239
0.20744367677197298
0.10705391365605607
0.14948912506382012
