1.5967970169032695
46699933522144735e-53
8133211911162082e-33
0
10383017380445363e-21
809218034828777e-25
1042648883184415e-20
0
10498806114572633e-21
0
0.0012064712963623769
0
20.121036341956465
0
13.069803118414985
0
34.795509762635106
27.44513291743783
0.0007041182703934443
0.009956508300910539
52272246732024656e-96
7.86908949724739
0.22632436832437694
4000407314497331e-35
0
9790338468433724e-21
14557672058703128e-23
0.0013992358767027336
0.006900793127334098
0.006784341103823698
0.012286537538172677
1636374813419456e-21
14182745169934435e-25
0.0011757349912658228
17854709130332388e-22
1502412858412106e-22
17491520635531643e-30
11402513008729584e-21
13045512100343953e-21
3.06683452778345
3.064524988950338
0
1.0958020914841433
0
3.4782099781510274
3.5916260453901643
4.303377975347318
0
5.265305739740046
0
4.41705144688788
0.5708905497034114
15.695312191688947
14.715642981799636
0.1776724143288668
35.422886378328506
26.15290053052938
1.2545047207730602
4851725398022603e-21
0.012751604088430995
0.18024257608062852
33.98847968418198
0.5570355451703077
0.2233444930727731
2.137462521149079
0.6579377448408893
20.44261461386298
0
20.453685561848527
0
15.818221611530975
0.00013897595232307774
0.00013896212089406208
0.004348757960909454
5.110178643262163
0.13561522079159952
0.07419102568469922
0
0.0003500200411210397
0.7872098782439837
0.062336748293270836
0.026458295025165
0.011084362849944825
0.0002370003139459026
0.00012690214135214657
0.0011118512941007532
1.8585007278778294
0.40769475286958884
0.003591041459715931
0.00029883077088354296
0.0004514523893344451
0.005599353211162293
0.004700830147322077
6676444553703011e-23
0.06717796995771227
1.5191502708433944
0.018098325148512444
10272015296014693e-27
12660213916425232e-22
11448855624174478e-21
0
0.7984538652287845
0.38986235598498126
0.04543885340901784
0
0.2822965106956518
0.017580234645563974
0.06627256712126038
0
0.0012126360340751017
0
0.12309716602852526
0.5276839574043394
0
0
0
0
1484423630601595e-21
0.33769081206778684
18611333024440733e-23
2610753337818183e-22
0.35396958321678806
0.2175852708223925
0.184971836351471
0.5152767829063478
0.0005359757401214224
0.4275255180925146
0.0010507866148379182
0.47997874620294073
9439021908877583e-22
7019888383677607e-20
0.47101474837854673
0.0007740428649212323
4824908509657095e-32
0.18375959918199597
0.01206960142127556
0.18999029936089423
0.019435951167810144
0.03612259915020007
0.023394393232022553
0.08587682664506903
0.23346991137765724
0.1808308713500235
0.20951841874847477
26037941155302567e-34
0.12266111042669574
0.12271724905070276
0.42477242494322304
0.5285711066215335
0.00031074900771705315
0.5287102752599395
0.6133028787371383
10.473578238004041
2.120906446497085
2.801408149169374
0.08398561905952812
0.4424917910845773
2.6659830736071806
4.194144355666258
0.5458915432895048
4.749321893056462
6.568212086466749
3.858354016327151
2.4617925953028807
2.672247285933085
0.6199775496166338
28.41486810024747
619.0218698990429
4.002016002597267
3449.9229002206894
1.0999787430639931
23.218263224981808
1.1669124333533252
44.965967479203314
1.3057483465140791
1.3968783053367895
1.0999777310301107
0.850237511332567
1.069662333150048
1.2804292404255022
0
0.0006725490465021669
0.000798526397781916
0
0.0072432871330203805
0.005415900659348915
0.005118162587052261
0.0034380571502382116
0.004991157083774492
0.008240345794758764
0.003666361361448319
0.008634382702932885
0.0029218419379589845
0.004975639103455487
0.007068375173109717
0.014618264728528584
0.004901998350352034
0.007047214203020578
0.005573646983016734
0.0074726151587849055
0.005186387008683338
0.009595456400859487
0.013068251860388694
0.009834700708100415
0.005948357111996249
0.0018990017129901764
0.0074144235841119045
0.02264408067115304
0.06914493633767399
0.04064155495714974
0.10664032987594883
9119451677872162e-20
0.010054672789719372
0.19027512137224736
4806090605051271e-21
0.07083928477177877
0.01086602014851755
0.0012686951670148364
5486334159201235e-21
12044225167932425e-22
0.09628076114924128
0.08451329964558081
0.004134503698718228
0.03965200026734481
0.02004068593302508
0.005765747924851833
0.012030083690753854
0.0004827503467368998
0.22928165896724845
15699129990561498e-25
0.07525190017689234
0.0003418475350874443
0.009580537174771855
0.010854239230441994
0.00015704757114516803
0.00017085832947271487
0.22275263375501714
0.0003934181416048491
0.05497269148452643
0.20050213834315164
1317921842547691e-21
25861621194278446e-22
0.00014471433883152192
12571382528959965e-21
0.0005942825749325071
1700290770093635e-20
14432275616517018e-23
10044035021246194e-22
1907677869646857e-20
0.07325294029477017
0.07398776581336423
4349879090723155e-20
0.00021265729114341306
0.019425801012558124
0.008126333149286943
0.08669731846093004
0.01999161925532823
27828422535688897e-21
0.12620901341881732
0.03787009601453673
557347670379823e-21
0.21839931702622964
44589624274546895e-23
0.003757034440719974
0.0009820376923624374
22994565953020253e-28
0.2209677838440606
0.22417562245874498
0.017938576450793983
0.21570912527353303
0.2025442258766373
0.007376259514753923
0.16850224319043497
22332184590432183e-26
46306053780876e-19
0.0006292056728562354
9120197948329402e-20
0.12127092906110179
8645596282370759e-22
0.00011180765308879277
0.14656697024780027
0.0009287026215809439
0.01178123736550583
12200662316086629e-21
0.1270372877651004
0.09170848089171701
0.021020764964701434
3146853054067784e-20
0.00015343654817751655
12006678790175454e-23
0.013585602833492635
0.14752962903740785
8333314479564138e-24
1110323205523212e-20
9106290266567115e-21
9649720015695216e-20
10586343176844182e-21
0.22829124066285275
0.14653475957408726
0.005141358840504803
0.0015470879119638956
0.04094000210372064
0.005865394081366329
6760156534323711e-20
0.02799573818643027
8323310214097785e-20
0.0007206922257401424
0.07752520005060755
9970373482672623e-22
0.21550548843282233
0.21426663129770193
0.0018263734973601794
0.0005369323138420418
58299100759678996e-25
0.0010302343686541184
1039042123862154e-23
0.010224428999363057
0.02887463445112522
0.0009034780603742293
0.00033757357727076936
0.00015453693836934844
26181773234712076e-22
0.006104155837922522
0.030150506535817394
0.021233459236190116
11257175877398002e-24
0.20299136283843242
0.06502823318712603
0
0
8177565060820703e-20
6661498909362167e-20
10336376212008293e-22
7596601204519222e-22
0.0001934636180392447
0.009704665730840164
0.005375726153053069
15204233545709175e-24
0.0001314896622443635
73287018806786435e-22
0.05482669062569178
0.013314483521851947
0.09499655439681927
38456350326125905e-23
0.058810369794555735
0.007658547500444504
0.00012013603046715135
0.11518708576149758
0.00029638014070454324
1854955945723399e-28
8514445829318424e-20
37361493124065164e-22
0.00012470770951473272
0.016208481167039643
0.0038959978215712225
0.00016353716066136993
0.00015210309694145853
37998745031287815e-25
0.000514342395526896
0.022672082551640497
1313513347191398e-23
0.0018042000513729653
0.001799154600013721
4418635152968046e-20
0.10175727908068477
4337141596403582e-20
0.22948615858355015
0.0019087957994619062
0.16181815256045942
0.0032970246715987275
0.0007006238217046133
0.0005691208717114168
4475017607668686e-20
0.228585222351296
12101914243681647e-21
21567383674196254e-21
0.00826601971214379
0.00642279086528876
21715984515721313e-24
872261547813584e-19
0.003050813650404835
0.12231459865007574
0.029782871699569335
0.0001001075756816664
0.022746934700894346
0.0003540558329155632
0
0.10564262780785609
0.01226059045311087
0.2303851250211796
0.22749556867635395
0.22973675569092178
0.05087877639917486
0.029259900326634964
0.2087617431660196
0.23029289426964608
0.20572796190878617
0.22629971452358202
0.18227807705333118
0.0007649027311213511
0.015609662659528326
0.12922707627551744
0.2151488412219992
0.12590202920592397
0.0002991864181585547
0.026641646030952922
0.20742393363682082
0.10705038101285559
0.14948134397466573
