1.5972311530394951
4335887617635451e-52
787911850637135e-32
0
10353251809568072e-21
8069519249660613e-26
10396629864520185e-21
0
1046878589823544e-20
0
0.0012062748351783625
0
20.141352476067716
0
13.118320314391783
0
34.80724284626774
27.445781378799545
0.0007027850446807952
0.009911888204941096
5083828193818918e-95
7.868560924799612
0.22622738905052597
3874286795456142e-35
0
9717949165624268e-21
14443424592655695e-23
0.0013992062532557842
0.0069007616168696795
0.006784098195620055
0.012286278414389711
16362078696159898e-22
14177081937336584e-25
0.0011756947824383681
17852453583193349e-22
15022360495885443e-23
17487150558685264e-30
11318284216349905e-21
12949148385786744e-21
3.0670834408561443
3.06464336514476
0
1.0959772846656846
0
3.4835045793677235
3.5906278676690992
4.3032195656063434
0
5.265021626773038
0
4.417034959024253
0.5710061722708601
15.700042929041022
14.720576617479319
0.17770741381165248
35.434592853822764
26.16220355132401
1.2542823704473087
4843006463800816e-21
0.01275591982121731
0.18031084128352565
33.9741950522514
0.5566656819537179
0.2231573413306846
2.13729531401041
0.657472161782533
20.43894134001626
0
20.449602902221994
0
15.816395809878568
0.00013906440624530982
0.0001390505554100139
0.004349825817442578
5.110168400706246
0.1356065578422831
0.07417927601001154
0
0.0003500411119826702
0.7870641664537368
0.06231672697883564
0.0264558405013312
0.011089733170951611
0.00023742626049623466
0.0001271065132265954
0.0011115494830992207
1.8579445221371826
0.4077378915675266
0.0035900351337606797
0.00029882698843267634
0.0004515866729543586
0.00559554777056209
0.004696844523883658
6672349563258856e-23
0.0671613952498607
1.5243596199384348
0.018092422293208916
10267321078825739e-27
12655408907114337e-22
11449961218940114e-21
0
0.7984332244765361
0.3895930038668792
0.04544777984948926
0
0.282299369140362
0.017571754759344842
0.06626990483418489
0
0.0012151313981164553
0
0.12309432876417915
0.5275284784001419
0
0
0
0
14843256470620768e-22
0.3376002966188316
18605989956586337e-23
26038508133949696e-23
0.3539334317937558
0.2174757040851498
0.18497076755619493
0.5152487164162083
0.0005362961779735517
0.4274422806018235
0.0010505859423074442
0.479888407112447
9438893920027297e-22
7023735163984055e-20
0.4711039945806984
0.0007738082066656484
4764600377814308e-32
0.18373983664057353
0.012048014473636673
0.18996691809782695
0.01942652462348383
0.03611306433752184
0.023350006481993486
0.08577241704365217
0.2334502272946358
0.18079999249725442
0.20942797241579567
2570595800183841e-33
0.12258400900701673
0.12263913509747648
0.42473747578625776
0.5285407625992358
0.0003106215152071523
0.5286801243198272
0.6132196561836301
10.46978554605206
2.120853839449815
2.8011601968604904
0.08395520962394992
0.44235019837760914
2.665863970270471
4.19352604362421
0.5457424641776268
4.749285665034
6.568385582212465
3.8566769572438093
2.461690576831474
2.6724777370908734
0.6198501452453969
28.409439959210292
619.0217168144717
4.002015924841871
3448.8626440118287
1.099978737284727
23.218263007577526
1.1669081894120361
44.965840791774426
1.3057486923257213
1.3968782528554675
1.0999777252494862
0.8501809818988627
1.069647793666347
1.2782016832199228
0
0.0006721489820246204
0.0007983840543567776
0
0.007239826847641576
0.005412698611823543
0.005115321578428041
0.0034353519318656303
0.004989329206377283
0.008238463212147914
0.003663700182716136
0.008630807289954242
0.0029196116886854476
0.004972886832417422
0.0070651911917397
0.014613180018255303
0.004898891746577242
0.007044436181745943
0.005570705613059863
0.007469779410957108
0.005186855089357449
0.009591976505535761
0.013061478046861447
0.009830716398466558
0.0059458050270179506
0.001899000142636767
0.00741439943040727
0.02264384955140749
0.06914258409879319
0.04064078622115376
0.10663423872709128
9119451316772875e-20
0.01005462817806825
0.19024916048388554
4806090595023297e-21
0.07083680714089216
0.010865967976752287
0.0012686944668150232
54863341461336824e-22
12044225161634689e-22
0.09627591909227157
0.08450966793847806
0.004134496228064121
0.0396512698388726
0.020040505708307982
0.005765733357773627
0.01203001961853831
0.00048275024548431565
0.22921302052993142
15699129990550799e-25
0.07524907817901726
0.00034184748432669734
0.009580496702956048
0.01085418717275897
0.00015704756043497477
0.00017085831679570723
0.2226749753785425
0.00039341807436795177
0.05497124635451009
0.20047155199452432
13179218417936305e-22
25861621165242284e-22
0.00014471432973763747
12571382460347862e-21
0.0005942824214621907
1700290757542468e-20
14432275615612755e-23
10044035016866506e-22
19076778538471425e-21
0.07325027751863282
0.0739850451314014
4349879008572606e-20
0.0002126572715037517
0.01942563185485507
0.008126304100738205
0.08669347794158688
0.019991439927055227
27828422199469774e-21
0.12620002850537596
0.03786943192471363
5573476702449643e-22
0.21835729840967422
44589624265915237e-23
0.0037570282756624333
0.0009820372730244059
2299456595302023e-27
0.2209234394454511
0.2240993070648316
0.017938432566740055
0.21566926928917615
0.2024563131934175
0.007376235610552737
0.16848381235330503
2233218459043002e-25
4630605368778564e-21
0.0006292055008089134
9120197587171007e-20
0.12126274600670284
8645596279125745e-22
0.00011180764766070902
0.1465540839460711
0.0009287022465870586
0.011781175941963947
1220066225146153e-20
0.12702816326005545
0.09170413434148941
0.02102056634884534
3146853011074494e-20
0.00015343653795424274
12006678789549602e-23
0.013585520908747088
0.14751653169688198
833331447953399e-23
11103232001710102e-21
910629023056606e-20
9649719611377956e-20
10586343128189436e-21
0.2282371945075104
0.1465218802883008
0.005141347269359477
0.0015470868702911265
0.040939221607363595
0.005865379003984052
6760156335903312e-20
0.02799538160997026
832330991329918e-19
0.0007206919999911061
0.07752219039021169
997037347835694e-21
0.21542281805950972
0.2141833028981091
0.0018263720449970314
0.0005369321885747637
5829910075953144e-24
0.0010302339071096688
10390421238574672e-24
0.01022438285568562
0.02887425454796489
0.0009034777054885104
0.00033757352777170115
0.0001545369279988955
2618177320495256e-21
0.006104139501702803
0.03015009138379801
0.021233256506834313
11257175877342988e-24
0.20290358258003563
0.0650261701823593
0
0
81775647704648e-18
66614987166913e-18
10336376207369947e-22
7596601202013892e-22
0.00019346360178530163
0.009704624195005123
0.005375713498113431
15204233545608815e-24
0.00013148965473677694
7328701857360974e-21
0.05482525357008603
0.013314404869910807
0.09499185484515246
384563503197055e-21
0.05880870334762356
0.007658521719712488
0.00012013602420020742
0.11517982215118114
0.0002963801025514512
1854955945723399e-28
851444551454522e-19
37361493063464556e-22
0.00012470770276169728
0.016208364041386213
0.003895991190529786
0.00016353714904762545
0.00015210308689512616
3799874503122513e-24
0.0005143422805825763
0.02267185084875701
13135133471839079e-24
0.0018041986341116112
0.0017991531906794537
4418635068199865e-20
0.10175179921174606
4337141514733459e-20
0.2294291309821883
0.0019087942128435936
0.16180158782686696
0.0032970199273377344
0.000700623608359803
0.0005691207309673998
4475017520723315e-20
0.22851497182446937
12101914180098432e-21
2156738347224999e-20
0.00826598964947469
0.006422772769673195
21715984515516582e-24
8722615147781603e-20
0.003050809589871588
0.12230625038045954
0.02978246687319577
0.00010010757133026398
0.022746701435468364
0.0003540557784634072
0
0.10563666491327096
0.012260523876523677
0.2303223391362714
0.22744303810279498
0.22967887752449362
0.050877548243572934
0.029259509953026844
0.2086759435031687
0.23023205243338637
0.20564105491617493
0.22624911156825886
0.18225518420859022
0.0007649024768078707
0.015609554137768164
0.12921757545155402
0.21510940745933527
0.12589309565117945
0.0002991863792793622
0.026641323878728956
0.20738959708662072
0.10704423664365904
0.14946781058504166
