1.597893045191317
38719858124687186e-53
7506918762000427e-33
0
1030799709630232e-20
8035063268476586e-26
1035123360959372e-20
0
10423145350668244e-21
0
0.0012059793335419695
0
20.17114487263424
0
13.191575299268786
0
34.82522279423944
27.446771629614535
0.0007007484726653725
0.009844301646465726
48725642426110056e-96
7.867753773877646
0.22608397922013665
36896156041496196e-36
0
960861182999344e-20
14270984483097252e-23
0.0013991625884710963
0.006900713575662214
0.0067837416921971375
0.012285896517333316
16359587339062245e-22
14168273963668544e-25
0.0011756358788316103
17849073728700863e-22
15019468036181045e-23
17480557239697124e-30
11191063070409428e-21
1280359843210711e-20
3.0674699937438508
3.064836266927271
0
1.0962444545011436
0
3.4914919609903934
3.5892455108523316
4.302978062856702
0
5.264588836446625
0
4.417009831582894
0.5711779614981152
15.70723078713284
14.728074139633224
0.17776191380173892
35.45257951221943
26.17622450083385
1.2539433514050384
4830376423452774e-21
0.012762421393909668
0.1804137866094896
33.952893782434124
0.5561108472088863
0.2228752771482756
2.1370404497391426
0.6567639999633512
20.43346163259778
0
20.443515584478465
0
15.813704909543489
0.00013919929287462614
0.00013918541521670016
0.004351428983619651
5.110152896459434
0.1355933646623249
0.07416142146429922
0
0.0003500795378695595
0.786839034990818
0.0622873548044966
0.02645217888376117
0.011098016778281044
0.00023807038547408232
0.00012741516857645818
0.0011110904307868987
1.8571264825571685
0.4078046452830431
0.003588563779554184
0.00029882130810989725
0.0004517942613175143
0.005590046117867369
0.004691121956748144
6666176064023627e-23
0.06713716739168663
1.5322194727907354
0.018083755118460665
1026051595232737e-26
12648209878905194e-22
11451646545389e-18
0
0.7984016640150419
0.38918888288010234
0.045461665142945536
0
0.2823050535777611
0.01755884078796915
0.06626577057620534
0
0.0012187991089744857
0
0.1230900035110857
0.5272915012176069
0
0
0
0
14841812338742931e-22
0.33746234205644005
185980253178157e-21
25934396832033276e-23
0.3538782997390035
0.21731072028819745
0.18496911138135178
0.5152059154834098
0.0005367816434271969
0.42731594699416514
0.001050280012830949
0.47975068700828233
9438698695931113e-22
7029558332269984e-20
0.47124004303471606
0.0007734631105422148
4674133405232299e-32
0.18370971423787377
0.01201516875988929
0.18993127154728487
0.019412640732915383
0.03609913190878336
0.023282479457885363
0.08561345244176403
0.2334202047904802
0.1807555923824798
0.20929399620261752
25208408557601443e-34
0.12246908963604713
0.12252272403566031
0.4246841734061473
0.5284944915150537
0.0003104272012664766
0.5286341482104475
0.6131009675826877
10.464205315713057
2.1207737336693393
2.8007831234397322
0.08390887303097509
0.4421418511109695
2.6656826142461427
4.192585877932577
0.5455152564221335
4.749303741063248
6.5687684354521
3.8541826944509006
2.4615349488026745
2.672876621017194
0.619664641649224
28.401472055920664
619.0214834189163
4.002015806294528
3447.246784443203
1.0999787284735487
23.218262676118865
1.1669017190487065
44.965647642414815
1.3057492193855043
1.396878172840958
1.0999777164362379
0.8500948017284
1.0696256268754152
1.2749855498237181
0
0.0006715494919472242
0.0007981664834340377
0
0.0072345473326680745
0.005407952564734457
0.0051111181320614854
0.0034313140046514966
0.004986661267046809
0.008235732039059508
0.0036597349615531713
0.008625567882512782
0.0029162848943409233
0.004968815116442486
0.0070605107717558345
0.014605788440516982
0.004894278651168684
0.007040372066946543
0.0055663587577936295
0.007465636389010095
0.0051877157602113234
0.00958690352472613
0.013051477068444908
0.009824879941665409
0.005942061518278353
0.001898997748448803
0.0074143626053644815
0.022643497186418685
0.06913899798497641
0.040639614219720954
0.10662495271608932
9119450766234107e-20
0.010054560162683412
0.19020958683992029
4806090579734459e-21
0.07083302986482523
0.01086588843517581
0.001268693399277909
5486334126210644e-21
12044225152033039e-22
0.09626853726941931
0.08450413126959051
0.0041344848381897675
0.03965015623972495
0.020040230937419995
0.005765711148601928
0.012029921933485257
0.0004827500911127546
0.22910841261520262
15699129990534485e-25
0.07524477591143108
0.0003418474069359185
0.009580434999190406
0.010854107805112846
0.0001570475441060133
0.00017085829746810383
0.22255662805321608
0.00039341797185733063
0.05496904315510888
0.20042492844928564
13179218406439756e-22
258616211209732e-20
0.00014471431587293057
12571382355740552e-21
0.0005942821874785245
1700290738406721e-20
14432275614234095e-23
10044035010189153e-22
19076778297585995e-21
0.07324621798612908
0.07398089732084116
434987888332433e-19
0.00021265724156075658
0.01942537395666136
0.008126259812972067
0.08668762294068383
0.019991166522879463
2782842168686376e-20
0.1261863311676689
0.0378684194632403
5573476700393564e-22
0.2182932515910412
44589624252755257e-23
0.00375701887631875
0.0009820366336940683
22994565953020193e-28
0.22085584826407859
0.2239830051702995
0.0179382132006153
0.21560851827477379
0.20232235328702403
0.007376199165905271
0.1684557162307015
22332184590426719e-26
46306053545858325e-22
0.0006292052385024077
9120197036542127e-20
0.12125027103009615
8645596274178337e-22
0.00011180763938495055
0.14653443942752478
0.0009287016748645908
0.011781082295088344
12200662152932887e-21
0.12701425312862333
0.0916975079053928
0.021020263538971986
31468529455261125e-21
0.00015343652236764769
12006678788595417e-23
0.013585396005683682
0.14749656548190515
8333314479488025e-24
11103231920109426e-21
9106290175678173e-21
9649718994948258e-20
1058634305400949e-20
0.22815481934191412
0.1465022464644983
0.005141329627822913
0.001547085282138501
0.040938031676514684
0.0058653560167968915
6760156033387833e-20
0.02799483797550606
8323309454695964e-20
0.0007206916558099981
0.07751760202999773
9970373471777168e-22
0.21529683827660126
0.2140563212097635
0.0018263698306989714
0.0005369319975899622
58299100759306475e-25
0.001030233203430683
10390421238503214e-24
0.010224312504564374
0.028873675350051857
0.0009034771644233098
0.00033757345230450096
0.00015453691218790845
26181773159580643e-22
0.006104114595277855
0.03014945844619059
0.021232947425555086
1125717587725911e-23
0.2027698241887333
0.06502302501229001
0
0
8177564327782726e-20
6661498422941666e-20
10336376200298234e-22
7596601198194217e-22
0.0001934635770042357
0.009704560869028761
0.005375694204210809
1520423354545581e-23
0.0001314896432905695
7328701821810415e-21
0.05482306268046152
0.013314284956570199
0.09498469026736499
38456350309916834e-23
0.05880616274203741
0.007658482414088616
0.00012013601464550698
0.11516874879522421
0.00029638004438253617
1854955945723399e-28
8514445034636069e-20
3736149297107173e-21
0.0001247076924658926
0.01620818547103199
0.0038959810807405065
0.00016353713134109287
0.00015210307157829942
3799874503112956e-24
0.0005143421053363452
0.022671497594722402
1313513347172488e-23
0.0018041964733303284
0.0017991510419839401
4418634938960699e-20
0.10174344506801042
43371413902176485e-21
0.22934221289651532
0.0019087917938578893
0.161776336184542
0.0032970126941609694
0.0007006232830904013
0.0005691205163864803
4475017388164763e-20
0.22840790809305694
12101914083158266e-21
21567383164358906e-21
0.008265943815572078
0.006422745180854093
21715984515204444e-24
8722614644117319e-20
0.003050803399116319
0.12229352354751866
0.029781849677851635
0.00010010756469603403
0.02274634579919843
0.00035405569544463795
0
0.10562757441931482
0.012260422373297324
0.23022664751925714
0.2273629723415518
0.22959066344019674
0.050875675831404094
0.029258914792075194
0.20854519957724482
0.2301393227544934
0.20550862552386337
0.22617198312294093
0.18222028687845396
0.0007649020890768983
0.01560938868489522
0.12920309166020172
0.21504929990955451
0.12587947660484602
0.0002991863200034208
0.026640832726861543
0.2073372578725331
0.10703486950106506
0.14944717968166107
