1.600426472266586
25113205439261434e-53
62376870348213855e-34
0
10136176925924141e-21
790421230961552e-25
10178880210121031e-21
0
1024987260317901e-20
0
0.0012048905143553358
0
20.273047711365013
0
13.46398758939235
0
34.894970602128
27.450580015057366
0.0006929171584714537
0.009590345081126772
4140241024780812e-95
7.864653000714921
0.22558147188161382
30605701322021274e-36
0
9201362789567441e-21
1362999203745445e-22
0.0013990107399536118
0.00690052969809741
0.0067825180018886615
0.01228456895883043
1635061665346311e-21
14132765992126157e-25
0.0011754348432246808
17836755698864316e-22
15006348855539276e-23
17456054705311337e-30
10717187410023285e-21
12261451959300314e-21
3.069018458608123
3.0657047242327624
0
1.0972682698349212
0
3.5211203056428775
3.585473206368061
4.302053831522797
0
5.262936938098948
0
4.416913769405803
0.5717854884038489
15.734406069693105
14.75643732409438
0.17798196031552216
35.520783493053635
26.228086431522062
1.2526455130867318
4788350684901705e-21
0.01278644039768026
0.18079518762123914
33.8765638930469
0.5540858919769801
0.2218320994404103
2.136065634956823
0.6540723070204798
20.413765572097166
0
20.421668584130682
0
15.804372069097255
0.00013971547015594488
0.0001397015185648004
0.004357287431386323
5.110094780257711
0.13554305748453313
0.0740937320462527
0
0.0003502926760885805
0.7859442567645326
0.06218693144537475
0.026439001312199634
0.011130751417007688
0.0002404768494772868
0.00012856384344449
0.0011093458209442495
1.8543077294272858
0.408070774684748
0.0035835859924529825
0.000298800468919146
0.00045261919542949314
0.005572156295610778
0.004672948393549853
6643301086237823e-23
0.06705526239844994
1.5613885305263842
0.018054039210320193
10238175952127583e-27
1262202625572995e-21
11458091443483437e-21
0
0.798279832120963
0.38771341230112716
0.04551774468453436
0
0.28234116973495527
0.017509595399008968
0.06624914902857652
0
0.001231418433650704
0
0.1230734533800549
0.526385219982906
0
0
0
0
14836808590248176e-22
0.33693527270234486
18569504069037135e-23
2554820066106231e-22
0.35366711286906694
0.21670078879124668
0.18496247659631054
0.5150419733518986
0.0005386053774369692
0.4268389303083553
0.0010491093372781578
0.47922372629865073
9437950462411705e-22
7051381918502839e-20
0.4717606051980622
0.0007722739115742717
43437624157576215e-33
0.18359458760750005
0.011890185999510638
0.18979484347001838
0.019364588214995343
0.036052131552889895
0.02302563944930895
0.08500744734399332
0.233305160951166
0.18061357736503011
0.20882203892263554
23395898302858335e-34
0.12205660205421773
0.12210504321188777
0.42447995714033443
0.5283172969326166
0.00030968463506866173
0.5284580882009388
0.6127321497105187
10.444953101421087
2.120468733673814
2.7993523684743633
0.0837319524635251
0.4414228537869448
2.664992142031647
4.189019980513513
0.5446472341295904
4.750125873216379
6.571440599089795
3.845286081152565
2.460939384005837
2.6748850045543606
0.6190457560171745
28.374171227032754
619.0205900859477
4.002015352548365
3441.068988128316
1.0999786947483008
23.218261407443407
1.1668769537237096
44.96490836073219
1.3057512347789586
1.3968778665756962
1.099977682703066
0.8497650059094056
1.069540786561119
1.2643999059947828
0
0.0006693649788212051
0.0007973279380635059
0
0.0072143067271446685
0.005391190986448601
0.005096352417133909
0.0034167528463597053
0.004977678326120365
0.008226714374416043
0.0036455093939896004
0.008607703601792723
0.0029043110036971616
0.004954516766034843
0.007044394500137159
0.014581226980892729
0.004877895848839931
0.007026587829259269
0.005551143386082638
0.0074516443497068055
0.005192546437373576
0.009569891094837118
0.01301657569540321
0.009805002522354899
0.005929257587211307
0.0018989885845961474
0.007414221657263269
0.02264214854152164
0.06912527366375158
0.040635128634752125
0.10658941749025981
9119448659018291e-20
0.010054299834466072
0.19005819266970939
48060905212156294e-22
0.07081857400249605
0.010865583990981517
0.0012686893132316714
5486334049954171e-21
12044225115282228e-22
0.09624028818235789
0.0844829427288469
0.004134441243135624
0.03964589416926997
0.020039179272178385
0.0057656261426177816
0.012029548046127601
0.0004827495002479293
0.22870846119232438
15699129990472043e-25
0.07522831102804875
0.0003418471107187978
0.009580198828448823
0.010853804026628463
0.00015704748160606886
0.00017085822349070394
0.2221042282578715
0.00039341757949277524
0.054960611109132
0.20024657453095163
13179218362436115e-22
2586162095153096e-21
0.00014471426280504693
12571381955350578e-21
0.0005942812918945682
1700290665163645e-20
14432275608957204e-23
10044034984631232e-22
19076777375584337e-21
0.07323068199008512
0.07396502350571346
43498784039299903e-21
0.00021265712695240447
0.019424386869373082
0.008126090301444304
0.08666521626939461
0.01999012008854008
2782841972483732e-20
0.1261339176197798
0.03786454446369928
5573476692523813e-22
0.21804828252956981
4458962420238476e-22
0.003756982900052962
0.000982034186627371
22994565953020067e-28
0.22059733045617858
0.22353841090684648
0.017937373590001818
0.21537614862707968
0.20181043308932195
0.007376059673761031
0.16834822012124526
22332184590414086e-26
4630605300262404e-21
0.0006292042345114507
9120194928981392e-20
0.12120253425575997
8645596255241869e-22
0.00011180760770905475
0.1464592733227821
0.0009286994865699832
0.01178072386361649
12200661775809325e-21
0.1269610254392237
0.0916721492956313
0.021019104558531933
31468526946362424e-21
0.00015343646270914892
12006678784943223e-23
0.013584917943238652
0.14742016870635782
8333314479312092e-24
11103231607778543e-21
9106289965591894e-21
9649716635531481e-20
10586342770081848e-21
0.2278397986415042
0.14642712127331428
0.005141262104471731
0.0015470792034157352
0.040933477473041574
0.005865268032959543
6760154875494034e-20
0.02799275728348911
8323307699368235e-20
0.0007206903384401969
0.07750004234849149
997037344659275e-21
0.2148153243034903
0.2135709872487721
0.0018263613553813143
0.0005369312665862018
5829910075844542e-24
0.0010302305100667402
10390421238229708e-24
0.010224043236414355
0.02887145854686926
0.0009034750934707482
0.0003375731634499729
0.00015453685167053763
2618177298591722e-21
0.006104019265563349
0.030147035966915148
0.021231764442244713
11257175876938065e-24
0.20225867104354905
0.06501098811357799
0
0
8177562633393983e-20
6661497298599593e-20
10336376173230884e-22
7596601183574211e-22
0.00019346348215342995
0.009704318489336323
0.005375620356422009
1520423354487016e-23
0.00013148959947961687
73287016857387846e-22
0.054814677743861055
0.013313825991920405
0.09495727246058731
38456350272450184e-23
0.05879643945432328
0.007658331971606602
0.0001201359780743948
0.11512637477672326
0.00029637982173805514
18549559457233983e-29
8514443197758766e-20
37361492617433294e-22
0.0001247076530581657
0.016207502001771068
0.0038959423852318945
0.00016353706356842443
0.0001521030129523524
3799874503076377e-24
0.0005143414345727165
0.02267014554714877
13135133471287783e-24
0.0018041882028500618
0.001799142817762389
4418634444291017e-20
0.10171147547927577
43371409136268595e-21
0.22900983345824408
0.0019087825350910116
0.16167972059759297
0.003296985008942509
0.0007006220381060283
0.0005691196950674566
4475016880789962e-20
0.22799857925147932
1210191371211468e-20
21567381985889607e-21
0.008265768386243577
0.006422639584290642
2171598451400972e-23
8722612716316006e-20
0.0030507797037905
0.12224482315804716
0.029779487448328604
0.00010010753930317354
0.022744984634012182
0.0003540553776861056
0
0.10559278730162346
0.012260033872115564
0.22986074997852787
0.22705677673561592
0.2292533322933752
0.050868509711820824
0.029256636894027285
0.2080455266807224
0.2297847399494443
0.20500253248215478
0.22587701277625782
0.18208677723181096
0.0007649006050179945
0.01560875542151117
0.129147669183264
0.21481939022907862
0.12582736259787022
0.00029918609312174133
0.026638952900872294
0.20713704878004238
0.10699902384178316
0.1493682401180099
