1.6142178074666456
23859441402083835e-54
2276021630554524e-33
0
9238152714635441e-21
7219420847996973e-26
9278095800176128e-21
0
9344356100325831e-21
0
0.0011998576098305072
0
20.591407301826273
0
14.733852235271113
0
35.28986842568057
27.47183381335932
0.0006499582286819952
0.008320609651541466
16849461042136079e-96
7.847731564991793
0.22380272994149486
1106778770266032e-35
0
7268812277179436e-21
1061829276964406e-22
0.0013984615718086648
0.006899528789092589
0.006778395957763364
0.012279778275591595
16313734786590491e-22
13904262014368544e-25
0.00117478076185625
17782782483121614e-22
14893226446979486e-23
1733887069290414e-29
8468116947148928e-21
9688371098436737e-21
3.0784993715210445
3.0730022926890896
0
1.1029102875770775
0
3.6575172157914535
3.5998986510268534
4.297026454603447
0
5.254113976742439
0
4.416393879533099
0.5737795144895633
15.867827613100252
14.896301030161833
0.17936243071422012
35.84412097199706
26.463157332287288
1.2455741433389662
4669665536130792e-21
0.012894720655077869
0.1825352932085676
33.585534729305415
0.5454601149671983
0.21712422939416323
2.130776938008827
0.6399471391312377
20.33431249395908
0
20.33428545659153
0
15.773409717336799
0.00014248312672039798
0.00014246932370342246
0.004381756731025064
5.109808859615446
0.13527668475102
0.07374134180177735
0
0.00035283861145293474
0.7802399561610608
0.06188501739556445
0.026384088024948352
0.011332706598592366
0.00025199922569536066
0.0001339445975389182
0.0011002088938331434
1.8453733291318952
0.4097717138050706
0.003569718596872736
0.00029870339760010317
0.000457780377823326
0.005541793144701526
0.004652669829816916
65368008254512e-21
0.0668278759996766
1.6961343757787208
0.017962555780439666
10196603550038393e-27
12512319113680737e-22
11492683978499426e-21
0
0.7975865633955942
0.38139185448631163
0.04588793668460412
0
0.2828825494790676
0.0172483366395128
0.06614151241517954
0
0.0012714455703876908
0
0.12298344704252596
0.5214719487916387
0
0
0
0
1482061262176806e-21
0.334135944879104
18461352873134436e-23
23755268770611693e-23
0.352512938550252
0.21382640321517085
0.18491845168829724
0.5141455862696724
0.000547609811594747
0.4244339194727663
0.001042753493750374
0.47636386060958874
9433849386829182e-22
7157798649170971e-20
0.4745924397777482
0.0007684635188056605
2918290618985331e-32
0.18297948718534984
0.011229979421830516
0.18905249550159509
0.019207952531752726
0.03592871957705293
0.021671992100907065
0.08177447510987526
0.23267528840131907
0.1804140958657485
0.20708997311386376
15645594721115519e-34
0.12036864381370461
0.12039909522538626
0.42336323851696117
0.5273501872204381
0.00030572174835445047
0.5274971978931466
0.6124814185144115
10.383304488271664
2.118900880509112
2.7920808941266833
0.08279502947362628
0.43911877483718686
2.6614415347459843
4.170930713730551
0.5400390599537455
4.768888293895462
6.608073609815766
3.809958774963806
2.457758808033495
2.6943157208474617
0.6175491688404907
28.290013714017697
619.0157270301859
4.002012882470097
3407.6322938725157
1.0999785111566125
23.218254501096844
1.1667421467864796
44.96088411170983
1.3057621461261193
1.3968761991939431
1.0999774990682385
0.8479714465050873
1.0690790554355263
1.2373724307084788
0
0.0006598464986359557
0.0007926420263535787
0
0.007104318788507244
0.005327608040033628
0.005042048614035747
0.003355128126952529
0.00495296001058375
0.008205682331717984
0.003586822888917451
0.008553706840187187
0.002854108620380147
0.004902027306068452
0.006992118746390713
0.014521193219596147
0.004813789592667541
0.006986495856696251
0.00549633983115645
0.007412284944750716
0.0052507484038606285
0.009524736665383487
0.012893448334454157
0.009745358765117302
0.005889629818792287
0.0018989386996793808
0.007413454418500518
0.022634808269060877
0.06905060970384229
0.04061071892860686
0.10639618033449261
9119437187877744e-20
0.010052882791814348
0.18923615212146683
4806090202653949e-21
0.07073993167829491
0.010863926823515583
0.0012686670700618901
5486333634833264e-21
12044224915220108e-22
0.09608665263436887
0.08436769082784665
0.004134203930767064
0.03962270057146334
0.020033455240910953
0.005765163413555578
0.012027512901870539
0.0004827462837421894
0.2265434409426578
15699129990132138e-25
0.07513874354336816
0.000341845498192336
0.009578913276868673
0.010852150482626749
0.00015704714137264073
0.0001708578207770414
0.2196575590181231
0.00039341544356639763
0.05491473186758679
0.19927844099986533
13179218122891434e-22
2586162002913033e-21
0.0001447139739172734
12571379775729204e-21
0.0005942764165860621
17002902664469478e-21
1443227558023114e-22
1004403484550038e-21
19076772356441673e-21
0.0731461657414397
0.07387867019634366
434987579422958e-19
0.00021265650305465295
0.019419014295897492
0.008125167585645396
0.08654334156734293
0.01998442452572685
27828409044064833e-21
0.12584897314802496
0.03784345690141012
5573476649682863e-22
0.21671954658107292
4458962392818048e-22
0.003756787060418059
0.0009820208655231383
22994565953019344e-28
0.2191953231660407
0.22113358508390815
0.017932803651734268
0.2141155724995833
0.19904630209977522
0.00737530036013149
0.1677642405091042
223321845903453e-24
4630605004539443e-21
0.0006291987690671218
9120183455963198e-20
0.12094299678967221
864559615215655e-21
0.00011180743527365975
0.14605076383233248
0.0009286875741389372
0.011778772844741296
12200659722844378e-21
0.12667165836692193
0.09153422639633262
0.021012796483311513
31468513288557e-18
0.0001534361379438017
12006678765061583e-23
0.013582315787436199
0.14700497750582692
8333314478354364e-24
11103229907528493e-21
9106288821935488e-21
9649703791474388e-20
10586341224451826e-21
0.2261325189461224
0.14601883391898426
0.0051408945400072984
0.0015470461128078356
0.04090869442755288
0.005864789094385835
6760148572216998e-20
0.027981433235295023
8323298143815261e-20
0.0007206831670549655
0.0774045216326679
9970373309495153e-22
0.21221290978733848
0.2109481875285206
0.0018263152185888627
0.0005369272872043727
5829910075375807e-24
0.0010302158481992473
1039042123674079e-23
0.010222577533192615
0.028859393816688412
0.0009034638198128996
0.0003375715910034334
0.0001545365222297177
2618177204053761e-21
0.006103500340859037
0.030133852016894568
0.021225325736682968
11257175875190376e-24
0.19949859843464526
0.0649455013568515
0
0
8177553409577075e-20
6661491177969502e-20
10336376025883084e-22
7596601103986595e-22
0.0001934629658104878
0.009702999141864413
0.005375218365560322
15204233541682033e-24
0.00013148936098414537
7328700944999335e-21
0.05476905476083879
0.013311327782112886
0.09480815561613438
3845635006849127e-22
0.05874353652976848
0.007657513052677668
0.00012013577899071997
0.11489597465136528
0.00029637860972083684
18549559457233945e-29
8514433198271021e-20
3736149069231538e-21
0.00012470743853270217
0.016203781873714476
0.0038957317434265013
0.00016353669463167901
0.00015210269380794506
3799874502877244e-24
0.0005143377831207906
0.02266278675674733
1313513346890834e-23
0.0018041431811156037
0.0017990980478430883
4418631751435556e-20
0.10153761724220554
43371383191882585e-21
0.22720887459923247
0.0019087321334973527
0.16115478093549548
0.0032968343017040955
0.0007006152607652978
0.000569115224035545
44750141187710866e-21
0.22578312852628615
12101911692247585e-21
2156737557060244e-20
0.008264813458719773
0.006422064773799298
2171598450750595e-23
8722602221861504e-20
0.003050650715667362
0.12198005052243699
0.02976663135508415
0.00010010740107098675
0.02273757622405699
0.0003540536478941556
0
0.10540361588739386
0.012257919186008038
0.22787907176836406
0.22539714345018
0.22742566099879544
0.050829516872231986
0.029244239704163285
0.2053463576370477
0.22786404103039887
0.20226926994349284
0.2242780031253133
0.18136169835156224
0.0007648925262277823
0.01560530854664506
0.12884637996474624
0.21357212439921686
0.12554404532211608
0.00029918485803837204
0.026628721930614215
0.20605054711058177
0.10680409959858995
0.14893924388053667
