1.6306114873476416
14580568789438037e-55
6867357553653273e-34
0
8249957519004757e-21
6463841270728953e-26
8286702146623416e-21
0
8347529359132238e-21
0
0.0011950670277244277
0
20.699593344703
0
15.839668303259154
0
35.75887792958503
27.498139074984156
0.0005998145637508759
0.007012905663794584
5625492375494061e-96
7.828166061525166
0.22286621185534936
33063250661884735e-37
0
54923039253183045e-22
7899494125219831e-23
0.001398030185438133
0.006898339175004635
0.0067754566197409825
0.012276027670674256
16285756212582414e-22
1359595702697345e-24
0.0011743431509261112
17735993882806931e-22
14709758110035882e-23
17223460431248857e-30
6400041462076293e-21
7322359505050527e-21
3.0904175512578593
3.084221609753198
0
1.1097844539082802
0
3.7736145799763845
3.6613415709753334
4.2910593811120945
0
5.244068851355773
0
4.415781622287918
0.5737937436017958
15.986976098274187
15.022803288744567
0.18102281282025315
36.12449200858885
26.655719041358477
1.23715912491071
4635989422058017e-21
0.01298262828065501
0.18397296703249097
33.42614869853187
0.5391050557271877
0.21335661008617796
2.1245249666860593
0.624259151076253
20.276750959106344
0
20.272377013904787
0
15.760877372322911
0.0001455981424483687
0.00014558505611614916
0.004396807942883939
5.109519101031786
0.13497944259766448
0.07334902771241386
0
0.0003576160538683041
0.7721839406010104
0.061819309707132515
0.026337716062809133
0.011609102946946039
0.00026271320172846713
0.0001387007086789427
0.0010901232147024545
1.842556899032855
0.4121880613553056
0.0035687389894698907
0.0002985930793793511
0.00046483545084484006
0.005585955859906764
0.004723113993701498
6439281671447496e-23
0.06681133434812049
1.8118299756546419
0.017937260608975467
1025628330629699e-26
1243501956145761e-21
11531703578223343e-21
0
0.7966940216848059
0.37644260914193706
0.046418402096040264
0
0.28408320541896515
0.016955215777729633
0.0659921781141372
0
0.0012847885110246228
0
0.12287652464445416
0.5156740253447502
0
0
0
0
14815595070246318e-22
0.33106870376977854
184091772815409e-21
22183672636534433e-23
0.35113163317023355
0.21096377715742198
0.18485034965099115
0.513069293309425
0.0005565604375145709
0.42198862522749336
0.0010352740025382692
0.47300046501199616
9428913452281607e-22
7260997955093351e-20
0.4779585650044447
0.0007670514625360065
1820637691457291e-32
0.18228496375331524
0.010488220863932016
0.18817091094920074
0.019152410374431113
0.03595192202194954
0.020157835367781183
0.07807049109245447
0.23191884777666932
0.18087459507211986
0.2060503194173992
9737415561350293e-34
0.11903171713710846
0.1190534948451337
0.4220261951441007
0.5261950193063437
0.0003012987327210347
0.5263492482086535
0.6143220050829528
10.362480981951922
2.117349384592324
2.784923082269406
0.08177288373363606
0.43834048651580704
2.657918832741168
4.153173566527538
0.5349957977540128
4.80471955538337
6.670062015340266
3.783139250287728
2.45425212508353
2.7234025759272957
0.6180496517425708
28.265828266499692
619.009946393805
4.00200994630442
3368.308678904525
1.0999782929222812
23.218246291565556
1.1665819228239893
44.956100978829646
1.3057749648726036
1.3968742168626056
1.0999772807826271
0.8458433512081863
1.0685304577004089
1.2364818214813063
0
0.0006518231419252213
0.0007869232315955299
0
0.006977243782370372
0.00528216978325913
0.005005923081575613
0.0033012491698093476
0.004949686324047611
0.008209973898124232
0.0035375849332404986
0.008536844654870153
0.0028108768818664075
0.004867248775224429
0.006968598743194332
0.014530370382882806
0.004764856806450465
0.006976920396549932
0.005461692901510921
0.0074056121180485135
0.005359681845921963
0.009522805892058683
0.012820972931890889
0.009727370907986853
0.005875322215898688
0.0018988794034738422
0.007412542509529281
0.02262608602535522
0.0689619619905774
0.0405817223265693
0.10616693611420819
9119423552218511e-20
0.010051198621259768
0.18826362118943235
4806089823981562e-21
0.07064656360055373
0.010861957286970746
0.0012686406302427331
54863331413814995e-22
12044224677407432e-22
0.09590434596550022
0.08423089607420542
0.004133921856655154
0.03959514812685095
0.020026653245132243
0.005764613418521842
0.012025094185617575
0.00048274246032841653
0.22399653848442225
1569912998972809e-24
0.07503241390704242
0.00034184358140141116
0.009577385373589447
0.010850185252191821
0.00015704673694010387
0.00017085734207488942
0.2167842537521886
0.0003934129046182295
0.054860245297858115
0.19813371323820533
13179217838146069e-22
2586161893267812e-21
0.00014471363051880864
12571377184826455e-21
0.0005942706213872451
17002897924948524e-21
1443227554608464e-22
1004403468011635e-21
1907676639021772e-20
0.07304582864504931
0.07377615365700277
4349872692095928e-20
0.00021265576143340815
0.019412629882092015
0.008124070895039718
0.08639869274867827
0.01997765635429859
27828396347898083e-21
0.12551109855699197
0.03781840551557224
5573476598758079e-22
0.21515061479833972
44589623602235446e-23
0.003756554280263542
0.000982005031039131
22994565953018472e-28
0.21754035174400355
0.21830861408405494
0.017927372907252236
0.21262672712557162
0.19580980229703004
0.007374397870120708
0.16707270195858703
22332184590263537e-26
4630604653015303e-21
0.0006291922723870159
9120169818072025e-20
0.12063520897589228
8645596029619636e-22
0.00011180723030105532
0.14556665293847937
0.0009286734141002581
0.011776454100271975
12200657282497347e-21
0.12632854722157474
0.0913705481590021
0.02100530057362774
31468497053610894e-21
0.00015343575189801797
12006678741428395e-23
0.013579223268359386
0.14651296299666605
8333314477215917e-24
11103227886451492e-21
9106287462477962e-21
9649688523840717e-20
1058633938717071e-20
0.22411971963333996
0.14553498579091975
0.005140457652451622
0.0015470067791155337
0.040879254483811266
0.00586421983376476
676014107955592e-19
0.027967978364097163
8323286785199328e-20
0.00072067464256391
0.07729112985236354
9970373146528036e-22
0.20916041565635535
0.20787234824411266
0.001826260377568328
0.0005369225569747193
5829910074818622e-24
0.0010301984199941338
10390421234970913e-24
0.01022083553363608
0.028845059100278545
0.000903450419064427
0.00033756972185491234
0.0001545361306262461
26181770916770413e-22
0.006102883555470667
0.030118187832215107
0.02121767462482413
11257175873112904e-24
0.1962666698445488
0.06486774343633861
0
0
8177542445293135e-20
6661483902419456e-20
10336375850731618e-22
7596601009381261e-22
0.00019346235203843043
0.009701431074535997
0.005374740560467308
15204233537892328e-24
0.0001314890774865292
7328700064486759e-21
0.054714872380325845
0.013308358784437927
0.09463120587533837
3845634982604649e-22
0.05868071304813457
0.007656539722425414
0.00012013554234154362
0.11462269910076382
0.00029637716900947136
18549559457233887e-29
8514421311953417e-20
37361488403939044e-22
0.00012470718352801245
0.01619936088990225
0.003895481369553409
0.0001635362560797998
0.00015210231444371669
3799874502640534e-24
0.0005143334426948604
0.022654042512669184
13135133466079912e-24
0.0018040896655033593
0.001799044831549806
44186285504560775e-21
0.10133133951187395
4337135235196214e-20
0.22508649993553642
0.0019086722231475657
0.1605330048776214
0.0032966551658483575
0.000700607204665101
0.0005691099093916267
44750108355775426e-21
0.22317762181466083
12101909291243768e-21
2156736794479041e-20
0.008263678485439479
0.006421381566834286
21715984499774958e-24
8722589747180947e-20
0.003050497395330505
0.12166606273353524
0.029751356611490608
0.00010010723675543917
0.0227287730291865
0.00035405159171152643
0
0.10517918973997392
0.012255405945423382
0.22554567456914815
0.223440120049618
0.22527206346153472
0.05078320519065419
0.029229510070111566
0.20218338788480386
0.22560179083590043
0.19906762230589103
0.22239198809605182
0.18050355629396417
0.0007648829231278763
0.01560121225670614
0.12848915342612216
0.2120989237322839
0.12520809745146352
0.00029918338990859213
0.026616565547115223
0.2047664400358661
0.10657285616331065
0.1484309010403234
