1.6284476587897556
2088001370558982e-54
8043834119322805e-34
0
8375501972178373e-21
6559962786110773e-26
8412669791658243e-21
0
8474213300744479e-21
0
0.0011956520082306084
0
20.69412104300071
0
15.714956783622828
0
35.69830282677889
27.494614213137087
0.0006063221027259447
0.007174438668931403
6513010560184794e-96
7.830697135466133
0.22294914756263418
3877687022544963e-36
0
5699268503349548e-21
8213500630141486e-23
0.0013980858957183878
0.006898496184145881
0.006775839149609903
0.012276511928117758
162888233791488e-20
13637503570315444e-25
0.0011743999739983189
17741483985677358e-22
1473550310310925e-22
17237620339777942e-30
6641007892279909e-21
7598041582669222e-21
3.088837848923575
3.0826813516118023
0
1.1088697286588818
0
3.760664364662181
3.6519412683155523
4.291846424983502
0
5.245366778213307
0
4.415862135477055
0.573908387068919
15.973684798193885
15.008567246222078
0.18081533688062149
36.09341046460694
26.63477024399662
1.238270057337087
4637656420058206e-21
0.012973106430508703
0.18381608736659477
33.43960807319811
0.5397635998682598
0.2137584104764937
2.1253482320697232
0.6262663822688734
20.28297645028587
0
20.278980364276237
0
15.761697230629395
0.0001451995390570083
0.00014518634624638018
0.004395557829272941
5.109555042609965
0.13501748524594023
0.0733995768385071
0
0.0003569233620035906
0.773297103849594
0.06181831233506488
0.026343298396969483
0.011571003441241613
0.0002614556031426809
0.0001381586379457594
0.001091409417797381
1.8426637126097116
0.411851881922424
0.0035683746135285097
0.000298608550795179
0.0004638684484011957
0.0055777156633474
0.004710927000174556
6450810272575489e-23
0.06680559409783363
1.7988589968182147
0.017937883745755376
10244105275519186e-27
12442765890077709e-22
115267180983868e-19
0
0.7968161180250969
0.3769916405774607
0.04634477294918759
0
0.28389921714754357
0.016992833685736473
0.06601257975639759
0
0.0012841750644245395
0
0.12289063693110999
0.5164367232355367
0
0
0
0
148157228904847e-20
0.3314543447142266
18412527195140905e-23
2236193720345736e-22
0.3513144966690909
0.21132211400425566
0.1848602302996146
0.5132121178037463
0.0005554713376827577
0.42228763412293374
0.00103625460784197
0.47344132150801976
9429568725614572e-22
7248595986093288e-20
0.47751431860070626
0.000767138753392609
19376314534604256e-33
0.1823743181281477
0.010583520003425042
0.18828721469185355
0.019155107514339357
0.03594259882357373
0.020351952179411843
0.07855098016341541
0.23201915979274368
0.18079025454206507
0.20615280682799733
10365323467760279e-34
0.11918581101288298
0.11920827847078615
0.42220322038670866
0.5263478412446242
0.0003018615523019979
0.5265011360175078
0.6140068553881018
10.363448445272747
2.117532118719066
2.78576915547545
0.08190117799309873
0.438376571221931
2.6583346429598707
4.155270283237768
0.5356294467912232
4.7997515524455645
6.661719910992068
3.786207274673595
2.4546941856028686
2.7195987772643018
0.6179064439883545
28.26655846260163
619.010709386341
4.002010333853595
3373.4729578392444
1.0999783217273842
23.21824737515482
1.166603069785744
44.956732283192764
1.305773283196512
1.3968744785335256
1.0999773095944982
0.8461239984827322
1.0686028518774213
1.2357168456424743
0
0.0006527464339228177
0.000787682854423358
0
0.006993669079543618
0.0052873382519293645
0.005009909948006913
0.003307814675478898
0.004949422980616978
0.00820870008553903
0.0035435109058360847
0.008537765639795013
0.0028161198467049928
0.004871081043403603
0.0069706475622903635
0.014526945478041207
0.004770568059252867
0.006977144277581751
0.005465431764611835
0.0074053979697062825
0.0053439231939488695
0.009521647185421702
0.012828445810152507
0.00972830036141856
0.005876312015607401
0.0018988872299706989
0.007412662867456371
0.022627237095966916
0.06897365622433822
0.04058554844904277
0.1061971661147931
9119425352010256e-20
0.010051420901515397
0.1883917002630261
4806089873963146e-21
0.0706588803424931
0.010862217228857536
0.0012686441200460412
5486333206513e-18
12044224708796715e-22
0.09592838909153785
0.08424893912334332
0.004133959086974941
0.03959878372115567
0.020027550919338097
0.005764686010257988
0.012025413408057017
0.0004827429649853046
0.22433106103277117
15699129989781422e-25
0.07504643990507955
0.00034184383440115737
0.009577587030074611
0.010850444625775385
0.00015704679032175467
0.00017085740525949074
0.21716134223317377
0.0003934132397372025
0.0548674339710222
0.19828443021409053
13179217875730075e-22
2586161907740063e-21
0.00014471367584448566
12571377526803905e-21
0.0005942713863017559
1700289855052555e-20
14432275550591692e-23
10044034701945658e-22
1907676717770925e-20
0.07305906441358569
0.0737896768289517
4349873101551484e-20
0.00021265585932105823
0.019413472451031328
0.008124215640542238
0.08641777132396757
0.019978549564964535
27828398023685515e-21
0.12555564315897638
0.037821711138652354
5573476605479724e-22
0.215357048225814
4458962364525746e-22
0.0037565850044696987
0.000982007121043887
2299456595301859e-27
0.21775807627774504
0.2186794092341352
0.017928089625854265
0.21282264764418155
0.1962339598757978
0.00737451698492334
0.16716381571043157
2233218459027433e-25
46306046994135464e-22
0.0006291931298905814
9120171618158368e-20
0.12067578947786237
8645596045793484e-22
0.00011180725735570232
0.14563045948670839
0.000928675283094501
0.011776760128987694
12200657604602706e-21
0.12637378172795255
0.09139213553895005
0.021006289817776646
3146849919648744e-20
0.00015343580285277525
1200667874454778e-22
0.013579631414659234
0.1465778103421318
8333314477366183e-24
1110322815321672e-20
9106287641914968e-21
9649690539039215e-20
10586339629676425e-21
0.2243843625263501
0.14559875773608305
0.0051405153158260485
0.0015470119707764744
0.040883139096030176
0.0058642949682376445
6760142068524007e-20
0.027969753923813786
8323288284440692e-20
0.0007206757677196182
0.07730608709758813
9970373168038332e-22
0.2095607903476005
0.20827574988040326
0.0018262676160297785
0.0005369231813230626
5829910074892166e-24
0.0010302007203544755
10390421235204522e-24
0.010221065445993988
0.02884695075493272
0.0009034521878396981
0.00033756996856628275
0.00015453618231457046
26181771065098274e-22
0.006102964962409878
0.0301202549069736
0.021218684349549603
11257175873387113e-24
0.19669023955035767
0.06487800149562806
0
0
8177543892486021e-20
6661484862730723e-20
10336375873850146e-22
7596601021868373e-22
0.00019346243305109426
0.009701638031783923
0.005374803624308092
15204233538392538e-24
0.00013148911490580713
73287001807070455e-22
0.05472202092940928
0.013308750629347641
0.09465454282818815
3845634985804717e-22
0.05868900137164354
0.007656668186786128
0.00012013557357722786
0.11465873191937287
0.0002963773591709142
18549559457233895e-29
8514422880846922e-20
37361488705985564e-22
0.0001247072171864677
0.01619994435366504
0.0038955144158876595
0.00016353631396491056
0.000152102364516566
37998745026717775e-25
0.0005143340155926632
0.02265519648641218
1313513346645324e-23
0.0018040967290254078
0.0017990518555650187
44186289729584495e-21
0.10135854242176988
43371356422572305e-21
0.22536549591936736
0.0019086801307046709
0.160614936488804
0.0032966788097246688
0.0007006082679976049
0.0005691106108773066
4475011268931477e-20
0.22351979695385057
1210190960815615e-20
2156736895133363e-20
0.008263828283485774
0.006421471740272643
21715984500795385e-24
8722591393733367e-20
0.0030505176318905234
0.12170746014953335
0.02975337230072257
0.00010010725844370097
0.022729934781969958
0.0003540518631097428
0
0.10520878471777483
0.012255737642628524
0.22585228944000563
0.22369745417438186
0.22555514788491568
0.05078931552708315
0.029231453833469277
0.20259806617397408
0.2258990974783577
0.19948729244538538
0.2226400148616667
0.180616590846259
0.0007648841906497962
0.01560175287109765
0.1285362475448347
0.2122927902420162
0.12525238820930423
0.0002991835836890247
0.026618169770048626
0.20493547191663966
0.1066033496574094
0.1484978985226221
