1.6349391444634136
6975776835006541e-55
5005368523866797e-34
0
8003333538234874e-21
6274901489914828e-26
8039229929478633e-21
0
809862315163713e-20
0
0.0011939294657559716
0
20.705596853945643
0
16.07222393599852
0
35.878250115696176
27.505225863362856
0.0005869231321586823
0.006699338801459899
41907582250003776e-97
7.8231546882121625
0.22272387270711302
24038053608060207e-37
0
5100649092235877e-21
7307405743768637e-23
0.0013979154940725077
0.006898025165819953
0.006774656063846804
0.012275030434936308
16280047457415529e-22
13512674341546773e-25
0.0011742233438431435
17725480211920798e-22
14657513603354398e-23
17195948536839185e-30
5944015548858334e-21
6800633516983114e-21
3.093578822887726
3.087326605538844
0
1.1116172006525329
0
3.7976548174582856
3.6806190331335498
4.289485800181362
0
5.241497270436165
0
4.415620832678152
0.5734764045592168
16.011507284832277
15.049198985469086
0.18142254428820995
36.18176343869493
26.694118306122714
1.2349373366463228
4633830524229086e-21
0.013000049205536187
0.18426080872852157
33.40409437436289
0.5379195244874038
0.2126282319529096
2.1228800921942708
0.620298438644562
20.26514111513481
0
20.260137056989894
0
15.75972002177035
0.00014638397657754234
0.0001463711035451343
0.004398725263233368
5.109448878005104
0.1349043722171612
0.07324882907947564
0
0.00035903812339472207
0.7699282137892846
0.0618265840723152
0.026326779220376056
0.011686467754934877
0.0002651042412056141
0.0001397170968159128
0.0010875888337632097
1.8424936277203823
0.4128721118481283
0.0035697269587265613
0.00029856078956100475
0.0004667924752221688
0.005603507573203187
0.0047488101693960475
6417203022766442e-23
0.06682684302240387
1.8359647882654089
0.01793747470704464
10283445199602863e-27
12421316014725454e-22
11541514224565935e-21
0
0.7964459421656711
0.37541155718806635
0.046568050521844574
0
0.2844693896994875
0.01688089454618684
0.06595103168250377
0
0.0012853663841550153
0
0.1228482997327882
0.514150966364561
0
0
0
0
14815686440244093e-22
0.33031561955990757
1840505261171395e-22
21850472322962585e-23
0.3507654394622183
0.21025872051746422
0.18482983267483696
0.5127828993671322
0.000558665246317938
0.4214103275765398
0.0010333199752117477
0.47212205971994864
9427599489178596e-22
7284835576562551e-20
0.4788468262367948
0.0007669288627102531
16073663395986526e-33
0.18210817743565635
0.010299953126748583
0.1879383602065491
0.01914979280709839
0.03597445444122953
0.019774721625572245
0.07711705291275178
0.23171780528913918
0.18105651225035463
0.2058652165152466
859366799197763e-33
0.11873605182660754
0.11875672980030175
0.4216716681301019
0.5258890548618316
0.0003001928314467194
0.526045132901249
0.6149928176265084
10.361558575160323
2.117004250639551
2.783319309008583
0.08152250992276462
0.438306215213983
2.6571324803963527
4.149200537387637
0.5337588146110483
4.814640309524916
6.6865275945249305
3.7772423846424394
2.45338774480732
2.7308330297383794
0.6183795797102217
28.26570238158293
619.0084204115541
4.002009171206182
3358.003826131981
1.0999782353120775
23.21824412438718
1.1665396300504636
44.95483839669855
1.305778318386285
1.396873693502987
1.099977223158882
0.8452822794259152
1.0683856840623305
1.2384379664229497
0
0.0006500706223184415
0.0007854016843160523
0
0.0069447626989661065
0.005272172823428083
0.004998268791696227
0.003288356061417209
0.00495047448448308
0.008212720805392358
0.003525977352999738
0.008535534091616007
0.0028005925746550516
0.004859893390510903
0.006964924928404126
0.01453811474652433
0.004753739365687906
0.006976888119293417
0.0054545522536737735
0.007406476993230448
0.0053919872418276334
0.009525687517076147
0.012806934260176792
0.00972608950695447
0.005873704927282174
0.0018988637505769025
0.007412301799537751
0.022623784059797262
0.06893857947086457
0.04057407116368879
0.10610650192633234
9119419952636088e-20
0.01005075407549513
0.1880077242087118
4806089724018395e-21
0.07062193655719527
0.010861437421858893
0.001268633650664916
54863330111185e-19
12044224614628865e-22
0.0958562777901472
0.08419482156759067
0.004133847397021464
0.03958787793957085
0.0200248580174253
0.005764468237791873
0.012024455766160371
0.0004827414510162232
0.2233289891642399
15699129989621428e-25
0.07500436977475353
0.00034184307540248047
0.009576982073356683
0.010849666523625066
0.00015704663017685667
0.00017085721570575687
0.216032040032148
0.00039341223438113987
0.0548458707769636
0.19783262288151277
1317921776297806e-21
25861618643233096e-22
0.00014471353986749718
1257137650087158e-20
0.0005942690915611771
1700289667379454e-20
14432275537070535e-23
10044034636457733e-22
19076764815234766e-21
0.07301936430112874
0.0737491147476818
4349871873184932e-20
0.00021265556565824316
0.019410944853917433
0.008123781411771228
0.08636054823318302
0.019975870052767204
27828392996323515e-21
0.12542205675798704
0.03781179513612256
5573476585314788e-22
0.21473834139241932
44589623516191415e-23
0.0037564928326050844
0.0009820008510429638
2299456595301824e-27
0.2171055555318522
0.2175689088905147
0.017925939556004696
0.21223542700452655
0.19496423559385206
0.007374159646287315
0.16689062341430233
22332184590241952e-26
4630604560218818e-21
0.000629190557383391
9120166217900409e-20
0.12055408890624117
8645595997271941e-22
0.00011180717619178097
0.14543912369840034
0.0009286696761230567
0.011775842066697547
12200656638286654e-21
0.12623812677703644
0.09132738869511427
0.02100332222508645
3146849276785824e-20
0.00015343564998855416
1200667873518963e-22
0.013578407012560778
0.14638335436019403
8333314476915386e-24
11103227352921051e-21
9106287103603963e-21
9649684493444986e-20
105863389021593e-19
0.2235913698527461
0.1454075256842867
0.005140342327643266
0.0015469963958459206
0.040871486366656384
0.005864069567706889
6760139101620182e-20
0.027964427582801914
8323283786717411e-20
0.0007206723922577636
0.07726122404317472
9970373103507445e-22
0.20836195961041762
0.20706788745955246
0.0018262459007314961
0.0005369213082802108
5829910074671535e-24
0.0010301938192888598
10390421234503695e-24
0.010220375724435075
0.02884127616310094
0.0009034468815242735
0.0003375692284327125
0.00015453602724964922
26181770620114686e-22
0.006102720744849872
0.030114054108262275
0.02121565531951895
11257175872564485e-24
0.19542226492310466
0.06484723218330267
0
0
817753955090813e-19
6661481981797335e-20
10336375804494563e-22
7596600984407036e-22
0.00019346219001320456
0.00970101717328461
0.005374614435005562
1520423353689191e-23
0.00013148900264800526
7328699832046195e-21
0.054700578083564766
0.013307575129229022
0.0945845492293052
38456349762045124e-23
0.058664139912493765
0.007656282800170114
0.00012013547987019951
0.11455066743116393
0.0002963767886869518
1854955945723387e-28
8514418174167272e-20
37361487799846014e-22
0.00012470711621112926
0.016198194025418708
0.0038954152777259192
0.0001635361403096397
0.00015210221429806748
3799874502578046e-24
0.0005143322969011693
0.02265173474151794
13135133465333254e-24
0.0018040755385422293
0.0017990307836016526
4418627705451455e-20
0.10127695559251856
4337134421074295e-20
0.22452954370723605
0.001908656408131637
0.16036926701683776
0.0032966078786044583
0.0007006050780049346
0.0005691085064228609
4475009968869798e-20
0.22249484219017743
12101908657419023e-21
21567365931704113e-21
0.008263378897492984
0.006421201223756334
21715984497734105e-24
8722586454077039e-20
0.0030504569226132033
0.12158331013933805
0.02974732564268559
0.00010010719337892967
0.022726449701752065
0.0003540510489157179
0
0.10512002475701829
0.012254742577944656
0.22493369303442318
0.2229263395454505
0.2247069600295875
0.05077098672306604
0.02922562293114275
0.2013565758632599
0.22500835089514643
0.19823092880481868
0.22189676318180562
0.18027769936497695
0.000764880388090338
0.01560013108412076
0.12839501694651317
0.2117117216698462
0.12511956291548523
0.0002991830023481035
0.026613357391292346
0.20442879441454237
0.10651189534027189
0.14829699674342495
