1.7881230145888576
0
7228617467830379e-39
0
26448478590092023e-22
21232158990274634e-27
2656967467380987e-21
0
26766970792668033e-22
0
0.001166849455369786
0
20.626336781192755
0
18.395342027080364
0
38.317438632521515
27.72287320653873
0.00026428696193977596
0.001242532781297686
8877437546276377e-101
7.674645303505319
0.21958888296544163
3227059992469808e-41
0
371849588888286e-21
4747474457775777e-24
0.0013904887492779024
0.006886918276580153
0.006713347882177464
0.012210164936667333
1624764541364739e-21
11088070544340985e-25
0.0011642570394333434
17539032159984117e-22
1302674219120745e-22
1661956835760799e-29
4340420238095435e-22
4966184310726945e-22
3.20836253842697
3.20186079141717
0
1.1657819687613316
0
4.00984087101833
3.988000383471412
4.2341863423764226
0
5.160029358169744
0
4.410012890482114
0.5360421952961394
16.112801614824367
15.204213829345543
0.18498275688133278
36.468078182624645
26.862900607406683
1.1574882647036842
4305562991643782e-21
0.013068546599938113
0.18553310583152333
33.31505516535915
0.5291577517940317
0.21240816263900134
2.0656879692882724
0.5083568311756098
19.958341176113382
0
19.95186725473103
0
15.758433866028621
0.00016965335531895684
0.0001696427685409932
0.0042676307209451375
5.107435874520032
0.13270268334932542
0.07000176352716397
0
0.0004129925877541634
0.6905776849267976
0.06195651009934909
0.025809780912568546
0.014815694786556931
0.0003050609221958644
0.00015167832468395781
0.0010160927839180124
1.848671182202843
0.4361690495611522
0.003600295402363506
0.0002961107878885474
0.000541831176597798
0.00586069420269689
0.0052274977472900695
59098572378592044e-24
0.06697576520780957
2.0723020162363808
0.017899718382417856
11711450375543584e-27
12423649279932227e-22
11784865911548972e-21
0
0.7846863931609263
0.3492119577965173
0.0525335493089806
0
0.299642564441307
0.014671215575253926
0.06456193921307568
0
0.0012675105487748716
0
0.12185357205821475
0.46229127217505206
0
0
0
0
14942981357619978e-22
0.31385762040587245
18946502882597913e-23
18864990892908423e-23
0.3375456553313895
0.18725722925208058
0.18366227958617734
0.5019199033016729
0.0006048815778327284
0.40801604018084087
0.0009730080259806619
0.4450186765653293
9378443150227978e-22
776068007461928e-19
0.5081348166606369
0.0007621831443222086
18495392734739966e-35
0.17626065162849536
0.005337121232114684
0.1797774196648319
0.019393546456805754
0.037360532303964245
0.00988077707439855
0.049255016760300384
0.22430986123092203
0.1878433366739227
0.200860255131087
9810045086983036e-36
0.10893151201549801
0.10895228466446384
0.4087757672753487
0.5147742681812555
0.00027167631202595563
0.5149847596035676
0.6395996942455678
10.389415382662468
2.115393104601759
2.7674046630878486
0.07607560787443284
0.4393576699476411
2.6528259426720453
4.109504153248809
0.5069354300113804
4.979518650319061
6.910470777731882
3.5533251085870936
2.433915002026378
2.817437344820306
0.6317969488905067
28.274804731012015
618.9544084198114
4.00198173554616
3012.8614480547076
1.0999761961150432
23.2181674140106
1.1650436015799077
44.9101702553371
1.305887795581865
1.3968551545926136
1.0999751834825409
0.8256170738018304
1.0632738222727476
1.2676503995728874
0
0.0006151387405712098
0.000734089108693626
0
0.006166738219089953
0.004790422669272402
0.004601562710806044
0.002783284818079742
0.004815299942971028
0.008060536966165217
0.0030507809466119307
0.008245354852662482
0.0023936705226702687
0.004476521222533109
0.006642039426838122
0.014392847486517547
0.00424644504921327
0.006777197256397177
0.005060884571985178
0.0072257208462344095
0.006504275822112632
0.009353323570309265
0.012026842044168729
0.009408048874169805
0.00565200142476783
0.0018983097760806279
0.007403786544080405
0.02254245324533834
0.06811600752034903
0.04030417406132595
0.10398935967794799
911929254096948e-19
0.010035031374525126
0.17917047137269654
4806086185674508e-21
0.06975573361024337
0.010843052040433546
0.0012683866228445436
5486328400267579e-21
1204422239248821e-21
0.09417026341581386
0.08292781417306876
0.004131212651104387
0.0393313969057233
0.019961416814284972
0.005759331704164679
0.012001879778195041
0.00048270572626695786
0.2009388575599246
1569912998584599e-24
0.0740184289747441
0.00034182516529904184
0.009562717595134523
0.01083132131925562
0.00015704285117943925
0.00017085274274227468
0.19102261859770184
0.0003933885110764736
0.05433948208068958
0.1874647409805637
13179215102294674e-22
2586160839789736e-21
0.00014471033116587176
12571352291293963e-21
0.0005942149436254043
17002852387394735e-21
14432275218002866e-23
10044033091096119e-22
19076709066450627e-21
0.07208876998038241
0.07279838893262126
4349842886709675e-20
0.0002126486360207477
0.019351394892864717
0.008113541362062177
0.08502115950345598
0.01991274402940109
278282743626092e-19
0.12231065134159784
0.037578553704182824
5573476109469499e-22
0.20064318920903218
4458962047053472e-22
0.0037543184485363088
0.0009818529053126455
2299456595301011e-27
0.20226246436409037
0.19293944921536202
0.017875277706564142
0.19883900254932957
0.1672738457625355
0.007365732314175686
0.16057192024918546
2233218458947795e-25
4630601275550198e-21
0.0006291298552864893
9120038785378627e-20
0.11771759142393365
8645594852277185e-22
0.00011180526093028158
0.14099628792958527
0.0009285373745431439
0.011754198703667305
122006338355115e-19
0.12307890936513585
0.08981275648004695
0.020933415525531154
3146834106763482e-20
0.0001534320427948777
120066785143592e-21
0.01354954600673538
0.14186877529675448
8333314466277652e-24
11103208467832852e-21
9106274400733256e-21
9649541832668693e-20
10586321734472234e-21
0.20567070572823712
0.1409670754848523
0.005136261900441865
0.0015466289094391772
0.040597471083795675
0.005858753156305513
6760069090011158e-20
0.02783903235386311
8323177651679232e-20
0.0007205927438456757
0.07621008410601461
9970371580729656e-22
0.1819795703077707
0.18051202971807623
0.0018257335454424151
0.0005368771107486055
5829910069465145e-24
0.0010300309837065688
10390421217965815e-24
0.01020411341069562
0.028707692564335092
0.0009033216739431247
0.00033755176348351784
0.00015453236812555755
26181760119545596e-22
0.006096960617369216
0.02996809968019978
0.021144302658237284
11257175853152404e-24
0.16776204745459142
0.06412536849949557
0
0
817743710049934e-19
6661413998873139e-20
10336374167865276e-22
7596600100407204e-22
0.00019345645497638922
0.009686377891273277
0.005370151942400721
15204233501480592e-24
0.00013148635365440827
7328691604470887e-21
0.054197008492171156
0.013279866190259372
0.09294780207623589
38456347496621546e-23
0.05808051446211374
0.007647194205515428
0.00012013326862484266
0.11202994874851453
0.00029636332691921
18549559457233307e-29
8514307108297507e-20
37361466417079656e-22
0.00012470473345317905
0.01615694521596158
0.0038930765812112797
0.00016353204250516292
0.00015209866953610931
379987450036621e-23
0.000514291741470859
0.02257019900333659
13135133438904191e-24
0.00180357556496025
0.0017985336062044729
44185977953582174e-21
0.09937064183842541
43371056041147026e-21
0.20567830817583652
0.0019080966964873673
0.15467985214216964
0.0032949345130175987
0.0007005298058585658
0.0005690588484813274
4474979290566264e-20
0.19962637541064396
12101886222269443e-21
21567294675636965e-21
0.008252781529195171
0.006414820973393914
2171598442549506e-23
8722469890559627e-20
0.0030490246763377952
0.11869013395616913
0.029604994756207006
0.00010010565801486889
0.02264436486718472
0.00035403183638555016
0
0.10304709268470869
0.012231284813248172
0.20430878566583716
0.20548162836108694
0.2055917019195918
0.05034038431330579
0.029088364337644338
0.1741696082955875
0.2049785312818164
0.17077476026689217
0.20506009075034395
0.17246261401433463
0.0007647906620723237
0.015561909595398861
0.12510697130852869
0.19845207119284758
0.122025751897147
0.00029916928439068484
0.026500048678747924
0.19282927215730702
0.10437641139803697
0.1436342692634392
