1.8366192840427404
6101811990937498e-60
11457475458439354e-41
0
1893528650851575e-21
15309949279595722e-27
19018924510822551e-22
0
1915437550521406e-21
0
0.0011615781005845731
0
20.67311407753345
0
18.495008362076675
0
38.62092538959301
27.76137624947328
0.0002077158579603639
0.0007420408525348564
34453742322095952e-103
7.6334032073438784
0.21840907112261196
5015048371280094e-43
0
16230224563460922e-23
20082203772235e-22
0.0013879492735703537
0.006883405199758337
0.00669215484902468
0.012187975446621566
16279545180067277e-22
10513342146975768e-25
0.0011607893394186266
1752575763857419e-21
12630108181004073e-23
16535080248822545e-30
18952463113588733e-23
21685026488262555e-23
3.244130542111319
3.2377580807707744
0
1.1771850176642618
0
4.006321893831448
3.9909912311561757
4.216831663768898
0
5.134911887097476
0
4.408247296008777
0.5218803130565014
16.060501321762914
15.16721302001859
0.18451432343425922
36.370702227396706
26.790175927472657
1.1337059587064608
414608968437984e-20
0.013032376356738776
0.18498627188783845
33.280896537041016
0.5272086033067646
0.21501506126190845
2.0478571782535706
0.4800076444798903
19.858791608131177
0
19.852345475273427
0
15.751244753589031
0.00017684106461529598
0.00017683010740307387
0.004207396026558338
5.106878708806548
0.13209396415380664
0.06904109300246725
0
0.000429984502480389
0.6670008215703753
0.06173242724494033
0.025584894163680663
0.015893598843525224
0.00031232793268338646
0.00015266261643967046
0.0009974720448967947
1.8481583584534316
0.4414997754355662
0.0036032827147562336
0.0002950180655850695
0.0005672601547410088
0.00583302246100042
0.005244298370931569
5781974029031528e-23
0.0667776131892302
2.081818332616434
0.017819440961460747
12159361184703065e-27
12476662283905434e-22
11836832334511621e-21
0
0.7798981850340049
0.34125420966658915
0.05459750618724991
0
0.30270151876696305
0.014058144980390411
0.06414519478045944
0
0.0012712507164244584
0
0.12154253515289233
0.44672357174982025
0
0
0
0
15013513591664149e-22
0.30985836197641414
1918512778297876e-22
18993362087096137e-23
0.33329384906701454
0.18036760220043463
0.18316277893293123
0.49820119577749017
0.0006147250706170145
0.4042520653694959
0.0009573530373696221
0.4379792085365405
9361975605293516e-22
785085629995261e-19
0.51583134671644
0.0007596483526917743
44054055497303546e-36
0.1742979513899066
0.004314186530552008
0.1772318734346404
0.019461371875405163
0.03779822279597423
0.007900935733278536
0.04253533212914699
0.22188120360024197
0.18958832325486283
0.19914838058071027
23297649197158092e-37
0.10566997800003809
0.10569074909382695
0.4045780548036276
0.5111360803970201
0.00026379082302915825
0.5113626597884231
0.6460517035990408
10.383191927304788
2.1165632618984414
2.767732949566536
0.07476686286730017
0.43912770698834974
2.6551854866410367
4.110117015306277
0.5004564439339053
4.990281542694023
6.917459773528714
3.4762130900539625
2.429775850534155
2.817414513112878
0.6350330959503779
28.24405063166041
618.9373098203101
4.00197304976772
2911.1675052995793
1.099975550529264
23.21814312843146
1.1645703759622579
44.8960380822243
1.3059188395806935
1.396849280437088
1.0999745377449734
0.819471725257757
1.0616605681472582
1.2586237168996852
0
0.0006062766456662192
0.0007194679478646302
0
0.006038157856809116
0.004613217931784786
0.004450006993506095
0.0026215401416061234
0.004730313805855297
0.007959559451670956
0.0028929827264417797
0.008089100838945242
0.0022622753245242883
0.004329857767693733
0.006495266465504221
0.014241895012116174
0.004065318832270274
0.006666263148836715
0.004906869756088788
0.007117430448661871
0.006808876506274339
0.009231696039470286
0.011712274561495954
0.009242766318668903
0.005542892537536416
0.001898134427745982
0.0074010927503934815
0.022516765819416813
0.06785764169942855
0.04021910244485555
0.10332794076693845
9119252204257267e-20
0.010030058874122297
0.1764602148996291
4806085065475656e-21
0.06948372402782318
0.010837237926420946
0.001268308426673884
5486326940525473e-21
1204422168898386e-21
0.0936426958185804
0.08253068140258796
0.004130378870567655
0.03925054475159466
0.019941373969767105
0.0057577064901715965
0.011994741314906172
0.0004826944167690205
0.19432938317167203
15699129984650739e-25
0.07370900051146444
0.00034181949535974426
0.009558206053125037
0.010825519903520368
0.000157041654810828
0.00017085132667736072
0.18372505951595752
0.00039338100084642216
0.054180141646499126
0.1842970096030668
13179214259952716e-22
25861605154341543e-22
0.00014470931534229213
12571344626827003e-21
0.0005941978020336177
1700283836684875e-20
1443227511698968e-22
10044032601852273e-22
1907669141705416e-20
0.0717966333405245
0.0724999617885112
43498337099618425e-21
0.00021264644222346405
0.01933258015402728
0.008110302169724548
0.08460146893147981
0.019892800653445557
27828236804631163e-21
0.12134179392094227
0.03750501239132197
5573475958822304e-22
0.19637660720649042
44589619506314525e-23
0.0037536303256319333
0.0009818060720240258
22994565953007555e-28
0.19777819457732487
0.1857388577015786
0.017859268600769324
0.194776678924063
0.15935525132060283
0.007363066324452742
0.1586217862987465
22332184589236083e-26
463060023566199e-20
0.0006291106389141707
9119998442063994e-20
0.11683357298631614
8645594489784911e-22
0.00011180465458713157
0.13961822100730023
0.0009284954932972921
0.011747354955142151
12200626616421352e-21
0.1220953092537029
0.0893384962262867
0.020911332388510926
3146829304122343e-20
0.00015343090081609744
12006678444446804e-23
0.013540421731706593
0.14046873489734463
8333314462909872e-24
11103202489035608e-21
910627037915269e-20
9649496668330509e-20
10586316299383745e-21
0.20030222827706312
0.1395897393443777
0.005134970758811081
0.0015465125856203921
0.040511104414994184
0.0058570710456928975
6760046925283858e-20
0.02779945095665099
832314405081643e-19
0.0007205675298997228
0.07588029486058874
9970371098635592e-22
0.17434462185938285
0.17283646593491309
0.0018255713695494202
0.000536863119071483
5829910067816863e-24
0.0010299794371791886
10390421212730119e-24
0.010198970342036309
0.028665530599784536
0.0009032820382647759
0.00033754623446774
0.00015453120970658203
26181756795185847e-22
0.0060951381598934986
0.02992203976116541
0.021121763268901833
11257175847006761e-24
0.1598490728416632
0.06389851363125812
0
0
8177404666133699e-20
666139247639784e-19
10336373649727129e-22
7596599820542942e-22
0.00019345463936445244
0.009681747866849158
0.005368739940376735
1520423349026977e-23
0.0001314855150243135
7328688999716132e-21
0.054038552271510644
0.013271105885527369
0.0924355528046247
3845634677941426e-22
0.05789695811418525
0.007644319109009301
0.00012013256857821766
0.1112435366338647
0.00029635906520422255
18549559457233132e-29
8514271946409444e-20
37361459647541803e-22
0.00012470397910862525
0.0161439082164762
0.003892336469181845
0.00016353074520831417
0.00015209754732204347
3799874499665969e-24
0.0005142789027497663
0.022544446933033997
13135133430537041e-24
0.0018034173078948423
0.0017983762341372959
4418588326205387e-20
0.09877463506601757
4337096481033248e-20
0.2000466177848336
0.0019079195323618763
0.1529210591318665
0.003294404921565707
0.0007005059772393863
0.0005690431282453771
4474969578208435e-20
0.1928883313474059
12101879119565154e-21
2156727211682634e-20
0.008249429356254015
0.006412802380278631
21715984402624987e-24
8722432988201597e-20
0.0030485713836341994
0.11778861387275628
0.029560076500080364
0.00010010517194099332
0.022618439582706807
0.0003540257541344945
0
0.10239938380471306
0.01222386771410015
0.198181876673035
0.20024857692705111
0.19988573285441152
0.05020482308735316
0.02904504432134602
0.16635251396926604
0.19901674628467322
0.16290157738766387
0.20000078935623275
0.17005976311605556
0.000764762258030116
0.015549828634601087
0.12408366560109746
0.19442982863301042
0.12106232058430856
0.0002991649415726175
0.02646427706873941
0.18929598037799528
0.10370930557317463
0.1421888782617982
