1.8019790915756813
2669090724675881e-59
16888599446212342e-40
0
2400576553246308e-21
1931096143575156e-26
2411471066411373e-21
0
24291796117779792e-22
0
0.0011652356804051336
0
20.638573903231137
0
18.429348366429043
0
38.41765532825083
27.735592548463437
0.00024645829967725726
0.001070337472309266
3459774607581887e-101
7.662700374291255
0.2192516636887575
7496326309815718e-42
0
2934247574097117e-22
3712172267614798e-24
0.0013897493503024706
0.006885914381557606
0.0067071575049031575
0.01220370364429365
1625539654549666e-21
1091694622080272e-24
0.0011632429555665177
17533776365221778e-22
12908859519981516e-23
16592384704702067e-30
34254159190105655e-23
3919271521026596e-22
3.2186603228210977
3.2121927534106325
0
1.1692931806892066
0
4.009595247466429
3.9902492264448437
4.229220554622414
0
5.1528757883289655
0
4.409508300523824
0.5320042036952437
16.09859683049815
15.194404370525376
0.18486614104607554
36.44190759025582
26.84322696714418
1.1506527783871052
42595877824758925e-22
0.013058718381774505
0.1853851533697956
33.305912746389495
0.528697833479323
0.21313118447588067
2.0605848945156167
0.4999963718904727
19.930004734144116
0
19.923542589415288
0
15.756640501089143
0.0001716851261274418
0.00017167444898023046
0.004250437468075443
5.107273507914854
0.13252601751716062
0.06972437939500455
0
0.0004178393897252929
0.6837785496300091
0.061902171552509995
0.025748128779756206
0.015119745378963536
0.0003072096164797418
0.00015199438801989534
0.0010106344252497064
1.8485754488708803
0.4378020119918712
0.003601222729329846
0.0002958073199998297
0.0005490007560902569
0.005854591689850129
0.005234525889841419
5872550772908555e-23
0.06692606018451379
2.0755812811687027
0.0178789832295266
11840555725217114e-27
12437750686559407e-22
11800520456214844e-21
0
0.7833665488717984
0.34692599735967994
0.05311429410091501
0
0.30062306746213346
0.0144931318156779
0.06444265976839385
0
0.0012684289618038645
0
0.1217644649874297
0.4578013961269818
0
0
0
0
14962193580122312e-22
0.3127383312270028
19013572388638168e-23
18889597864905615e-23
0.3363335873301664
0.1852661567732073
0.18352490299028912
0.5008698089094741
0.0006078379650663377
0.4069565600029906
0.0009683956955536324
0.4429449524077874
937377621801619e-21
7788179356892868e-20
0.510425592485899
0.0007614581174561055
12285996352000895e-35
0.1757090292836176
0.005023016997996903
0.17904792855813692
0.01941346277043287
0.03748688305093091
0.009270221200081264
0.047243201973235914
0.22361877601435703
0.1883551276604354
0.20036868538341526
6511030263173712e-36
0.10799980010363631
0.10802059752537989
0.4075811046407026
0.513740771433976
0.0002694521144260087
0.5139558245386745
0.6414887481657355
10.387904215945314
2.1157033198242337
2.7674458253955816
0.07570786454191064
0.4393019569982731
2.653446500694029
4.109550443403449
0.5051229822435199
4.9833757436111314
6.913279965303738
3.5311777697288607
2.4326917865858073
2.817714041982532
0.6327492011676151
28.266592623589588
618.9495230574687
4.0019792538932535
2983.448866063815
1.0999760116619246
23.218160475271112
1.164908374641932
44.90613203772712
1.3058968308519674
1.3968534764819702
1.0999749989860674
0.8238572633179644
1.0628126425355147
1.2652930451272193
0
0.0006126658224737736
0.0007298361699287375
0
0.006126423110078917
0.004739358282071045
0.004557977243570316
0.0027361897545424697
0.0047915168554893885
0.008031879776591398
0.003004996035724905
0.008201313836197429
0.0023554344286733763
0.004434337644283402
0.0066001049086147085
0.014350300884349331
0.004194204419804513
0.0067456594183674294
0.005016615683872239
0.007194974137193809
0.006592637013593373
0.009318879696487845
0.011936679149431306
0.009360967896458607
0.005620890027514386
0.0018982596749035948
0.0074030167887092725
0.022535110991989446
0.0680420884982539
0.040279849540199746
0.10379995200162892
9119281016176355e-20
0.010033610408630196
0.17839189245534148
4806085865617667e-21
0.06967790811120265
0.010841390546784967
0.001268364280589562
54863279831983665e-22
12044222191486963e-22
0.09401922725783647
0.08281415307034672
0.004130974410920742
0.03930827931062468
0.01995568823256977
0.005758867310504435
0.011999839783862504
0.0004827024949547943
0.19902782558825055
1569912998550449e-24
0.07392988853205266
0.0003418235453067885
0.009561428365881851
0.010829663454731733
0.00015704250935890602
0.00017085233815110164
0.18890851661955044
0.00039338636528182824
0.05429390848513703
0.18655415952856952
13179214861625538e-22
25861607471167084e-22
0.00014471004092983565
12571350101445783e-21
0.0005942100459772918
17002848381523274e-21
14432275189141955e-23
1004403295131216e-21
19076704023764256e-21
0.07200518128529973
0.07271299890824219
4349840264779748e-20
0.00021264800921921436
0.019346017385530004
0.008112615746548658
0.08490103591298405
0.019907043882649092
2782826363175316e-20
0.12203304824984
0.037557527198297
5573476066427442e-22
0.19941479379641877
44589620195043235e-23
0.003754121829120963
0.0009818395241450852
2299456595300938e-27
0.20097096916872428
0.19085411595826354
0.01787070221255097
0.1976697696060668
0.16497207009472814
0.0073649705043424794
0.16001230545055928
22332184589408847e-26
4630600978439257e-21
0.0006291243648345041
9120027258699094e-20
0.11746433439001389
8645594748707962e-22
0.00011180508768904602
0.14060117241588665
0.0009285254082801369
0.011752242940208995
1220063177291388e-20
0.12279707498101164
0.0896769972303697
0.02092710367923378
31468327345795514e-21
0.0001534317165143589
1200667849438423e-22
0.013546938443802722
0.1414673459152803
8333314465315429e-24
11103206759604738e-21
9106273251710056e-21
9649528928550499e-20
10586320181589524e-21
0.20412233896131068
0.14057216994781982
0.005135892969709515
0.0015465956731696027
0.04057277612135235
0.005858272503984441
6760062757224514e-20
0.027827717636047477
8323168051418876e-20
0.0007205855397710904
0.07611571262165814
9970371442988491e-22
0.17976466368049007
0.17828487480327967
0.0018256872080029411
0.0005368731130893618
5829910068994207e-24
0.0010300162558640876
10390421216469902e-24
0.01020264369792031
0.02869563996489279
0.0009033103492861307
0.0003375501837554829
0.0001545320371478213
2618175916972848e-21
0.006096439859636531
0.029954932473259244
0.021137860379532383
11257175851396506e-24
0.1654620514852962
0.06406047076514126
0
0
8177427833524601e-20
6661407849587386e-20
10336374019825802e-22
7596600020445986e-22
0.0001934559362283828
0.009685054801261727
0.005369748475361129
152042334982775e-22
0.00013148611404526398
73286908602551485e-22
0.054151687933693016
0.013277362656144785
0.09280115616124014
38456347291705175e-23
0.05802801048951916
0.007646372639046826
0.00012013306861110497
0.11180469400199787
0.00029636210928010297
18549559457233256e-29
8514297062028958e-20
3736146448292586e-21
0.00012470451792569807
0.01615321928504984
0.0038928651062724775
0.00016353167184787027
0.00015209834890267417
37998745001661415e-25
0.0005142880732321275
0.02256283826879268
13135133436513578e-24
0.0018035303472387903
0.0017984886413515266
441859508988391e-19
0.09919998816462432
4337102997518043e-20
0.20405326805301433
0.0019080460764871947
0.1541752858360446
0.003294783192487618
0.0007005229975989483
0.0005690543569410276
44749765156047336e-21
0.19767755458514555
12101884192924935e-21
21567288230260093e-21
0.008251823626525724
0.006414244167675469
21715984418960752e-24
8722459347012831e-20
0.003048895157259636
0.11843185500986758
0.029592154008385996
0.00010010551913637789
0.022636954612333202
0.00035403009858887163
0
0.10286161607616866
0.012229165182949019
0.20253916363179034
0.20397267029433502
0.2039450043645693
0.05030161522685705
0.029075980601401482
0.1718994049042428
0.20325717045952965
0.16848723379263844
0.2036016562314487
0.1717726416131258
0.0007647825465240462
0.015558456934884508
0.12481374014583035
0.19729444265515356
0.12174970610438333
0.0002991680435790899
0.026489823287695564
0.19181308385121346
0.10418537306600344
0.14321980763274741
