1.7950510530822694
3067261384174823e-60
4069353571090565e-39
0
25194101779943586e-22
2024605681429006e-26
25309004383334408e-22
0
25495915339248907e-22
0
0.0011660306334490922
0
20.632304825049538
0
18.413080453204227
0
38.36905550398132
27.729405698009753
0.00025519200932255055
0.001153020281881164
553460810096562e-100
7.668655283981363
0.21942041516097646
18114381898914298e-42
0
3303180573666642e-22
4197953965150657e-24
0.001390117749652348
0.006886416313177374
0.00671023995864519
0.012206922878310834
16251369326279998e-22
1100176598967305e-24
0.0011637478032791265
17536241058178378e-22
12967314259062004e-23
16605638250720018e-30
3855875472360146e-22
4411787170081043e-22
3.2135189109084226
3.2070338523158033
0
1.1675640902037727
0
4.009813931654806
3.989302937761904
4.231702715736276
0
5.156454413189758
0
4.409760579550269
0.5340247377442949
16.105797351839453
15.199410123862886
0.18492672582367994
36.45521179304574
26.853210195912837
1.1540665180789633
4282562243351623e-21
0.013063699546016331
0.18546022950650434
33.310560284973114
0.5289371311762971
0.2127667015473196
2.0631354614223514
0.5041492368988378
19.94418551553953
0
19.937718068478567
0
15.757564922558064
0.00017066732476979577
0.0001706566947888974
0.004259041968535959
5.107354369076049
0.13261405827056227
0.0698627768083861
0
0.00041541539721680646
0.6871716811855361
0.06193036697245344
0.025779221471892155
0.014967333979347115
0.000306144014099931
0.00015184061997466293
0.001013349056562201
1.8486295139132072
0.43699677583023705
0.003600769137448462
0.00029596002914096135
0.0005454066926718116
0.005857866106707265
0.005231289376736101
58911195835375865e-24
0.06695168087350717
2.074016163245271
0.01788958926699069
1177611685884824e-26
12430582134082455e-22
11792780046153643e-21
0
0.7840313704983598
0.34806793167977335
0.05282303915763735
0
0.3001436164191215
0.01458187020619581
0.06450226583734195
0
0.0012679498822973864
0
0.12180899514427786
0.46004213330663196
0
0
0
0
14952480815371857e-22
0.31329913810072807
1897990799706295e-22
18875745027813356e-23
0.3369398921467426
0.1862594686749817
0.18359414205287575
0.5013961325179714
0.0006063747852122668
0.40748756639211053
0.0009706870024176962
0.44397516229936895
937611363199324e-21
7774612382963831e-20
0.5092892900468625
0.0007618210590821814
15076123641121442e-35
0.17598574385788407
0.005177772376717046
0.1794124616775525
0.019403561421384354
0.03742382891488422
0.009570756168798808
0.04823964419944446
0.22396462839667963
0.1881006654301851
0.20061435682021886
7993059567950423e-36
0.10846579109102382
0.10848657939181706
0.408178926270737
0.5142581158671818
0.0002705660010430557
0.5144708858042341
0.6405491227558532
10.388694088227174
2.115545104473202
2.767418112274717
0.07589199101795945
0.4393310964675849
2.6531293233580366
4.109509845312203
0.5060311303169691
4.981540956108812
6.911980158520363
3.542245027744414
2.4332985549328083
2.81761330234587
0.6322761969582349
28.270771489975566
618.9519657338201
4.001980494719515
2998.119088829901
1.09997610388848
23.218163944640597
1.1649759861488274
44.90815110114168
1.3058923301152408
1.3968543155597681
1.0999750912343011
0.8247367699334217
1.0630432073944984
1.2665016415380554
0
0.000613905922134241
0.0007319546217613987
0
0.006146161514751956
0.004764868079990641
0.004579761850601941
0.0027596599873188164
0.0048034803557584485
0.008046260833290199
0.0030278311040049127
0.00822343050949683
0.002374492293127727
0.004455421219350361
0.006621101771114982
0.0143716964571711
0.004220294576148917
0.006761474172400863
0.005038745953643638
0.007210398794650085
0.006548614676206841
0.009336173777935356
0.011981780105908002
0.009384564056242453
0.005636477165779034
0.0018982847253268221
0.007403401656390598
0.022538781819686535
0.06807903797680544
0.040292009965156
0.10389461267674627
9119286778571097e-20
0.010034320866424688
0.17878075808176597
4806086025646085e-21
0.06971681000106121
0.01084222126178274
0.0012683754516678583
5486328191732969e-21
12044222291987585e-22
0.09409471503236368
0.08287096413532175
0.00413109352929515
0.03931983640921222
0.019958552317897383
0.0057590995026536715
0.01200085973768212
0.00048270411060817223
0.19998105884392936
1569912998567524e-24
0.0739741455065247
0.00034182435530195546
0.009562072958780261
0.010830492355271726
0.00015704268026907962
0.0001708525404465684
0.1899626266402797
0.00039338743817768785
0.05431669050318423
0.18700889603136545
13179214981960106e-22
2586160793453222e-21
0.00014471018604778093
12571351196369826e-21
0.000594212494796302
17002850384458886e-21
1443227520357241e-22
1004403302120414e-21
19076706545107277e-21
0.07204696351041942
0.07275568139313575
43498415757445137e-21
0.00021264832261975008
0.019348705952378763
0.008113078541105063
0.0849610764783878
0.019909893752033087
27828268997180662e-21
0.12217177094827825
0.0375680389801958
557347608794847e-21
0.20002804854013598
44589620332788977e-23
0.0037542201375414448
0.0009818462147060693
22994565953009748e-28
0.20161568264821517
0.19189394991367623
0.017872989813141473
0.19825352411149244
0.166118971246973
0.007365351399409685
0.16029186863249026
223321845894434e-24
4630601126994724e-21
0.0006291271100545072
912003302203704e-19
0.11759089472662403
8645594800492573e-22
0.00011180517430963024
0.14079859157387767
0.0009285313913923637
0.011753220781257697
12200632804212646e-21
0.12293791141015746
0.08974485118441636
0.020930259364453002
3146833420671442e-20
0.00015343187965453158
12006678504371714e-23
0.013548242162535964
0.14166791842009657
833331446579654e-23
11103207613718762e-21
9106273826221638e-21
9649535380607438e-20
10586320958030852e-21
0.20489505974784078
0.140769484236122
0.005136077431763097
0.0015466122912151101
0.04058512172429593
0.005858512825215683
6760065923617093e-20
0.027833374420003276
832317285154767e-19
0.0007205891417993803
0.07616288374717572
9970371511859073e-22
0.1808687265756493
0.17939499608064227
0.0018257103765756697
0.0005368751119152628
5829910069229676e-24
0.0010300236197590049
10390421217217858e-24
0.010203378527845459
0.028701665631962713
0.0009033160115968808
0.0003375509736185762
0.0001545322026366008
26181759644637033e-22
0.006096700232942722
0.02996151535340438
0.021141081273492023
11257175852274456e-24
0.1666080806359979
0.064092911418236
0
0
8177432467010659e-20
6661410924229553e-20
10336374093845538e-22
7596600060426594e-22
0.00019345619560221216
0.009685716323675379
0.005369950205091652
15204233499879045e-24
0.00013148623384978155
7328691232363009e-21
0.054174343473712375
0.01327861436420041
0.09287445017506596
3845634739416336e-22
0.05805425654027623
0.007646783411247542
0.00012013316861793218
0.11191726470427685
0.00029636271809903113
18549559457233281e-29
851430208516175e-19
37361465450002743e-22
0.00012470462568939198
0.01615508214308935
0.003892970842305904
0.00016353185717641157
0.00015209850921930724
3799874500266176e-24
0.0005142899073482227
0.022566518335949595
13135133437708884e-24
0.0018035529559578109
0.0017985111236374781
4418596442620856e-20
0.09928527833613059
4337104300816177e-20
0.20486417683649455
0.0019080713863194162
0.15442736291569611
0.00329485885188391
0.000700526401720486
0.000569056602706746
44749779030852835e-21
0.19864957518674053
12101885207597146e-21
21567291452948288e-21
0.008252302563961637
0.006414532564051272
21715984422227904e-24
8722464618784636e-20
0.0030489599161109735
0.11856092415209483
0.02959857368595888
0.0001001055885755993
0.02264065943658826
0.0003540309674861446
0
0.10295431261243927
0.012230224952179236
0.20342205035685154
0.20472575908575621
0.20476669784247248
0.05032099603644604
0.029082171810369414
0.17303078344160974
0.20411603629625052
0.16962714098566428
0.20432957226926607
0.1721172820745992
0.0007647866042874202
0.015560183169377512
0.12496026971535613
0.19787241035514205
0.12188765085374335
0.00029916866398424404
0.026494935489926427
0.19232050683501747
0.10428084848520909
0.1434268887391064
