1.8435473225361523
8718880814893109e-60
4076501168522842e-41
0
18073889339770549e-22
1462824660728699e-26
18153262903924391e-22
0
18281710868879428e-22
0
0.0011609026101040603
0
20.680469357854673
0
18.505946887039055
0
38.65459161928925
27.7655168659849
0.00020086024889047008
0.0006904498263952401
2191251634082333e-102
7.627630829749309
0.21824155838781464
17794585133157505e-44
0
144174916191753e-21
17761929258997605e-25
0.0013875978592128998
0.0068829034585665624
0.006689238240920098
0.012184905307580953
1628507977894508e-21
10436401786399084e-25
0.001160313090335055
1752490744605905e-21
1257686847694891e-22
1652519911667168e-29
16836618081960457e-23
19264137900350895e-23
3.249175628048135
3.2428231072919544
0
1.178620569135552
0
4.0053359912638715
3.9905476933088306
4.214358256834537
0
5.131302703156339
0
4.40799516007242
0.5198550689329994
16.05258942021344
15.161470579075264
0.18443707520391256
36.35580274661715
26.779124996653444
1.1303412752012263
41237971233878175e-22
0.013026905965094482
0.18490320170213906
33.27561259894662
0.5268514370325929
0.21539997360262464
2.045315882820265
0.47615668696195906
19.8444949632727
0
19.8380509003177
0
15.750018806699817
0.00017788709853828704
0.0001778760817472092
0.004198815372427212
5.106801612920287
0.13200907518430136
0.06890614445358234
0
0.0004324195563495997
0.6636822523724507
0.061693045230916815
0.025550731525099853
0.01605077653637411
0.00031331769041821725
0.0001527802700801086
0.0009949170586377003
1.8480513227486306
0.4421756466700484
0.0036036661342541986
0.00029485568777207536
0.0005709717824023283
0.005827896484124962
0.005245261568715131
57642647355485274e-24
0.06674429624626978
2.0828435443950184
0.017806331919278936
12222443471827918e-27
1248497422408726e-21
11843655040470048e-21
0
0.7791761836830854
0.3401283539336342
0.05489961445210939
0
0.303054870124031
0.013972824130398895
0.06408574475478945
0
0.0012718756775829448
0
0.12149829655285578
0.4445331329688363
0
0
0
0
15024248225222984e-22
0.30926078214083425
19219967133553838e-23
19019186319896054e-23
0.33268422181768237
0.1794016186638056
0.1830872797361488
0.4976603280365797
0.0006160200985702373
0.40369956239969923
0.0009552209681353073
0.43702029651834473
93595936979065e-20
7862411915548756e-20
0.5168571203989197
0.0007592897703746288
35862439754918783e-36
0.17401021212955103
0.004184649325760388
0.17687002935190427
0.019470640037473536
0.03785964400159404
0.007652057255405474
0.041646724613898
0.2215322138820223
0.18982772323837777
0.1989065918716503
1895770167142313e-36
0.10520469031296006
0.10522544521931755
0.403974802633194
0.5106115325183684
0.0002626345354564077
0.5108404452820453
0.6469390437783729
10.382135984205753
2.116745041925123
2.7678102264205
0.07457263317053038
0.4390886085238551
2.6555551025179875
4.11027892577233
0.4994873765284304
4.991296741321333
6.917956989330466
3.4653196651077534
2.4292116091937292
2.8172418426433756
0.6354755170196562
28.239292091919
618.9348672017978
4.001971808943768
2896.922748988467
1.099975458302755
23.218139659065084
1.1645027879956895
44.89401956340917
1.3059231447161812
1.3968484411004993
1.0999744454967801
0.8185970234702916
1.0614303031745884
1.257204167642465
0
0.0006049486641227574
0.0007174354374833889
0
0.006022174173789339
0.0045883804776379435
0.004428709008478474
0.0025992033353477006
0.004717915216147486
0.007945189836703049
0.0028710752164899066
0.008066525122717971
0.0022441144408197806
0.004309252270126834
0.006474484181937847
0.014220270833057422
0.004039951938796851
0.006650479492265546
0.0048852179716071835
0.00710200798705607
0.006851496831895338
0.009214338036743003
0.011667866725712787
0.009219301785240474
0.005527414233178942
0.0018981093793061336
0.007400708002741211
0.02251309857740347
0.06782081238234294
0.04020696402392516
0.1032337963991076
9119246441884372e-20
0.010029348718088702
0.17607639668148195
480608490544727e-20
0.0694449521996364
0.010836407593238978
0.001268297256185903
5486326731990918e-21
1204422158848324e-21
0.09356757067785765
0.08247410361382301
0.004130259772800135
0.03923900801958521
0.019938512349560913
0.0057574743541850566
0.01199372188109169
0.0004826928011480887
0.19340308929331468
15699129984479988e-25
0.07366490216694611
0.00034181868537609347
0.00955756172090022
0.010824691383541831
0.0001570414839017704
0.0001708511243833311
0.18270556199836913
0.00039337992796811925
0.05415741690105983
0.18384886740555023
13179214139618154e-22
2586160469097646e-21
0.00014470917022522
12571343531903533e-21
0.000594195353275158
1700283636391455e-20
14432275102559226e-23
10044032531960298e-22
1907668889571314e-20
0.07175499628948298
0.07245742932280448
4349832398999447e-20
0.00021264612882569966
0.01932989382791167
0.00810983953354077
0.08454168249468805
0.019889953230739527
27828231439209867e-21
0.12120401363867742
0.037494518244673085
5573475937301277e-22
0.1957745472113878
44589619368568783e-23
0.003753532032656331
0.0009817993817365846
2299456595300719e-27
0.19714575236688514
0.1847323769284011
0.01785698275638491
0.19420316193674425
0.15825504753302538
0.007362685547556923
0.15834513588797036
22332184589201532e-26
463060008710655e-20
0.00062910789376604
9119992678747901e-20
0.11670782773742686
8645594438000301e-22
0.00011180456796695
0.13942245689259314
0.0009284895104163794
0.011746377602116746
12200625585123107e-21
0.12195543810107387
0.08927094950758883
0.02090817955693901
314682861803135e-19
0.00015343073767696555
1200667843445932e-22
0.013539118765516894
0.14026986018865306
833331446242876e-23
11103201634921979e-21
9106269804641325e-21
9649490216299453e-20
10586315522942761e-21
0.19954682843692834
0.13939407868523354
0.005134786336503622
0.0015464959686462018
0.040498781327402845
0.005856830783604691
6760043758900175e-20
0.02779380106721327
8323139250704247e-20
0.000720563927979465
0.07583329875517521
9970371029765011e-22
0.17328038354904032
0.1717669297575977
0.001825548202740714
0.0005368611202902322
5829910067581394e-24
0.0010299720736001434
10390421211982162e-24
0.010198235829581183
0.02865951251895285
0.0009032763761669828
0.0003375454446157362
0.00015453104421886586
26181756320277343e-22
0.006094877853299153
0.029915465554249558
0.021118545318086088
11257175846128811e-24
0.15874953615359602
0.06386617137268207
0
0
8177400032663395e-20
6661389401764188e-20
10336373575707395e-22
7596599780562333e-22
0.00019345437999270963
0.009681086615476184
0.005368538256111507
15204233488668223e-24
0.0001314853952204509
7328688627608385e-21
0.05401595351894488
0.013269854885258186
0.09236260515677874
3845634667695608e-22
0.057870783177291676
0.007643908469186711
0.00012013246857188997
0.11113164359326941
0.0002963584563927986
18549559457233107e-29
8514266923294431e-20
3736145868046507e-21
0.00012470387134549008
0.016142046646912905
0.0038922307503784725
0.00016353055988103303
0.00015209738700642427
3799874499565934e-24
0.0005142770686729169
0.022540770465202586
13135133429341733e-24
0.001803394700876259
0.0017983537535375303
44185869734709245e-21
0.09868978355825699
4337095177737464e-20
0.19925477822570647
0.001907894224543939
0.152671440843531
0.003294329272592955
0.0007005025732170988
0.000569040882532835
4474968190730466e-20
0.19194450133065183
12101878104893453e-21
21567268894141035e-21
0.008248950585569953
0.006412514061691618
21715984399357836e-24
8722427716448909e-20
0.003048506633035157
0.11766038549173262
0.02955366517221796
0.00010010510250206091
0.022614738394417116
0.0003540248852500166
0
0.10230718690733126
0.01222280849573513
0.19732173320404892
0.19951195756144122
0.19908362584803377
0.05018548702103205
0.029038861016328472
0.16526480194371068
0.19817933690018447
0.16180686648975492
0.19928829443671792
0.16971924254466417
0.0007647582003959171
0.015548103548832034
0.12393816394567429
0.1938619164078423
0.12092530989165043
0.0002991643211751827
0.026459170782056046
0.18879653737648586
0.10361435343604726
0.14198358460674335
