1.8019790915756813
0
2745924205542092e-39
0
24005765438733376e-22
1931095961812433e-26
24114708393455843e-22
0
2429179494735968e-21
0
0.0011652356795363733
0
20.638573780485004
0
18.429347364295587
0
38.41765539191899
27.735592550543835
0.0002464582820292446
0.0010703374685400988
34597713511460915e-102
7.662700377986532
0.21925166433190418
12188307262268203e-42
0
293425830277513e-21
3712185780542929e-24
0.0013897493491415655
0.0068859143815575685
0.006707157493540696
0.01220370363409987
1625539653354808e-21
10916946182851163e-25
0.001163242953594622
1753377635234075e-21
12908859475583512e-23
16592384691678125e-30
3425428374086704e-22
3919285777123081e-22
3.218660328943972
3.212192752364126
0
1.1692931853994295
0
4.009595124044126
3.990249229243864
4.2292205546282275
0
5.152875790224057
0
4.409508300539451
0.5320041992359513
16.09859667395488
15.194404210543297
0.18486613953089137
36.44190717630115
26.843226736142388
1.1506527782642655
42595877512760955e-22
0.013058718275985074
0.18538515162617356
33.30591293864514
0.5286978397020485
0.21313118938255887
2.0605848945137106
0.4999963740423863
19.930004767650512
0
19.923542622555054
0
15.756640513349442
0.0001716851248130449
0.0001716744478801801
0.004250437430459263
5.107273508008903
0.13252601758345095
0.06972437943721779
0
0.0004178393908995477
0.6837785497398697
0.061902171696323546
0.025748128786012844
0.0151197454363991
0.0003072096068949461
0.00015199438327672912
0.0010106344280069572
1.8485754526044633
0.43780201297137006
0.0036012227303652807
0.00029580731995990854
0.0005490007569245463
0.005854591710619586
0.005234525913320562
5872550818981559e-23
0.06692606024809544
2.0755811799373167
0.01787898326370553
11840555859506655e-27
12437750784145532e-22
11800520448530566e-21
0
0.7833665488268614
0.3469259997618694
0.05311429419115504
0
0.3006230688717914
0.01449313186136609
0.06444265975979105
0
0.0012684289458368657
0
0.12176446498673317
0.4578013961190869
0
0
0
0
14962193559486153e-22
0.3127383309849963
19013572538068115e-23
18889599322079671e-23
0.3363335873235295
0.18526615698463086
0.1835249029689738
0.5008698089373951
0.0006078379594832183
0.40695656159917326
0.000968395694821759
0.44294495208676005
9373776218042808e-22
7788179285979562e-20
0.5104255925354318
0.000761458117549555
12287526258204923e-35
0.17570902948748648
0.005023016999161093
0.1790479285581128
0.019413462851209665
0.03748688318348838
0.009270221202571352
0.047243201968333585
0.22361877601719257
0.18835512801913767
0.20036868584957906
6511841054885334e-36
0.10799980037641457
0.108020597882339
0.4075811046459315
0.5137407714338402
0.0002694521141614547
0.5139558245385506
0.6414887492817924
10.387904241223241
2.1157033208912734
2.767445832007935
0.0757078644660225
0.439301957943927
2.6534465030575842
4.10955045958487
0.5051229818421328
4.983375737155613
6.913279932703147
3.531177777824498
2.4326917874862497
2.8177140185142253
0.6327492023073273
28.26659265278056
618.9495230574687
4.0019792538932535
2983.448866063854
1.0999760116619246
23.218160475271112
1.164908374641932
44.90613203772712
1.305896830852127
1.3968534764819702
1.099974998986059
0.8238572633179644
1.0628126425355147
1.2652930426364704
0
0.0006126658232753838
0.0007298361697304172
0
0.006126423100136514
0.004739358299427868
0.004557977260246755
0.002736189764404903
0.0047915168722141846
0.008031879798219692
0.0030049960466001337
0.008201313866071857
0.0023554344371227946
0.004434337660500978
0.006600104932592537
0.0143503009367118
0.0041942044350989464
0.006745659442717162
0.005016615701979223
0.007194974163054574
0.006592637067990836
0.00931887972998318
0.011936679192291322
0.009360967929873457
0.005620890048048545
0.0018982596749035948
0.0074030167887092725
0.022535110991989446
0.0680420884982539
0.040279849540199746
0.10379995200162892
9119281016176355e-20
0.010033610408630196
0.17839189245534148
4806085865617667e-21
0.06967790811120265
0.010841390546784967
0.001268364280589562
54863279831983665e-22
12044222191486963e-22
0.09401922725783647
0.08281415307034672
0.004130974410920742
0.03930827931062468
0.01995568823256977
0.005758867310504435
0.011999839783862504
0.0004827024949547943
0.19902782558825277
1569912998550449e-24
0.07392988853205266
0.0003418235453067885
0.009561428365881851
0.010829663454731733
0.00015704250935890602
0.00017085233815110164
0.18890851661955568
0.00039338636528182824
0.05429390848513703
0.18655415952856957
13179214861625538e-22
25861607471167084e-22
0.00014471004092983565
12571350101445783e-21
0.0005942100459772918
17002848381523274e-21
14432275189141955e-23
1004403295131216e-21
19076704023764256e-21
0.07200518128529973
0.07271299890824219
4349840264779748e-20
0.00021264800921921436
0.019346017385530004
0.008112615746548658
0.08490103591298405
0.019907043882649092
2782826363175316e-20
0.12203304824984
0.037557527198297
5573476066427442e-22
0.1994147937964189
44589620195043235e-23
0.003754121829120963
0.0009818395241450852
2299456595300938e-27
0.20097096916872448
0.19085411595826815
0.01787070221255097
0.19766976960606694
0.1649720700947453
0.0073649705043424794
0.16001230545055928
22332184589408847e-26
4630600978439257e-21
0.0006291243648345041
9120027258699094e-20
0.11746433439001389
8645594748707962e-22
0.00011180508768904602
0.14060117241588665
0.0009285254082801369
0.011752242940208995
1220063177291388e-20
0.12279707498101164
0.0896769972303697
0.02092710367923378
31468327345795514e-21
0.0001534317165143589
1200667849438423e-22
0.013546938443802722
0.1414673459152803
8333314465315429e-24
11103206759604738e-21
9106273251710056e-21
9649528928550499e-20
10586320181589524e-21
0.20412233896131124
0.14057216994781982
0.005135892969709515
0.0015465956731696027
0.04057277612135235
0.005858272503984441
6760062757224514e-20
0.027827717636047477
8323168051418876e-20
0.0007205855397710904
0.07611571262165814
9970371442988491e-22
0.17976466368049898
0.17828487480328925
0.0018256872080029411
0.0005368731130893618
5829910068994207e-24
0.0010300162558640876
10390421216469902e-24
0.01020264369792031
0.02869563996489279
0.0009033103492861307
0.0003375501837554829
0.0001545320371478213
2618175916972848e-21
0.006096439859636531
0.029954932473259244
0.021137860379532383
11257175851396506e-24
0.165462051485313
0.06406047076514126
0
0
8177427833524601e-20
6661407849587386e-20
10336374019825802e-22
7596600020445986e-22
0.0001934559362283828
0.009685054801261727
0.005369748475361129
152042334982775e-22
0.00013148611404526398
73286908602551485e-22
0.054151687933693016
0.013277362656144785
0.09280115616124014
38456347291705175e-23
0.05802801048951916
0.007646372639046826
0.00012013306861110497
0.11180469400199787
0.00029636210928010297
18549559457233256e-29
8514297062028958e-20
3736146448292586e-21
0.00012470451792569807
0.01615321928504984
0.0038928651062724775
0.00016353167184787027
0.00015209834890267417
37998745001661415e-25
0.0005142880732321275
0.02256283826879268
13135133436513578e-24
0.0018035303472387903
0.0017984886413515266
441859508988391e-19
0.09919998816462432
4337102997518043e-20
0.20405326805301505
0.0019080460764871947
0.1541752858360446
0.003294783192487618
0.0007005229975989483
0.0005690543569410276
44749765156047336e-21
0.19767755458514816
12101884192924935e-21
21567288230260093e-21
0.008251823626525724
0.006414244167675469
21715984418960752e-24
8722459347012831e-20
0.003048895157259636
0.11843185500986758
0.029592154008385996
0.00010010551913637789
0.022636954612333202
0.00035403009858887163
0
0.10286161607616866
0.012229165182949019
0.2025391636317916
0.2039726702943355
0.2039450043645701
0.05030161522685705
0.029075980601401482
0.17189940490425568
0.20325717045953073
0.16848723379265332
0.2036016562314491
0.1717726416131258
0.0007647825465240462
0.015558456934884508
0.12481374014583035
0.1972944426551537
0.12174970610438333
0.0002991680435790899
0.026489823287695564
0.19181308385121348
0.10418537306600344
0.14321980763274741
