1.8781875150032115
6872710447820495e-60
0
0
1438646634573921e-21
1170225210980918e-26
14447768592449225e-22
0
14546609996046794e-22
0
0.0011577557710413678
0
20.71854658920392
0
18.554398865258882
0
38.794094542374836
27.781309378688317
0.00017039529954240794
0.00048460764244179677
23861047466711566e-104
7.5991504085694235
0.21741265036534468
0
0
7974756081225927e-23
9617898402641324e-25
0.0013858829379819846
0.006880395227724383
0.006675066011962171
0.01216992461785018
16315623615719627e-22
1006846225465596e-24
0.001158002707083364
17523706348074015e-22
12321904704587948e-23
16482279131514264e-30
9315337478439058e-23
10658480168330326e-23
3.2741504612243872
3.2678994175239846
0
1.1851405517118216
0
3.999292640090251
3.9864440974778153
4.202013002026602
0
5.113164367953073
0
4.406734737666522
0.5097464210300533
16.012196703301154
15.131881363081932
0.18403107514288025
36.279411609517986
26.72260378059659
1.1136431699870544
4014914228652039e-21
0.012998973083973082
0.1844784525744715
33.24815328547089
0.5247759351253756
0.2173438060002741
2.0326248317988362
0.4575774768342523
19.772760426911006
0
19.76632581580319
0
15.743189494463946
0.00018319946379992082
0.00018318811321695416
0.004156200725280979
5.106425116355497
0.13159151519114803
0.06823967385323
0
0.00044462899808205746
0.6472725048842748
0.06147083155953302
0.025372589101132322
0.016849111682142523
0.0003181395301599916
0.0001533101642126932
0.0009824971368180581
1.8474266020598664
0.4452535450215003
0.0036054983459038463
0.0002940251424987434
0.0005898418712468967
0.005799393941829607
0.005246633220335395
5677435270947135e-23
0.0665622235664441
2.087337186273287
0.017735371082400857
1253441751432837e-26
12528618628464335e-22
11875827994190332e-21
0
0.7754284375703191
0.3345457177619207
0.05643799570165013
0
0.3045237786771035
0.013554218970602274
0.06378831535455941
0
0.0012751830703915518
0
0.12127785941459389
0.4337060892078032
0
0
0
0
15079738117442328e-22
0.3061336126209803
19396011278319118e-23
19164012215415548e-23
0.32962725358587786
0.17464035614141038
0.18269521341139563
0.4949221790695674
0.0006221026240627989
0.400870742070066
0.0009448949374084474
0.43237544177747467
9347581846974183e-22
7915603599918174e-20
0.5217111782591657
0.0007575235331453246
1278897622390701e-35
0.17254417913511802
0.003592487409623205
0.17506796641960043
0.019515358719952212
0.03816207378642042
0.0065201206625284
0.03745386382877309
0.21978124561922985
0.1909915975986928
0.19771210747159365
6746759978413449e-37
0.10288526545472379
0.1029059035845489
0.4009463892232571
0.5079706367823738
0.00025670882577082945
0.508211382815518
0.6512588333014265
10.376485470025589
2.117679664136819
2.7682452495230527
0.07356207201240592
0.43887922607889956
2.6574608819460632
4.111207623937773
0.49441140810998796
4.995047126050597
6.919402518535093
3.4114534095845297
2.4264562798547575
2.816053576970506
0.6376254547228403
28.214637168196923
618.9226542538316
4.001965604829776
2826.737695472861
1.0999749971703263
23.218122312240983
1.16416490699716
44.88392833053622
1.3059442056538302
1.396844243806251
1.0999739842559086
0.8142355925066802
1.0602797272374014
1.2498726805355187
0
0.0005979982848776695
0.0007074472442498671
0
0.005947579068225547
0.0044666419842903145
0.0043241875467637395
0.002490683249840474
0.004655728574516002
0.007874680042368928
0.0027642731114504906
0.00795394092392525
0.0021558338716458083
0.004208152604966498
0.006372246830416237
0.014114113503691256
0.003915607372997809
0.0065728150074212946
0.004778985967298427
0.007026154261784498
0.00706229888057764
0.00912902069492421
0.011449390381109991
0.009103918722381294
0.005451271092790004
0.0018979841420650233
0.007398784564477101
0.0224947713244916
0.06763696541330146
0.040146326849135695
0.10276435965313144
9119217630074519e-20
0.010025798692064828
0.17416979196487206
480608410530542e-20
0.06925141733681164
0.010832256881515206
0.0012682414052217236
5486325689318264e-21
12044221085980163e-22
0.0931928480484277
0.08219179593051604
0.004129664335472581
0.03918137520368696
0.019924210407060126
0.005756313814631742
0.011988626011498176
0.0004826847231245439
0.18883742981556417
15699129983626238e-25
0.07344480587369352
0.00034181463548663
0.009554340711247816
0.010820549734700903
0.00015704062935927243
0.0001708501129167759
0.17769230764566188
0.00039337456362049597
0.05404393606533559
0.1816244492611526
13179213537945364e-22
2586160237415117e-21
0.00014470844464204224
12571338057287615e-21
0.0005941831096342331
170028263492471e-19
14432275030406954e-23
10044032182500425e-22
1907667628901304e-20
0.07154717295321177
0.07224514097989729
4349825844193396e-20
0.0002126445618438059
0.019316467795405207
0.008107526748444293
0.08424338346495441
0.019875722229673622
27828204612118903e-21
0.12051745536361096
0.03744209153995835
5573475829696141e-22
0.1927918216439248
44589618679840084e-23
0.0037530406063856314
0.0009817659309832119
22994565953005366e-28
0.19401374802037247
0.17978119307986037
0.017845557922262573
0.19136080845328252
0.15286692382473158
0.0073607819584324535
0.15696910456695018
22332184589028768e-26
4630599344329425e-21
0.0006290941682050641
9119963862222065e-20
0.11608112863230315
8645594179077259e-22
0.00011180413486704882
0.13844774595642978
0.0009284595965900823
0.011741492056557421
12200620428633196e-21
0.121258482194498
0.08893398119935995
0.020892422528000252
314682518757863e-19
0.00015342992198390796
12006678384521897e-23
0.01353260581505239
0.13927970216340413
8333314460023203e-24
11103197364354816e-21
9106266932085045e-21
9649457956208885e-20
1058631164073869e-20
0.19581234756041777
0.13841988152451662
0.005133864324314391
0.0015464128864534036
0.04043722209511328
0.005855629620991933
6760027927004013e-20
0.027765568839394527
8323115250184851e-20
0.0007205459186482492
0.07559875446999996
9970370685412125e-22
0.16805584772323054
0.16651771013413774
0.0018254323731069701
0.0005368511264956022
5829910066404049e-24
0.0010299352564945717
1039042120824238e-23
0.010194564060704393
0.02862944106115252
0.0009032480662103937
0.00033754149538344055
0.00015453021678294324
2618175394573495e-21
0.006093576487072616
0.029882616179726432
0.02110246291645046
11257175841739066e-24
0.15336426655178592
0.0637047054648599
0
0
8177376865351255e-20
6661374028617216e-20
10336373205608737e-22
7596599580659297e-22
0.0001934530831392117
0.009677781035989366
0.0053675299484279735
15204233480660496e-24
0.00013148479620277522
7328686767069935e-21
0.05390310143800402
0.013263601652572322
0.09199872953423376
3845634616466517e-22
0.057740085889312315
0.007641855600933152
0.00012013196854150021
0.11057386432298226
0.0002963554123544387
18549559457232984e-29
851424180776382e-19
3736145384508176e-21
0.00012470333253121097
0.01613274201849203
0.00389170219943109
0.00016352963324777782
0.0001520965854308629
3799874499065762e-24
0.0005142678983867825
0.022522397117268854
13135133423365198e-24
0.0018032816700341786
0.0017982413547539134
4418580209804826e-20
0.09826661813239354
43370886612644176e-21
0.19534234781853008
0.001907767690489641
0.15142944802326186
0.003293951053785155
0.0007004855533537809
0.0005690296541030643
4474961253347073e-20
0.18729417535885226
12101873031536224e-21
21567252780721728e-21
0.008246557148912348
0.006411072663186274
2171598438302207e-23
8722401357733261e-20
0.003048182900668567
0.11702133445136557
0.029521629385307856
0.00010010475530812135
0.022596241535694887
0.00035402054085961456
0
0.10184744609054894
0.01221751378049634
0.1930766904214488
0.19586930702018868
0.19512111402744892
0.050088918339511526
0.029007964230792393
0.1599319979570823
0.19404484831486835
0.15644267633817469
0.19576371299991605
0.16802684008543817
0.000764737912547852
0.01553948099025707
0.12321321091957357
0.19104714090465122
0.12024257882239585
0.00029916121920730703
0.026433654123720667
0.18631901910494528
0.10314089517593114
0.14096155385566814
