1.933964811186064
0
7233665327482847e-41
0
10126327749991776e-22
8302418003454374e-27
10167325809564545e-22
0
10233048807661652e-22
0
0.0011533287951870702
0
20.782359985984137
0
18.621117593296244
0
38.93770436936851
27.790540776096886
0.00013228971593417702
0.0002802833783551013
788241493254937e-104
7.5544442242921965
0.21611545932980916
30522262264862275e-44
0
30732972528448946e-24
35867855009254626e-26
0.0013832580057321188
0.006876358160138748
0.006653574855485737
0.01214700034390966
16372644015850612e-22
9527112790269653e-25
0.0011545117261704985
17530023799893114e-22
1194591574245757e-22
16431091537817476e-30
3591367683996431e-23
410921965461842e-22
3.313483415052043
3.307396906388692
0
1.1935484080955518
0
3.9869641480517117
3.9757606358401936
4.182210798169034
0
5.083618653464169
0
4.404705958780456
0.49358091037040186
15.945650939931278
15.082607717650921
0.1833411806530717
36.152912092967725
26.62926551342345
1.0872008234184858
3849269636277076e-21
0.012952926541671886
0.1837775004207761
33.20099920374779
0.5204934673949284
0.22049059275492428
2.012219846181283
0.42980602787559413
19.65631428359486
0
19.649900247751834
0
15.729804261033875
0.00019206296549466466
0.00019205102519628
0.004088891589221997
5.1058487793131455
0.13094067726478503
0.06719426146976581
0
0.0004644112667298126
0.6214920497738096
0.061030289985245366
0.025061008491513596
0.018180137343431067
0.0003255661837085085
0.00015401178639847072
0.0009636190556029211
1.8461732160785171
0.4492300638529554
0.0036082553176532417
0.0002926361791910528
0.0006213702929708978
0.00574629815919141
0.00524035072879774
5542585118599706e-23
0.06622324258514757
2.093425754865091
0.01760393443128573
1302452341671621e-26
12604269840748937e-22
11921768762000984e-21
0
0.7689279728394214
0.3257254772800852
0.05901451815101192
0
0.3059150215568077
0.012906974498276092
0.06330766270767199
0
0.0012808826944220985
0
0.12092562697529816
0.4167081808090699
0
0
0
0
1517366902996622e-21
0.3005786108818792
19683234551309133e-23
19428630260768074e-23
0.3246717331125233
0.1672109813014221
0.18201604851033043
0.49040276883408973
0.0006305844680953183
0.3960704705255359
0.0009292416305541241
0.4253323131448213
9327907239326916e-22
7986257173733039e-20
0.528592234997291
0.0007547860619821199
24049468112930664e-37
0.1700908661415308
0.002810730577725764
0.17219262128958332
0.019581243837375355
0.038631200472528535
0.005041794388193337
0.031515609739979286
0.2169460854796482
0.1927577038676104
0.1958454412344537
1264734592895556e-37
0.09918564271122995
0.09920600377047561
0.3960316112660988
0.5036543274425742
0.00024666614168577974
0.5039147070077814
0.6578294058953166
10.366554299504323
2.1192090156162644
2.7690013061412544
0.07178972921797941
0.43851085210169694
2.6605862189161242
4.112839491707918
0.4853783013294102
4.997865183025389
6.919644522150621
3.326860229935081
2.4221595590434117
2.813532914991271
0.6408936409344425
28.172658013340207
618.902989591921
4.001955615046842
2717.2820822806657
1.0999742546598448
23.218094380583178
1.1636210603529307
44.86768429341287
1.3059765681180302
1.396837483334836
1.099973241570797
0.8072553488656042
1.0584297015947899
1.237677679081862
0
0.0005856761256134096
0.000691835433702505
0
0.005834861383261306
0.004279650528917452
0.004163283688880691
0.0023268981441322955
0.0045558538653328725
0.0077669548014119676
0.0026019323130849685
0.007775174687478671
0.00202241687822608
0.004052598373768564
0.006214410208957639
0.013952360430546335
0.0037244962289673645
0.0064531675725477975
0.004615593029963052
0.006909513252137636
0.0073954511440958316
0.008998247601150944
0.011111508943824625
0.008926281721920396
0.0053338539728403295
0.0018977825036592384
0.007395688513619222
0.022465292310437496
0.06734198355540062
0.040048881584103434
0.1020129590053922
9119171237773818e-20
0.010020085115635048
0.17114308519435237
4806082816925186e-21
0.06894092220337952
0.010825576787204663
0.0012681514797185703
548632401041746e-20
1204422027685471e-21
0.09259262444952153
0.08173925617577281
0.004128705748547153
0.03908875324460147
0.01990120311559373
0.005754445616866334
0.011980425242057552
0.00048267171625481316
0.1817112571541406
15699129982251536e-25
0.07309179007747982
0.0003418081144954028
0.00954915655428724
0.010813884222382471
0.00015703925339314404
0.00017084848427589047
0.16990746994271821
0.0003933659261545958
0.05386170982676397
0.17809913139082903
1317921256913783e-21
25861598643622375e-22
0.00014470727632281266
1257132924212008e-20
0.000594163395574563
17002810223740765e-21
14432274914228084e-23
1004403161980361e-21
19076655989846412e-21
0.07121380202080317
0.0719046226446814
4349815289730113e-20
0.00021264203872928438
0.01929486892434636
0.008103804110663203
0.08376527555393892
0.019852829006208467
27828161415456032e-21
0.11942012912217186
0.037357828581611276
5573475656431416e-22
0.1880842669758899
44589617570855956e-23
0.0037522494518548873
0.0009817120713051244
2299456595300242e-27
0.18907484977300684
0.172086186726199
0.017827177125767476
0.18687123998288024
0.14457385262324585
0.007357717852208288
0.1547785168242727
2233218458875059e-25
4630598148317277e-21
0.0006290720680714765
9119917462327781e-20
0.1150790881098253
8645593762161949e-22
0.0001118034374973861
0.13689257548945652
0.0009284114316673528
0.011733629669066584
12200612125708591e-21
0.1201446109979754
0.08839406902881622
0.020867075666287194
3146819663905359e-20
0.00015342860857210644
12006678304113146e-23
0.013522125309739614
0.13770002642011764
83333144561498e-22
11103190487933156e-21
9106262306725168e-21
9649406011555945e-20
10586305389654987e-21
0.18994543383213455
0.13686552617766545
0.00513238005728297
0.001546279117705714
0.04033829660208672
0.005853696038459458
6760002434718914e-20
0.027720169836736114
8323076604930724e-20
0.0007205169211466767
0.07522261705208302
997037013093853e-21
0.159972344066538
0.15840047492309103
0.0018252458808173811
0.0005368350349770239
58299100645083e-22
0.001029875976719987
10390421202220617e-24
0.010188654592558934
0.02858108658932137
0.0009032024836621244
0.00033753513646565575
0.00015452888446309382
26181750122270677e-22
0.006091481623907363
0.02982979822549061
0.02107659292495618
11257175834670742e-24
0.1450742040657068
0.06344557205924968
0
0
8177339561711722e-20
6661349275002173e-20
10336372609679556e-22
759659925877741e-21
0.0001934509949767722
0.009672460796212142
0.0053659067792969145
1520423346776653e-23
0.00013148383167615804
7328683771250271e-21
0.05372188338888409
0.013253538950843743
0.09141583069547592
3845634533977941e-22
0.05753025840815139
0.007638551251239553
0.00012013116340187319
0.1096816107367987
0.00029635051093960683
18549559457232787e-29
8514201367139886e-20
3736144605919657e-21
0.00012470246494266656
0.01611777106718273
0.003890851282737967
0.00016352814120308563
0.00015209529475067898
379987449826039e-23
0.0005142531328261406
0.022492844000665483
13135133413741842e-24
0.00180309968377465
0.0017980603861039218
44185693190381545e-21
0.09758905101720135
43370781685243796e-21
0.18920338226548017
0.0019075639642386177
0.1494508007051053
0.0032933421408410475
0.0007004581490067679
0.0005690115746618158
4474950082863373e-20
0.18004185801647488
1210186486247093e-20
2156722683507822e-20
0.008242704720098417
0.006408752418363354
21715984356718386e-24
8722358915356746e-20
0.0030476617022483993
0.11599962661405595
0.029470118636950177
0.00010010419626239544
0.022566489863391864
0.00035401354567707885
0
0.10111151348770375
0.01220899310167679
0.18643243769885323
0.1901431879193511
0.18890578337902683
0.049933814741787146
0.02895828359879604
0.15170440678375124
0.18756802592488647
0.14817648869946215
0.19021898907232893
0.16533714297794902
0.000764705246386044
0.015525607079167942
0.12205479925547577
0.18660044757124442
0.11915134298888154
0.0002991562245168249
0.026392619153969833
0.18239788278805144
0.10238307947803137
0.13933132735797774
