2.029081777907134
0
0
0
581807422091622e-21
48331067770393495e-28
5839637697315021e-22
0
5873858142723509e-22
0
0.0011469890283862133
0
20.892675223592885
0
18.725460768504785
0
39.024196550096875
27.766164173960778
8873501333116295e-20
0.00011728555216658387
36503542711053326e-108
7.480757417888373
0.21402677694444128
0
0
6046178909233659e-24
6694283652696994e-26
0.0013791008560622886
0.0068694784648881905
0.006620033213664102
0.012110708994377052
1648410584827137e-21
871853548987075e-24
0.0011490940535891433
17555427326484331e-22
11382800497823661e-23
16377149638751852e-30
70697345920853e-22
8089221008187731e-24
3.3780763644044187
3.372266835151941
0
1.2028659264545505
0
3.9618329809059856
3.951976552076896
4.148657119715467
0
5.032290566620302
0
4.401247989881105
0.46646709444965667
15.830982809904604
14.997108960941288
0.1821346623427915
35.93407758851129
26.468070957867468
1.0433911692172024
35933391233016184e-22
0.012873467926458635
0.18256839569968397
33.113291277661865
0.5109886881378042
0.22578331328100998
1.9773930661614298
0.3875834011229721
19.454505505576282
0
19.448151419357107
0
15.700334358915724
0.00020813185796280767
0.00020811880835851316
0.003978282597839096
5.104943833111846
0.12988131974123307
0.06548450805959408
0
0.0004984698283189654
0.5793708564207063
0.06006904834941882
0.024463985298472404
0.020590455188116932
0.0003375652013433774
0.00015491451402166855
0.0009340782474192244
1.8435281687195122
0.45360300649922713
0.003612607754212095
0.0002901768107083506
0.0006786496927726081
0.0056427006130556024
0.0052142997691593225
53230373772835e-21
0.06554777949127778
2.102840159935492
0.01733799695222405
13825689855405778e-27
12741676719285569e-22
11987358140164113e-21
0
0.7566026972947703
0.3111562232117834
0.06370125917951006
0
0.30588507656803304
0.011874470194255034
0.06247938611166136
0
0.0012909342125004431
0
0.12033307262087216
0.3889461173413585
0
0
0
0
15340675503659408e-22
0.2900112855987857
20174146292222548e-23
19909959952097072e-23
0.31611738392780386
0.15519177531406655
0.18073630863816245
0.48241993212638595
0.0006415949126360158
0.3872136660056459
0.0009044157050849486
0.414157707155321
9293511902805206e-22
8068884049887147e-20
0.537882606554212
0.0007504220594496333
13674107094086877e-38
0.16566505083960284
0.0018605971625320413
0.1673696491263141
0.019674637671460778
0.03937697637538182
0.0032746431064298604
0.023382303485896563
0.21208995793122873
0.19549126307583906
0.19283557366687346
7155743684370495e-39
0.09301584167188734
0.09303556144462925
0.3875588229261669
0.4961103909358374
0.00022866493628233823
0.49640532053984593
0.6680253304353485
10.348671857681367
2.1216949029392236
2.770209050950771
0.06848593059483717
0.43784701145300753
2.6656514554800106
4.115423747861743
0.4681684481775898
4.99785141136618
6.917942943142257
3.18748534093643
2.4149305323038552
2.8086993907636706
0.6459974817914353
28.095178666703134
618.8694569050533
4.0019385795376365
2540.3146230374377
1.0999729884586282
23.2180467488329
1.1626942251925456
44.83999691291987
1.3060277347677611
1.3968259494801007
1.099971975071711
0.7954736655333063
1.0552822976489795
1.216847273046254
0
0.0005623862084576161
0.0006659522216766059
0
0.0056218009604116605
0.003981890148224898
0.003905826129650173
0.0020744033454993447
0.00438386563489284
0.0075935503745031534
0.002348610205102131
0.007473482327948219
0.0018160159818233477
0.003803869210545263
0.005959298298401235
0.013692115784328237
0.0034204531485816586
0.006259386304994623
0.004354216524628423
0.0067207805861356825
0.00794381554973461
0.008787051136688935
0.01056634369120234
0.00863933931331811
0.005143998790370248
0.001897438699301555
0.007390411809350955
0.022415110860910744
0.06684191575885418
0.039883253544700716
0.10074424764792583
9119092125574793e-20
0.010010349269269634
0.16610247482476964
4806080619852475e-21
0.06841464297605224
0.010814194730133347
0.001267998144556688
5486321147390801e-21
12044218897054018e-22
0.09157796746247958
0.08097328053935292
0.004127071584461549
0.03893130988042528
0.019862030070494176
0.005751261179580442
0.011966453415891977
0.00048264953646149944
0.17017379560405546
15699129979907255e-25
0.07249370210266064
0.00034179699454262307
0.009540322504298282
0.01080252700076949
0.00015703690698730727
0.00017084570699204838
0.15741057753207824
0.0003933511971302112
0.05355237577911164
0.17224452583431465
13179210917031494e-22
25861592281956644e-22
0.00014470528401097087
12571314209638067e-21
0.0005941297787173021
17002782724966416e-21
14432274716108367e-23
10044030660237379e-22
19076621373747935e-21
0.07064888399724918
0.0713276351538985
4349797291273632e-20
0.00021263773613370134
0.019258092085084506
0.008097459842545288
0.08295620921818536
0.019813850023187602
2782808775238523e-20
0.11757185705400745
0.03721457223304302
5573475360963271e-22
0.1803201016474054
44589615679706496e-23
0.003750900681518031
0.0009816202312661318
2299456595299739e-27
0.18094082298605146
0.15971596124237555
0.017795876031649074
0.1794568050037224
0.13145617171102628
0.007352495576859552
0.15111319501856624
22332184588276207e-26
4630596108759684e-21
0.0006290343825268781
9119838337179562e-20
0.11339022128545201
8645593051196737e-22
0.00011180224828363969
0.13428073380530287
0.0009283293018367824
0.011720234089994886
12200597966752697e-21
0.11826867828762326
0.08748090729491287
0.020823922600952907
3146810244413287e-20
0.00015342636883822525
12006678166992186e-23
0.013504271633944092
0.1350474236854808
8333314449544481e-24
11103178761588082e-21
9106254419109069e-21
9649317431036872e-20
10586294729696791e-21
0.18034320523376976
0.13425504051526466
0.0051298499279905764
0.001546051028686437
0.04017015697782316
0.00585040017478891
6759958962972684e-20
0.027642922124474487
8323010703631877e-20
0.0007204674744283876
0.07458550206573866
9970369185395342e-22
0.1470742489777645
0.14546039221028906
0.001824927899651937
0.0005368075952392397
5829910061275478e-24
0.0010297748948505442
10390421191951707e-24
0.010178585083015359
0.028498816067600775
0.0009031247570947445
0.000337524292885921
0.00015452661248589972
2618174360212222e-21
0.006087910916949124
0.029739943074894765
0.021032549988766656
11257175822617137e-24
0.1319576387142705
0.06300610122529765
0
0
8177275948245519e-20
6661307062899675e-20
10336371593442208e-22
7596598709872585e-22
0.00019344743408747
0.0096633949422387
0.005363139922781255
15204233445778468e-24
0.00013148218688621477
7328678662484854e-21
0.05341425664125675
0.013236396642394767
0.09043032023421295
38456343933102607e-23
0.05717419718129986
0.007632919642502628
0.00012012979041052932
0.10817662779095824
0.0002963421527488434
18549559457232453e-29
8514132404227899e-20
37361432781938187e-22
0.00012470098545872303
0.01609227315826799
0.003889400644501495
0.0001635255968521839
0.00015209309378033182
3799874496886991e-24
0.0005142279541084217
0.022442536522709427
13135133397331152e-24
0.001802789385153725
0.0017977518224564892
4418550747086693e-20
0.09644435568942153
4337060275323969e-20
0.17917633513111586
0.001907216600250438
0.14613606857489747
0.0032923040218470092
0.0007004114188745317
0.0005689807451339606
44749310339131436e-21
0.16831633626134535
12101850931784877e-21
21567182590070598e-21
0.008236139327969006
0.0064047976440199245
21715984311862743e-24
872228653889141e-19
0.003046773108667647
0.11427784363784206
0.02938248464486201
0.00010010324292948652
0.022515844697953195
0.0003540016171182073
0
0.09986877376440756
0.012194476501745563
0.17562513226553797
0.1807619190384167
0.1787600361775915
0.04967042379457005
0.028873759453271006
0.1386383785241426
0.17701784806388265
0.13507509333510903
0.18112341393459974
0.16084934580594154
0.0007646495440319639
0.015501976479059256
0.12010442746029282
0.17925493424169445
0.11731325446627928
0.0002991477072685531
0.026322789146876312
0.17590057955969973
0.10110359840012947
0.13659467457692348
