2.0607874334808245
9720888128801288e-58
0
0
4893736193176258e-22
4082655475095294e-27
4911352313188791e-22
0
4939223707830074e-22
0
0.001145106509978448
0
20.928825608130865
0
18.75928695830955
0
39.02144587916897
27.7484095266987
7833852929130231e-20
8918828836323528e-20
6830269638937151e-108
7.4567624353788275
0.21336789695761874
0
0
35164022845220105e-25
382856319273182e-25
0.0013777868210848967
0.006867186549671802
0.006609550188154352
0.012099241050025343
16523818181906031e-22
8474863413801184e-25
0.0011474082354506387
17566435068525593e-22
11212647531495435e-23
1636537931286613e-29
4112470715676507e-24
470551586877943e-23
3.398920853739064
3.3932027397961284
0
1.2047701820312446
0
3.9526859852936633
3.9431263610919185
4.137532465291824
0
5.014938043583311
0
4.400095762721222
0.45757503703955055
15.792683840930422
14.96845901536504
0.18173032598867203
35.86078642173974
26.414133505980857
1.0291483039448466
35148382651830442e-22
0.012846884768166941
0.18216423508624155
33.08202734595917
0.5073282118814101
0.2275149100083872
1.9657478705897704
0.3747378134241871
19.386182055320532
0
19.37985499181138
0
15.688676397650001
0.00021376979525961765
0.00021375634799901768
0.003942566697352215
5.104662603111848
0.12954018255557467
0.06493373482716053
0
0.0005099016159463544
0.5658478192710914
0.0596961328246391
0.02424787826921094
0.021436254439411818
0.0003414190512018203
0.0001551502261885449
0.0009248587473097194
1.8425416311354401
0.4544769374708222
0.0036139866600017616
0.00028934372197255857
0.0006987972320069034
0.005605503103183334
0.00520237417314246
5252164154606375e-23
0.06530216413474083
2.1058774628029084
0.017239212636919517
14083449704311631e-27
1278868819322769e-21
12006489952970478e-21
0
0.7521698199733556
0.3064260759612969
0.06534844069942188
0
0.3052953589676721
0.011549126798395504
0.0622002227761096
0
0.001294240536781312
0
0.12013796996787099
0.3800309017600926
0
0
0
0
15397232835607218e-22
0.2863883815750116
20336561699934822e-23
20072166707323246e-23
0.3132364002113643
0.15136041570066888
0.1802790958700944
0.4796910589485997
0.0006443666500497969
0.3840959672631601
0.0008964671474543003
0.41057889754325977
9281830281994742e-22
8086984036521585e-20
0.5403612276604901
0.0007490478170145837
52072877932242007e-39
0.16412849931734833
0.0016269825687437252
0.16578564732357284
0.019700363490096854
0.03961046874212493
0.002846188284862117
0.021148611714336567
0.2104703431985444
0.19633107096414695
0.19188199304002498
27208807912027242e-40
0.09100637639046986
0.09102584689771084
0.3847126290928114
0.49354421359206746
0.0002226510647828421
0.49385071236886524
0.6711609952641552
10.342719922876105
2.1224645269866422
2.7705732464268524
0.06737056572607426
0.437626001320124
2.6672103945139902
4.116191410825824
0.46226802193076283
4.997125702343562
6.917198909344651
3.141946473874276
2.4125070728366658
2.8070548431258238
0.6475852044986813
28.067426310123803
618.8582797465087
4.001932901050683
2483.924756051723
1.0999725663918802
23.218030871604526
1.162385444219899
44.830771583408335
1.306043760658207
1.3968221035313861
1.0999715529056515
0.7915806980797712
1.0542352442151854
1.2100522124021056
0
0.0005544521755293184
0.0006574384698031788
0
0.0055385337236018295
0.003886417857533467
0.0038227417117846405
0.00199619614503906
0.004324337422881221
0.007535071369022334
0.0022692433110886585
0.007370985559332949
0.001751795397399257
0.003723620857296137
0.005875318766441243
0.013603374188977462
0.003323387753885472
0.006194708066904624
0.004269686357874451
0.006657548121348172
0.008118155446092148
0.008715845324644261
0.010388754044189718
0.008544093102660126
0.005081163079326928
0.0018973241116904344
0.00738865374469272
0.02239840863276145
0.06667605305955711
0.039828196555948624
0.10032485997374464
9119065754994302e-20
0.010007106089750925
0.16445548090376397
4806079887495128e-21
0.06824011086299536
0.01081040337109626
0.0012679470369561965
5486320193048913e-21
1204421843712049e-21
0.091242225379706
0.08071955375753358
0.004126527006848102
0.03887896980919726
0.019848989531244712
0.005750200092139368
0.011961799762384576
0.00048264214342355464
0.16649312431840943
15699129979125828e-25
0.07229542897822482
0.00034179328797208873
0.009537379637452248
0.010798743911485987
0.00015703612485981923
0.0001708447812408004
0.1534526497819589
0.00039334628757797455
0.053449659721909515
0.17033607562794661
13179210366329426e-22
25861590161401745e-22
0.00014470461991311916
12571309198814722e-21
0.000594118573520885
17002773558718184e-21
1443227465006846e-22
1004403034038199e-21
19076609835062404e-21
0.07046157560130133
0.07113633670817221
4349791291804689e-20
0.0002126363019545201
0.019245848722648694
0.008095346190424917
0.08268826074975386
0.01980087404321027
2782806319807163e-20
0.11696214521706033
0.037166942297983625
5573475262473893e-22
0.17780393509819797
4458961504932336e-22
0.0037504511991530687
0.000981589619829111
22994565952995712e-28
0.17830799931798283
0.15579341210075456
0.01778545455142299
0.1770512862236102
0.12735364787723674
0.0073507556422301125
0.14991081221752084
2233218458811808e-25
4630595428907354e-21
0.0006290218211803767
9119811962282711e-20
0.11283279159780123
8645592814208346e-22
0.00011180185188186848
0.13342124115751086
0.0009283019268411642
0.011715772296261731
12200593247104385e-21
0.11764989916866932
0.08717862121419354
0.020809558086172117
3146807104588862e-20
0.00015342562226753053
12006678121285203e-23
0.013498325648606617
0.13417462705900274
8333314447342708e-24
11103174852809142e-21
9106251789905219e-21
9649287904377885e-20
10586291176379777e-21
0.17725157091417795
0.13339599051013834
0.005129006828765182
0.001545975006490262
0.040114266324466866
0.005849301965995297
675994447245273e-19
0.027617220753592776
8322988736648216e-20
0.0007204509929430508
0.07437433182187546
99703688702143e-20
0.1430102666198842
0.14138635962341647
0.0018248219182409064
0.0005367984489716601
5829910060197871e-24
0.001029741203098809
10390421188528738e-24
0.01017523079182179
0.028471445219687194
0.0009030988497253988
0.00033752067843675627
0.00015452585516759147
2618174142873976e-21
0.006086721146485498
0.029710051546610446
0.021017889471722485
1125717581859927e-23
0.12785448932228843
0.06286028845808252
0
0
8177254743866755e-20
6661292992258284e-20
10336371254696444e-22
7596598526904319e-22
0.0001934462471389351
0.009660374879594433
0.005362217954354985
15204233438449115e-24
0.00013148163862747268
732867695956384e-20
0.05331210634871545
0.013230687468127849
0.09010418338835195
38456343464210356e-23
0.05705600049270991
0.007631043362400986
0.00012012933275023518
0.10767956986928089
0.00029633936673764086
18549559457232342e-29
85141094167147e-18
37361428356186434e-22
0.00012470049230130914
0.016083782822238893
0.0038889172186206272
0.000163524748744014
0.0001520923601306273
3799874496429191e-24
0.0005142195614764724
0.022425792379755907
13135133391860923e-24
0.0018026859641471684
0.001797648979674983
4418544556453553e-20
0.09606578217192617
4337054310940237e-20
0.17595349611271344
0.0019071008263114716
0.14504757666100965
0.0032919580549059238
0.0007003958428565828
0.0005689704689958733
4474924684281086e-20
0.16458005268165576
12101846288226422e-21
21567167841754897e-21
0.008233952026219812
0.006403479928302068
2171598429691086e-23
8722262413536425e-20
0.003046476968385215
0.11370961403564007
0.029353331262111378
0.00010010292515386777
0.022498988246778248
0.0003539976410212364
0
0.0994579307851495
0.012189641471752392
0.17216375501026798
0.1777388369949353
0.17550068953731668
0.04958293591594847
0.02884563959839804
0.1345380808436182
0.173634680920904
0.13097063565661457
0.1781892517634115
0.1593806482728868
0.0007646309774822737
0.015494107607667285
0.11946125404711253
0.17687125812173188
0.1167068812060207
0.0002991448682396837
0.026299553559196547
0.17378665717401473
0.10068066788739811
0.1356944543290313
