2.1876100557755866
0
12886234121666041e-42
0
25806023288037245e-23
21890487200256984e-28
25889085206348774e-23
0
2601890207566487e-22
0
0.0011382920451221113
0
21.064428063415672
0
18.888647674164833
0
38.90433998666517
27.638889062349072
4942706420549997e-20
32116615290420565e-21
14013346376265527e-111
7.362916229523992
0.21093489134543109
50036731403611366e-45
0
4023431243035894e-25
4109281250391117e-27
0.0013727867758408978
0.006858025451409903
0.006570107299489724
0.012055616816748028
16689674881249035e-22
7599981988380268e-25
0.001141092371129262
17616876732378404e-22
10598276118954364e-23
16336931202668287e-30
4708692208835807e-25
5387766149711102e-25
3.4789029866315513
3.4735487664897766
0
1.2074698731095415
0
3.9132102329539555
3.9045446888510886
4.093331191546331
0
4.944497986364512
0
4.395488841111141
0.4228098541285693
15.639213539940936
14.853215710443827
0.1801075592837588
35.565953155785834
26.19728996007248
0.9739636066474114
3230758979336457e-21
0.012740032682954896
0.1805416261694649
32.94659895692113
0.49092782258849665
0.23426126955637705
1.9188257262742
0.3284211147075347
19.106671466766198
0
19.10049044965748
0
15.632833417955112
0.00023781350001968993
0.00023779833167433858
0.003805102582160241
5.103635508157139
0.12822564816775708
0.0628202873207961
0
0.0005559183043166752
0.5143227768188002
0.05798246734384784
0.023307276859837044
0.02505146726528169
0.0003562545144195807
0.00015581788810353585
0.0008905388475559788
1.8382605393107716
0.4555620601691932
0.003619258119801271
0.0002860132578683152
0.0007851567346980261
0.005447048299539427
0.005141728861495089
4978056727593528e-23
0.06425113707530614
2.1174073224756365
0.016802206772542093
150720393982508e-25
12978676073698413e-22
12073736430660334e-21
0
0.7329716132945253
0.2880995154399678
0.07238254289826944
0
0.300584185564281
0.010335030627678354
0.061065313483315
0
0.0013064577978613677
0
0.11937115663895703
0.3460361729323368
0
0
0
0
15624145475954695e-22
0.2731140541097349
2097515298886376e-22
20714660716633374e-23
0.3015866119473107
0.136863636952222
0.17831656915498553
0.46849127214125175
0.0006513846155746257
0.3709877190605971
0.0008653910410051261
0.3965822447069015
9234093813665775e-22
811902759245428e-19
0.5476168779698078
0.0007439141567580537
10761473661084334e-40
0.15772200798713812
0.0009810909736255344
0.15957307315491456
0.01977693002149388
0.040473828714340895
0.0016774912685040392
0.014114844231795239
0.2040117414559448
0.19937283656012753
0.18831545370938987
5592584796694526e-41
0.0832443276516561
0.08326267923064172
0.3732356844756919
0.4830221246140272
0.00020016525927855138
0.4833733998874665
0.6825071337559865
10.32034801660448
2.12518357733858
2.7718426097324964
0.06334259217627132
0.43679544824755784
2.6726526146061516
4.1188037872275105
0.4406894325993237
4.99249029273301
6.914149988860736
2.9621037445391503
2.4027082619080837
2.8005243341101376
0.6534797296384878
27.94400216885347
618.8135731309569
4.001910187183443
2270.607911471635
1.0999708781265067
23.217967362799598
1.161151140152522
44.79388924154473
1.3061032970107007
1.396806713886562
1.0999698642429472
0.7761807413974229
1.050057409032689
1.184318281302777
0
0.0005256067453518607
0.0006240766188725756
0
0.005128704781304221
0.003509716125693336
0.0034908361085878073
0.0017041851692008007
0.004062745854635536
0.007271159659916576
0.001968139509709805
0.006930879451940044
0.0015100548654842603
0.0034029348401797195
0.0055243660253346425
0.013190165011972812
0.0029451724425708452
0.005913903064542922
0.0039295915443101365
0.006379571064326698
0.008742486529466595
0.008396262540704249
0.009667451879694733
0.008135570412383808
0.004814408046492167
0.001896865830442009
0.00738162566722892
0.022331724081198583
0.06601670780819083
0.03960872758876047
0.09866469541599562
911896027343492e-19
0.009994143875611507
0.15802920210638316
4806076958066855e-21
0.06754642354299148
0.010795251222451098
0.0012677426271526953
5486316375683023e-21
1204421659738655e-21
0.08991152094171023
0.07971257219180038
0.004124349414883538
0.03867031224980895
0.019796912936522637
0.005745957699682896
0.011943203238987024
0.00048261257240419505
0.1525494946182185
1569912997600012e-24
0.0715077445169306
0.000341778462091901
0.009525617245017326
0.010783624798247009
0.000157032996388821
0.00017084107828597132
0.138591409389141
0.00039332664998179836
0.053040761861747186
0.1629113990267535
13179208163521392e-22
258615816791839e-20
0.00014470196355218968
1257128915554132e-20
0.0005940737548484596
1700273689377467e-20
14432274385908838e-23
10044029060960527e-22
19076563680390062e-21
0.06971729489695778
0.07037625974708804
434976729401166e-19
0.00021263056533452575
0.019196953060805846
0.008086897097696995
0.08162509369907722
0.01974905504663678
27827964981033878e-21
0.11455475315875216
0.036977031380822936
5573474868516398e-22
0.16808550680348378
44589612527790904e-23
0.0037486538082577014
0.0009814671836267858
22994565952989004e-28
0.16815426620172716
0.141043204662401
0.017743829624238094
0.1677473642081389
0.11218454328601823
0.007343800020214231
0.1451961944126375
22332184587485575e-26
4630592709499027e-21
0.0006289715783027284
9119706463458076e-20
0.1106303418706519
8645591866254847e-22
0.00011180026628883836
0.13003793323606314
0.0009281924349309163
0.011697942100534434
1220057436852939e-20
0.11520698814057755
0.08597988621080699
0.0207521990463372
3146794545322491e-20
0.00015342263602107948
12006677938457266e-23
0.013474567876145484
0.1307394850564263
8333314438535617e-24
11103159217707144e-21
9106241273097417e-21
9649169798645437e-20
1058627696312365e-20
0.16540602612911345
0.130014407434359
0.005125635817283253
0.0015456709550852484
0.039891480263125785
0.005844911191938279
6759886510683533e-20
0.027514654009871676
8322900869293351e-20
0.0007203850707719384
0.07353561270170222
9970367609490228e-22
0.1278467004908269
0.1261997648508805
0.0018243980541411727
0.0005367618654596802
5829910055887442e-24
0.0010296064471146374
10390421174836857e-24
0.010161824677269275
0.028362224450924785
0.0009029952276796868
0.0003375062210271541
0.00015452282593147367
26181732735211727e-22
0.006081964389364652
0.029590785570515945
0.020959349521927597
11257175802527797e-24
0.11267868429909943
0.06228040408152118
0
0
8177169926901543e-20
666123670998994e-19
10336369899713513e-22
7596597795031298e-22
0.00019344149941762342
0.009648304064550516
0.005358531665317985
152042334091317e-22
0.0001314794456153656
7328670147883736e-21
0.05290545498493894
0.013207875385474407
0.0888113557828617
38456341588641384e-23
0.056585652181997875
0.007623542853023908
0.00012012750212649405
0.10571407266307772
0.0002963282229547504
18549559457231898e-29
8514017467282545e-20
3736141065318468e-21
0.00012469851969115653
0.0160498662497856
0.00388698411588776
0.0001635213563553203
0.00015208942556719796
3799874494597992e-24
0.000514185992318401
0.022358940641078493
13135133369980004e-24
0.0018022723394472892
0.001797237667378172
4418519794007725e-20
0.09456629005109704
43370304534873305e-21
0.16363149761691742
0.0019066378008296978
0.14077408348413603
0.003290574550657669
0.0007003335422485652
0.0005689293662994237
44748992858429565e-21
0.15044609092080105
12101827714010423e-21
21567108848592952e-21
0.008225208626578077
0.006398211775926128
2171598423710334e-23
8722165912783774e-20
0.0030452926950699736
0.1114648098579956
0.029237006704918137
0.00010010165406148041
0.022431688543190227
0.0003539817370799374
0
0.09783139085606257
0.012170320514757171
0.1589871317732486
0.1661437073923021
0.16304684524281854
0.049234522672822814
0.02873343376868038
0.1193142347070068
0.16073636361976526
0.11576267972639379
0.16692029328329183
0.15363874436413572
0.0007645567157915704
0.015462672044566457
0.11692281913993251
0.16764934037803003
0.11431256903337808
0.00029913351239363846
0.026206816132115902
0.16558197798169283
0.09900656375966499
0.13215251217944626
