2.240452815065071
0
1552984025772821e-41
0
20209146653515584e-23
17259027516716887e-28
20271411187842113e-23
0
20368165885190854e-23
0
0.0011356830125669555
0
21.114764051130308
0
18.938214491526644
0
38.81809178294141
27.578188769310916
41461061209872066e-21
21658738883496395e-21
13236613771162177e-112
7.324622976188628
0.21002185754672537
5936163075063923e-44
0
16304324104665406e-26
16235199280813062e-28
0.00137079218188388
0.0068542114197868214
0.006554534300174592
0.012038218883631345
16760663402627973e-22
7274457051056406e-25
0.0011386081822587393
1763938156249536e-21
10367411224699322e-23
1633095631776546e-29
1908622008883114e-25
21838857783551387e-26
3.510632808164185
3.5054298843614538
0
1.2066114415607183
0
3.895571062095291
3.8871965919375135
4.07505356457982
0
4.9147346522871445
0
4.393570182459988
0.4087266607760383
15.575030904180945
14.804783343059137
0.1794275055515792
35.44197162788307
26.106175257881414
0.9518024001986813
31251320021762495e-22
0.012695150310190894
0.17986093119118193
32.88514838244624
0.4834796837550399
0.23698726011777452
1.8990612395822166
0.3111918352068315
18.986866292295076
0
18.980767332729787
0
15.605077749158271
0.0002485672271883181
0.0002485512739038712
0.0037502473850713853
5.103253774255493
0.12769900557988528
0.061980511576139874
0
0.0005751782420368
0.4940517213469459
0.05717816434400642
0.02288313550954067
0.026675037860785917
0.00036220458166696197
0.0001559778451907128
0.0008772772174102927
1.8363691162729028
0.45503713219641195
0.003621367466858926
0.0002846505495323761
0.0008240678175832353
0.005377457119814798
0.005111122682152898
4867804840029312e-23
0.06379034219345701
2.1217669940653603
0.016603202674499527
15465454247540867e-27
13057850399057316e-22
12098747257075069e-21
0
0.7243399134454125
0.2807324055589381
0.07553195186671935
0
0.2976899461282985
0.009867907352515196
0.0605830341091702
0
0.0013108146993889903
0
0.1190588694021669
0.33264764833972055
0
0
0
0
15718166165317997e-22
0.26884376093372947
21235101789006598e-23
2097722588625631e-22
0.2966909401031747
0.1311973678026627
0.17744221575778607
0.4637092574849974
0.0006525330099646495
0.3652938769386294
0.0008525569366103102
0.39079934659797344
9213736492114388e-22
8115587533363631e-20
0.5495310319682587
0.0007419308829659965
21053259805183504e-41
0.15494743661273924
0.0008112739657823811
0.1570439845388334
0.0197966100048906
0.04080230563541082
0.0013748559532087206
0.011919761842078583
0.20133653713443547
0.20050341157239632
0.1869434411195168
10919545131229253e-42
0.08015099369139701
0.08016884048884014
0.36841478112013565
0.47851692740730534
0.00019208846821667285
0.4788855582250233
0.6867085667370992
10.312079151960845
2.1261332138065896
2.772279606195304
0.062057971822982796
0.43648870716908567
2.6745141497611287
4.119667344243434
0.4337835210419012
4.990052796865302
6.912891376514031
2.8877612914338284
2.3986208753463867
2.7978504446653756
0.6557595908704579
27.885605027120207
618.7949463276789
4.0019007231101416
2187.226166756167
1.0999701746833659
23.217940900848816
1.1606372337014181
44.778530555980275
1.30612614522659
1.3968002990444843
1.099969160634197
0.7698453535172955
1.048321534555288
1.1744724208010016
0
0.000516399139204501
0.0006108069266628446
0
0.004916091755016461
0.003351147765635297
0.003348723591695026
0.001589867588274184
0.003938724160385542
0.007137723607848634
0.0018479021026585139
0.006726656996649321
0.0014143344319279233
0.003265506401792827
0.0053643852157953765
0.0129733854198413
0.0027891567101289844
0.0057790807104148335
0.0037823296202108164
0.0062438479764872065
0.008954001396610506
0.008235991359862074
0.009351549217733263
0.00794237690742441
0.004690087778287665
0.0018966749125933627
0.0073786992750163975
0.022303997480231492
0.06574390867711365
0.03951763949820407
0.09798109456471858
9118916323145285e-20
0.009988747909674767
0.15542627143597537
4806075737472268e-21
0.06725947249196848
0.01078894409694918
0.001267657466127418
5486314785114686e-21
12044215830830824e-22
0.08936280497529303
0.07929671315928401
0.004123442424085404
0.03858370245214709
0.019775254700871665
0.005744190960064714
0.011935463222989046
0.000482600251680864
0.14709010875601863
1569912997469774e-24
0.07118208095972527
0.0003417722848316277
0.009520720530625179
0.01077733141692634
0.0001570316928776331
0.0001708395354118136
0.13283232601987127
0.0003933184679394142
0.052871312363536656
0.15991412333922317
13179207245684818e-22
25861578144927284e-22
0.00014470085674952773
12571280804186836e-21
0.0005940550813994943
17002721616738204e-21
14432274275842335e-23
100440285278683e-20
19076544449309545e-21
0.06940950304108577
0.07006196291518037
4349757294970307e-20
0.0002126281751218724
0.019176616549672565
0.008083379245544503
0.08118615202781063
0.01972750384241405
2782792405737046e-20
0.11356635643450504
0.03689818851479378
557347470436745e-21
0.1641946401020223
4458961147715242e-22
0.003747905149639027
0.0009814161730498903
2299456595298621e-27
0.16409612782227917
0.1353173392210926
0.01772651466969955
0.16401653370848077
0.10641030927926923
0.007340903787255848
0.14327580224172656
2233218458722203e-25
4630591576412695e-21
0.0006289506449548242
9119662505974672e-20
0.10972539130881535
8645591471274253e-22
0.00011179960563171266
0.1286536689376916
0.0009281468171132805
0.011690520863491476
12200566502465098e-21
0.1142041404711728
0.08548529114650531
0.0207283461338699
314678931230963e-19
0.00015342139176887948
1200667786227896e-22
0.013464681149729766
0.12933426288957522
8333314434865996e-24
11103152703087812e-21
9106236891097752e-21
9649120588350235e-20
1058627104093923e-20
0.16070714128951633
0.1286308406528859
0.005124231883152815
0.0015455442846494154
0.0397990183099598
0.00584308267564735
6759862360093044e-20
0.027472030372107506
832286425816927e-19
0.0007203576049809395
0.07318894404254703
997036708418858e-21
0.12201329410590907
0.1203639623504305
0.0018242214731584948
0.0005367466230655427
582991005409143e-23
0.0010295503039927168
10390421169131907e-24
0.010156244010545478
0.028316839549124725
0.0009029520553364828
0.000337500197289259
0.00015452156376728434
26181729112909235e-22
0.006079983504545157
0.02954123282883936
0.02093500602408799
1125717579583135e-23
0.10689995223959066
0.06204036725464311
0
0
817713458675902e-19
6661213259185144e-20
10336369335137346e-22
7596597490084227e-22
0.00019343952123480074
0.009643279010856827
0.005356996459582214
1520423339691611e-23
0.00013147853187111654
7328667309685564e-21
0.05273693375061126
0.01319838196337099
0.08827816770548401
38456340807154345e-23
0.05639081992381583
0.0076204198170248165
0.00012012673937483526
0.10490574193579268
0.00029632357983556116
18549559457231711e-29
851397915531223e-19
37361403276936433e-22
0.00012469769777946924
0.0160357554619915
0.003886178940044052
0.0001635199428808022
0.00015208820284914694
3799874493834992e-24
0.000514172005815996
0.022331144601256674
13135133360862955e-24
0.001802100023833988
0.0017970663150314314
4418509476362921e-20
0.09394843066486458
43370205129206854e-21
0.15875557691742165
0.0019064449067261366
0.1390308372735717
0.0032899982621745196
0.0007003075852974832
0.0005689122410522647
4474888703202948e-20
0.14492137770051286
1210181997476217e-20
21567084268156433e-21
0.00822156828413797
0.006396017991807242
2171598421218354e-23
8722125704451944e-20
0.003044799383738331
0.11054260473766034
0.029188674298594692
0.00010010112444441596
0.022403706448757832
0.00035397511064861145
0
0.09716154186025788
0.012162279157221867
0.15379908245190774
0.16153856300548727
0.15812227551324645
0.049090074054183905
0.028686810255379946
0.1134911133644663
0.15564905907044754
0.10995956249015659
0.16243788280827967
0.1513077706894721
0.0007645257755491342
0.0154495927242922
0.11588112383737287
0.1639502534353183
0.11332949471527246
0.0002991287809183488
0.02616827211728407
0.16227875413178106
0.0983172628259364
0.1307041293565638
