2.364091615469172
0
0
0
11916027519679058e-23
103348690963768e-26
1194932663686128e-22
0
12000463611058743e-23
0
0.0011298727711282707
0
21.21157021185975
0
19.038658472305926
0
38.557250379437995
27.40967393519584
28373585871074745e-21
9173002826727867e-21
8167329250200836e-114
7.236402269436758
0.20813809746950307
0
0
1969412835666983e-26
1852514894375309e-28
0.001366245272168928
0.0068452946337702
0.006519256672680211
0.011998564032855423
16927924495582724e-22
6583244434141273e-25
0.0011329922686879157
1769208991941067e-21
987001402255697e-22
16324484922363797e-30
2306737937427876e-26
26394370413896025e-27
3.581227598383031
3.5763771113558414
0
1.2009351842079155
0
3.851839124515272
3.8440175320465726
4.0326065326832445
0
4.844374192882372
0
4.389082909867906
0.37676877070990084
15.423877233600336
14.690058205945796
0.17782096995548133
35.147904910627815
25.89027458353634
0.901815088101987
2903883219768306e-21
0.012588858650520196
0.1782507208891625
32.728949694818134
0.4651866020358258
0.24317614388448008
1.8521843902308341
0.27481293585105854
18.697415033437842
0
18.691560861220754
0
15.52910908054708
0.000275516612217519
0.0002754986463367781
0.003627163146296731
5.102471759726785
0.12651005149179206
0.06010684083032105
0
0.0006202611065262057
0.4493110225532366
0.055134126021145716
0.021829344821335812
0.030767618787987092
0.0003757144061552564
0.00015610846369403425
0.0008482102126228593
1.831846925077327
0.45199256442896363
0.003626237879749313
0.00028159700083439524
0.0009225537977144437
0.005209179745067086
0.00502929213362962
46180055863189765e-24
0.06268361441341888
2.1303937576651615
0.01610705833391338
16348335519032866e-27
13241318342258889e-22
12154169430846312e-21
0
0.7028870171224365
0.26407431309435814
0.08342989248424758
0
0.28926901063246474
0.008856521881381349
0.059431379233393145
0
0.0013184124232446931
0
0.11834816870663101
0.3030691650987222
0
0
0
0
15935217428522805e-22
0.26467060739948484
21827951643286723e-23
21576930899773367e-23
0.28523174252276834
0.11874826137947066
0.17528470972860158
0.45230903143512163
0.0006515539025169711
0.35162749203912264
0.0008223833099117418
0.3771967321835654
9165020638987575e-22
8075085761810217e-20
0.5518616070538664
0.000737612975893656
4363135279226933e-42
0.1482704142748464
0.0005555297170214522
0.1512650658695758
0.019815136287887235
0.0415053384906114
0.0009233798988805217
0.008036837199245644
0.19512771230738912
0.2028748993197997
0.18398507030377614
22540497891991976e-44
0.07326076061878785
0.0732773635054214
0.35705684192942583
0.46770087220664663
0.0001781504325817235
0.46810508232385933
0.6954487658750484
10.296251685286792
2.127882397571752
2.7730184553164694
0.06074406763992537
0.4359027240487747
2.6778183790666894
4.1209928266494735
0.42722766119231514
4.983755960166617
6.909984629548248
2.7136733442302576
2.3893428545471633
2.7918396613302727
0.660823695274723
27.728055563675866
618.7513664714036
4.001878579640255
2003.901577346592
1.0999685288046426
23.217878986640173
1.1594357100043593
44.74261565667119
1.3061756656092711
1.3967852849709133
1.0999675143678977
0.755208689740384
1.0442712272673604
1.154097878518392
0
0.0005073995667075803
0.0005830379833593684
0
0.00424169721039549
0.002961527184616343
0.0029922343593708507
0.0013314793714620486
0.0035978312337395612
0.006732243265133562
0.001570305502147226
0.006173084726194733
0.001195050195784324
0.0029202484838101537
0.004931663410309464
0.01229077692030753
0.0024165476505062064
0.0053920258642712595
0.0034072501157311795
0.0058468731466181515
0.009267389128952617
0.007753621206958879
0.008536161720366201
0.007396342917412081
0.004344820993068247
0.0018962282877959895
0.007371856783358573
0.02223925861557951
0.0651100234055315
0.03930533381399788
0.09640008815684908
9118813491320689e-20
0.009976134083007912
0.14950234631279802
4806072881588349e-21
0.06659283283026562
0.010774201399123308
0.0012674582330427675
5486311063585594e-21
1204421403728292e-21
0.08809199539934556
0.0783321641468425
0.00412132107237017
0.03838181439079249
0.019724672394215704
0.0057400593547196135
0.011917373119765005
0.0004825714255080076
0.13506771348737298
15699129971650501e-25
0.07042589295106881
0.0003417578320284501
0.009509273279989414
0.010762620829828404
0.0001570286430307328
0.000170835925527776
0.12027525126976578
0.0003932993246778091
0.05247695509592468
0.15311493691466024
13179205098177735e-22
2586156987565531e-21
0.0001446982671420317
12571261264134068e-21
0.0005940113925066799
17002685872358966e-21
14432274018314334e-23
10044027280566326e-22
1907649945348126e-20
0.06869464602140611
0.06933206036100407
4349733899811743e-20
0.0002126225827288593
0.01912911834867736
0.008075154331818107
0.08016833887544288
0.019677171272293254
27827828306499456e-21
0.11128694757779689
0.03671437218109407
5573474320300109e-22
0.15543925452871332
44589609018922043e-23
0.003746154060408909
0.000981296831454942
2299456595297967e-27
0.15497963409101795
0.12281204577617728
0.017686068006899786
0.15560830895248254
0.09403468123470364
0.007334131790623546
0.13888121876607018
22332184586605403e-26
4630588925276012e-21
0.0006289016688941777
9119559657318667e-20
0.1076368504525107
864559054711882e-21
0.00011179805987502667
0.12547213759074463
0.0009280400916232748
0.011673175420170627
12200548097867777e-21
0.11189170307172581
0.08433915041588974
0.02067264336786457
31467770684063105e-21
0.00015341848057029498
12006677684040832e-23
0.013441577023689656
0.12610512400298513
8333314426280005e-24
11103137460527788e-21
9106226638326057e-21
9649005449585106e-20
1058625718452629e-20
0.15022787349792613
0.12545089403541673
0.005120948531745983
0.001545247948164047
0.03958351700310492
0.005838806640898984
675980585410692e-19
0.027372559556434764
8322778597952549e-20
0.0007202933460115111
0.07238419825719111
9970365855114605e-22
0.10938341812349767
0.1077423370821448
0.0018238083847300652
0.0005367109613781372
5829910049889212e-24
0.0010294189551326132
10390421155783756e-24
0.010143198621858382
0.02821093381145534
0.0009028510509481173
0.0003374861036737709
0.00015451861065999268
26181720637632057e-22
0.006075351251371191
0.02942561581607153
0.02087815875797624
11257175780163345e-24
0.09451067996019454
0.061482349653937
0
0
8177051900287818e-20
6661158390507444e-20
1033636801417086e-21
7596596776584628e-22
0.00019343489286228777
0.00963153186891625
0.005353406181532424
15204233368334692e-24
0.00013147639396361003
7328660669018134e-21
0.05234473066226911
0.013176196388992409
0.08704311462693474
38456338978670775e-23
0.05593757829623455
0.007613117693950875
0.00012012495474622285
0.10303851737060404
0.00029631271638569617
1854955945723128e-28
851388951558635e-19
37361386018371636e-22
0.00012469577473347496
0.0160027882106622
0.0038842956821601173
0.00016351663575275616
0.00015208534203404978
3799874492049764e-24
0.0005141392823955098
0.02226624377671626
13135133339531345e-24
0.0018016969128936322
0.0017966654573538618
4418485335756536e-20
0.09251852104324317
4336997254577484e-20
0.14790728527581165
0.0019059936591575139
0.13503595529711726
0.003288650285994344
0.0007002468563024022
0.0005688721742840316
44748639425779096e-21
0.13277464478947676
12101801866882093e-21
21567026756210785e-21
0.008213057089741013
0.006390888025743088
21715984153877457e-24
8722031627766478e-20
0.0030436454711776388
0.10841457661695778
0.02907590053646273
0.00010009988528429485
0.02233837167180417
0.00035395960694628993
0
0.09561212810690761
0.012143485150914025
0.14231218967476125
0.15125624050546282
0.14717333478312455
0.04875375416340476
0.02857801829663297
0.10095275232079438
0.1443662672994459
0.09749298701219963
0.15241483141040799
0.14599111631805278
0.0007644533880355799
0.015419033605043736
0.11347993461582467
0.15561107126589513
0.11106225243214743
0.00029911771074552743
0.026078310135731173
0.15480521289422938
0.09672316354073385
0.1273769954262892
