2.3820448972943042
9907600060035682e-55
6629650746050189e-41
0
11087382488827251e-23
963739283769357e-27
11117954835872128e-23
0
11164816825365952e-23
0
0.0011290495096262202
0
21.222342566718822
0
19.05087918081036
0
38.513858158190665
27.382598772093793
2694386181914456e-20
8151135753975205e-21
4084299874023297e-114
7.223723709315617
0.20789708033735027
24344646333223822e-44
0
1449905977646927e-26
13529466556173138e-29
0.0013655930447291046
0.006844000674670326
0.006514210815864422
0.011992876111388358
16952155752920724e-22
6489982184046837e-25
0.0011321895556701009
17699548473894077e-22
9801871540432689e-23
16324105148322343e-30
1698375905387315e-26
1943333821732028e-26
3.5910571387368106
3.586257358536562
0
1.1997381416245343
0
3.8451962452765107
3.837439838981777
4.026479753192167
0
4.834089759903654
0
4.388431537507594
0.37224814005237167
15.401769272144803
14.673189065008533
0.17758527153964804
35.104611162887885
25.858505877347195
0.8947695816056955
28746692744402262e-22
0.012573227623241146
0.17801412484639753
32.70469570930849
0.4624617623617569
0.24405432516050718
1.8452950741039023
0.2699400757790682
18.654221580998716
0
18.648408201933385
0
15.516752634283614
0.00027964512112583297
0.00027962684075976443
0.0036098849463595773
5.102371823711541
0.12634221859387587
0.05984533185620205
0
0.000626799120757672
0.4431215347180447
0.0548219732933693
0.021670156965968763
0.0313979204224431
0.0003776352895900574
0.00015610019848876508
0.000844193464733631
1.8311986147348294
0.45136524558113617
0.0036269629449046615
0.00028117549656266343
0.0009377799978431098
0.005184318616402325
0.005016384404062108
4582635584644542e-23
0.06252130087575165
2.1314080715399664
0.016032125821762867
1647257278578489e-26
13267655220370029e-22
12162109534446114e-21
0
0.6996403723793171
0.2617187932706772
0.08464041890431519
0
0.28788500609217965
0.008718648199736782
0.059261421900739186
0
0.0013191012458462538
0
0.1182476273344722
0.29897525251937296
0
0
0
0
15966291446637866e-22
0.26512290239741026
21912209573094684e-23
21662229564485275e-23
0.28357715631910485
0.11703161184252235
0.17495961616134614
0.4506325365387486
0.0006510109922265465
0.34961453075251375
0.0008179713063768499
0.3752068656708901
9157817450495252e-22
806579403648413e-19
0.5519746975363511
0.0007370241622658062
26711032189731985e-43
0.14728343999556798
0.0005303710583834983
0.15044208093283934
0.019814769029010124
0.041600363074500504
0.0008792280989133977
0.007592518942168878
0.19423269746324776
0.2031912242797284
0.18358513529778903
13792388018671316e-44
0.07230230716689955
0.07231872043529422
0.3553991318562829
0.46609856711839753
0.0001769506899773035
0.46650711881430557
0.6966023076657061
10.294500812319086
2.1280752545812267
2.7730824854954874
0.06085548677546255
0.43583813834975976
2.6781619521574176
4.12107923461246
0.42802248560101064
4.982822880739343
6.909594101976463
2.6881446728835368
2.3880643559250934
2.7910244210003543
0.6615414695983522
27.702081516412658
618.745038604369
4.0018753642524105
1978.590816393661
1.0999682898109029
23.21786999624609
1.1592613431973307
44.73740293936439
1.306182433935277
1.3967831042874976
1.0999672753178715
0.7531050264986762
1.0436843948219905
1.1515345169105968
0
0.0005083555958329003
0.0005796074460264551
0
0.004106896567228933
0.0029006865015821378
0.0029355163659270833
0.0012940715816029396
0.003539934887982354
0.006656860433436864
0.001529358957947263
0.0060796326093011995
0.0011629112897433042
0.0028652308350564596
0.004858179636909485
0.012160776901554638
0.0023599681726583274
0.0053230868723413835
0.003346705638727738
0.005775155110999202
0.009281756923026312
0.007664602309533789
0.008402970325079119
0.007300177442843852
0.004284888599761418
0.0018961634432682483
0.007370863729935498
0.0222298736834
0.06501848807866509
0.03927460041716281
0.09617264512010062
9118798559464342e-20
0.009974303785596595
0.14866112866354217
48060724668927095e-22
0.0664965826854455
0.010772062324409252
0.0012674293055071318
5486310523191847e-21
12044213776846324e-22
0.08790897305343898
0.07819308331184881
0.0041210131269340785
0.03835258669381365
0.019717338229154162
0.0057394596617514355
0.011914748581725561
0.00048256723987451087
0.1334056536193944
1569912997120802e-24
0.07031675874005339
0.0003417557334237668
0.009507612198063413
0.010760486412338524
0.00015702820017499645
0.00017083540135186097
0.11855335136224629
0.0003932965450100094
0.05241993655210177
0.15215197753949755
1317920478634362e-21
2586156867489517e-21
0.00014469789111543963
12571258426774267e-21
0.0005940050488186814
17002680682013058e-21
14432273980919336e-23
10044027099448731e-22
1907649291975809e-20
0.06859145737843264
0.06922670717028526
4349730502669583e-20
0.00021262177068364832
0.019122231042246432
0.008073960708658212
0.08002160953438223
0.019669873290591534
27827814402781696e-21
0.11095978624066953
0.03668775691694694
557347426453065e-21
0.15420732980066454
4458960866196855e-22
0.0037458998571438694
0.0009812795033662736
2299456595297872e-27
0.15369864660780763
0.1210949178960201
0.017680202526226173
0.15442374762357242
0.09236151446087855
0.007333148965450157
0.13825439905038817
22332184586515866e-26
4630588540311193e-21
0.0006288945575196737
9119544723018295e-20
0.10733690211569716
8645590412924522e-22
0.00011179783542133073
0.125016743732913
0.000928024595301483
0.011670658872349082
12200545425384413e-21
0.11155983563115414
0.08417400478739408
0.020664567363755968
31467752905036096e-21
0.00015341805784700274
12006677658159317e-23
0.013438225429083406
0.12564298057139203
8333314425033255e-24
11103135247195405e-21
910622514954761e-20
9648988730686437e-20
10586255172472636e-21
0.14876410984079697
0.12499572488342618
0.0051204719394334465
0.0015452049226066325
0.03955232176801735
0.005838185988798639
6759797649052885e-20
0.027358145624686594
832276615951944e-19
0.0007202840156034576
0.07226808117017966
9970365676643852e-22
0.10766153616482044
0.10602308731475665
0.0018237484089679156
0.0005367057832304658
5829910049279018e-24
0.001029399883685612
10390421153845505e-24
0.010141305727249677
0.028195588472063566
0.0009028363852922575
0.00033748405722395337
0.00015451818185134114
26181719406958427e-22
0.006074678906949483
0.029408865023460677
0.020869916953002964
11257175777888234e-24
0.09283522118275664
0.061401739699597474
0
0
8177039893661092e-20
6661150423201189e-20
10336367822356625e-22
7596596672979137e-22
0.00019343422079706713
0.009629827285972784
0.005352885046318151
15204233364184456e-24
0.00013147608352628387
732865970474388e-20
0.05228802286732307
0.013172977979288457
0.08686521809819954
38456338713161246e-23
0.05587206780286591
0.007612057952816457
0.00012012469560695774
0.10277015983765383
0.0002963111389643514
18549559457231217e-29
8513876499303807e-20
37361383512299152e-22
0.00012469549549522845
0.01599800675695766
0.003884022294872742
0.0001635161555385026
0.00015208492662669934
3799874491790536e-24
0.0005141345308824052
0.02225683538599435
13135133336433834e-24
0.0018016383856573552
0.0017966072572454326
44184818303702606e-21
0.09231270488823524
433699387730185e-19
0.1463949079162967
0.0019059281435049127
0.13446549185854662
0.003288454595661795
0.0007002380384343799
0.0005688663565231771
4474860347160698e-20
0.1310976026967575
12101799237484244e-21
21567018405057354e-21
0.008211821933252107
0.006390143458351829
21715984145410975e-24
8722017967209997e-20
0.0030434779507772756
0.10810899599875147
0.029059561207754454
0.00010009970535021983
0.022328900427063286
0.00035395735574880613
0
0.09538920539830388
0.012140758535919643
0.14071711327604428
0.1498186061718922
0.14564778852253205
0.04870510994808283
0.028562255229563748
0.09925108840449372
0.14279737835288014
0.09580427453340257
0.15101176283083922
0.14523478942623888
0.0007644428773951754
0.015414601220224809
0.11313542555975616
0.15443595074403205
0.11073682487873877
0.00029911610330740765
0.02606527272098598
0.15374900005575837
0.09649384740163845
0.12690096426998138
