2.3461383336440393
0
9345743997771735e-42
0
12820879042262292e-23
11095082023886558e-28
1285720424988274e-22
0
12913077659359635e-23
0
0.0011306992696885577
0
21.199799733493823
0
19.02573767230992
0
38.599400649176935
27.43614736412186
29903432913219986e-21
10339537130879792e-21
16513370862740822e-114
7.24911061113282
0.20838799466916225
3466078715300104e-44
0
26774142425836416e-27
2538921446620684e-28
0.0013668986170131234
0.006846588802008203
0.0065243129936551495
0.012004261729020787
16903651301929307e-22
6678170865304896e-25
0.0011337966553966335
17684553166748786e-22
9939073565061207e-23
16324966242296572e-30
31357616456191545e-27
3588027367707334e-26
3.571291878285496
3.566390505936616
0
1.2020445812652787
0
3.8584038989236626
3.850513081829445
4.038742628797665
0
4.854643784019723
0
4.389734335384591
0.3813202642998484
15.445936585441533
14.706865549165597
0.1780559453657465
35.19103905587919
25.92191827324912
0.9089140164092359
29338388520093204e-22
0.012604430926349356
0.1784864749750796
32.75278169404169
0.4678981423319197
0.24229315316030317
1.8590517141574234
0.2797836718297024
18.74030242639805
0
18.734408513817254
0
15.541127323680538
0.00027144360175223464
0.0002714259444122044
0.0036445893539293933
5.102575261004126
0.1266790813052762
0.060371027807948036
0
0.0006137200387579028
0.4555774828012208
0.055442918737453745
0.021987108359890487
0.03014670337555514
0.00037378392174680755
0.00015610986660532014
0.0008522757063234865
1.8325014000234479
0.45257624052015166
0.0036255228124165576
0.0002820249817979069
0.0009075707131635123
0.005233964384557503
0.005041966292295906
465359830862988e-22
0.06284578415543822
2.1293090343123264
0.016181362232477542
1622315980234083e-26
13214891217149701e-22
12146235525377515e-21
0
0.7061024139788977
0.26644517944777824
0.0822358084440475
0
0.2906160724823708
0.008996606775276887
0.059600654236871733
0
0.0013175965857052275
0
0.11844943795556784
0.30721378695068086
0
0
0
0
15904015617400642e-22
0.2645600141376084
21743225367190934e-23
21491173138057277e-23
0.286890390720921
0.12048763484125043
0.1756069665665561
0.4539806392412034
0.00065199846301317
0.35363468444454244
0.000826786507317527
0.3791823892207858
9172190550332383e-22
8083557509929708e-20
0.5516945224331591
0.0007382119292086056
7873328739137434e-42
0.14925354737218527
0.0005832088430797601
0.1520921450054032
0.019814765894590317
0.04140862329728925
0.0009720002782606495
0.00850819595866446
0.19602446331016843
0.20255213909023476
0.184392727040206
4069566814717523e-43
0.07423012930045901
0.07424691850986143
0.3587124957199486
0.4692951777567313
0.00017960664557445998
0.46969479157223915
0.6942679250811516
10.298169356223983
2.127672932272316
2.7729416747035938
0.06072992333482608
0.4359735597423826
2.677437768202009
4.120875149278787
0.4269970907343154
4.984693859887091
6.910390795560839
2.739088966855132
2.390645113298858
2.792675808656173
0.6601039522913857
27.75311576922385
618.7576944031529
4.001881795030682
2029.5361215820647
1.099968767798434
23.217887977037737
1.1596101030382464
44.747828981353926
1.3061687948548981
1.3967874655270065
1.099967753417983
0.7573178457717591
1.0448583896704464
1.1567792170987279
0
0.0005071732551586971
0.0005866604552257698
0
0.004363906679040966
0.0030208630828025052
0.0030472595608784835
0.0013687333385641073
0.0036530829406007216
0.006802303571174396
0.0016108791299300187
0.006262346894880488
0.001226950181906073
0.0029735987978673447
0.005001668938594349
0.012410840166926397
0.0024721765432309433
0.005456848151257695
0.0034657424376972608
0.005914049337690989
0.009243129506341
0.007836523432680778
0.008664403172779568
0.0074870304267522165
0.004401569417651831
0.001896293134541268
0.007372849970572629
0.02224864750985764
0.06520168759906818
0.03933609126051573
0.09662806908391867
9118828423201487e-20
0.00997796471628113
0.1503483240976735
4806073296284025e-21
0.06668922229187473
0.010776340898606596
0.001267487161238639
5486311603979395e-21
12044214297719521e-22
0.08827539878916538
0.07847149236277891
0.004121629040817688
0.03841106436158241
0.01973200928733194
0.005740659110347288
0.011919998235928266
0.0004825756111778092
0.13675048044658752
15699129972092983e-25
0.07053519654241727
0.0003417599306460201
0.009510934652124263
0.010764755670694874
0.0001570290858877181
0.00017083644970529934
0.12202216050286978
0.00039330210436525444
0.0525340356603175
0.1540839907933188
1317920541001186e-21
25861571076415506e-22
0.00014469864316960098
12571264101494508e-21
0.0005940177362624258
17002691062706457e-21
14432274055709333e-23
10044027461683926e-22
1907650598720667e-20
0.06879798990085428
0.0694375738842773
43497372969565565e-21
0.00021262339477717162
0.019136008135728345
0.008076348131438642
0.08031533726257313
0.019684471961716375
27827842210224165e-21
0.11161507353953415
0.03674100675337954
5573474376069568e-22
0.15668102080282145
44589609375875534e-23
0.003746408280924623
0.0009813141598496013
2299456595298062e-27
0.15627129784869548
0.12455352255778235
0.017691935433470994
0.1568019568731
0.09573815811370812
0.0073351147475200626
0.13951088036569045
2233218458669494e-25
4630589310240864e-21
0.0006289087803490953
9119574591643494e-20
0.10793763698199599
8645590681313119e-22
0.00011179828432917322
0.12592919029490018
0.0009280555882038271
0.011675692510636165
12200550770351725e-21
0.11222455774930348
0.0845046200527141
0.020680722528189376
3146778846310016e-20
0.00015341890329475199
12006677709922348e-23
0.013444929454208837
0.1265689673031297
8333314427526755e-24
11103139673860612e-21
9106228127104745e-21
9649022168512744e-20
10586259196580326e-21
0.1517060398497449
0.12590772067575048
0.005121425168417758
0.0015452909749194897
0.03961473684212593
0.005839427358980274
6759814059170913e-20
0.027386981082317102
8322791036404249e-20
0.000720302676540429
0.07250050191589061
9970366033585362e-22
0.11113283895716244
0.10948946587049911
0.001823868362464577
0.0005367161395757674
58299100504994055e-25
0.0010294380269329465
10390421157722007e-24
0.01014509186977958
0.028226287502488415
0.0009028657168422056
0.00033748815013599786
0.0001545190394698342
26181721868305746e-22
0.006076023670207863
0.02944237614965082
0.020886403817746816
11257175782438457e-24
0.09621637685460908
0.06156306543532264
0
0
8177063906932172e-20
666116635782323e-19
10336368205985098e-22
7596596880190122e-22
0.0001934355649298434
0.009633236753589219
0.0053539273674823125
1520423337248493e-23
0.00013147670440166918
7328661633292515e-21
0.052401499958374134
0.01317941558501522
0.08722137548072005
3845633924418031e-22
0.056003165601235735
0.007614177582621121
0.000120125213886047
0.10330757564942841
0.00029631429381543834
1854955945723134e-28
8513902531888792e-20
37361388524444285e-22
0.00012469605397234676
0.01600757109343849
0.0038845690886905875
0.00016351711596842002
0.00015208575744253485
3799874492308992e-24
0.0005141440339525269
0.022275656144545172
13135133342628855e-24
0.0018017554420311996
0.0017967236593476519
4418488841145592e-20
0.09272479607647063
4337000631855749e-20
0.14943528671217635
0.0019060591770621944
0.13560883889962963
0.003288845987972091
0.0007002556742814652
0.0005688779921043841
44748675379980104e-21
0.13447314013659445
12101804496280511e-21
21567035107367448e-21
0.008214292432012266
0.006391632679889928
21715984162343935e-24
8722045288344352e-20
0.0030438130007987303
0.1087210209885767
0.02909224905229055
0.0001001000652186933
0.022347846933960837
0.00035396185815809154
0
0.09583557178152426
0.01214621237826136
0.14392534680780608
0.15270767013815795
0.14871485994344494
0.04880244696212352
0.028593790063095197
0.10268359133499284
0.14595239334500115
0.09921146590799988
0.153830936070147
0.14675138186925923
0.0007644638988204995
0.015423467264370832
0.11382549273755173
0.1567951334120157
0.11138863633492439
0.00029911931819228554
0.026091354071573807
0.1558686816209409
0.09695302464609463
0.1278548122716428
