2.3250012299282456
27253755490032447e-56
0
0
1399518050709705e-22
12079655354405828e-28
14035483735349748e-23
0
1409760283052918e-22
0
0.0011316779056531048
0
21.18480116021113
0
19.009710558649168
0
38.647335164601415
27.466505935940877
31844659564876025e-21
11929615315450944e-21
38381490796536315e-114
7.264113243568636
0.20869305374274164
0
0
38426686849261226e-27
36790176473575033e-29
0.0013676699562035048
0.0068481127452277015
0.006530286274191325
0.012010988512360191
16875040239364146e-22
6792156658317183e-25
0.0011347470294317886
17675600803600683e-22
10021637156748141e-23
16325691082236497e-30
4500077331509019e-26
5149109174845515e-26
3.559457502731911
3.5544960424586227
0
1.2032338026435976
0
3.8660369449470386
3.858059629316588
4.0459788562774195
0
4.866713948019134
0
4.390501352848339
0.38671821427490877
15.471852401165757
14.726581299823433
0.17833175373585236
35.24160058310995
25.95902908216168
0.9173407587323122
29700454465848867e-22
0.01262269682756539
0.17876307152755008
32.780317584903415
0.4710707772495111
0.24124705019952264
1.867109405240603
0.2857652844696188
18.790409548800966
0
18.784470501965163
0
15.55484303881603
0.000266718809738048
0.00026670150835556353
0.003665297724157673
5.102701602328779
0.12687963455897544
0.06068549540975959
0
0.0006060154357361886
0.4630545768044017
0.055801776677814156
0.022170924828188
0.02942753123940449
0.00037149837295648655
0.00015610275085125235
0.0008571265789425617
1.8332763762984816
0.4532052855883117
0.003624689057687258
0.00028253648401870034
0.0008902360850739844
0.005263022986101686
0.005056568525315963
4695792809394549e-23
0.06303632983757892
2.127949876360951
0.016267959245223902
16074532075049533e-27
13183671407055068e-22
121368798160886e-19
0
0.7098464901577963
0.2692567317804312
0.08085083298167466
0
0.2921520482826684
0.009164414078950323
0.05979906083443377
0
0.0013164916474585075
0
0.11856955791238911
0.3121585810248022
0
0
0
0
15867128556313846e-22
0.264807378434365
21642877235202637e-23
21389622784408146e-23
0.28884707345018446
0.12256481873840297
0.17598263038058926
0.4559421129638706
0.0006523936890306516
0.355989472839449
0.0008319597448747533
0.38151500705329344
9180589684480608e-22
8092451949144403e-20
0.5514265221670576
0.000738929614621015
15231459329534358e-42
0.1504057028773559
0.0006193498042721578
0.15307114958429133
0.01981334987583796
0.04129250966956319
0.0010355658065756249
0.009099930695821011
0.1970824230705588
0.2021633553064632
0.1848823542826805
7877841997368265e-43
0.07538520404825778
0.07540221006660533
0.3606590666257508
0.47116192817221564
0.000181610738127846
0.4715558416003201
0.692841063236893
10.300617048320156
2.127405925841031
2.772836323760451
0.06082077892244726
0.43606407313239226
2.6769441980428805
4.120699932712416
0.42734886033937275
4.985796326524906
6.910881965812811
2.7689095737644402
2.3922036944531637
2.793681608311585
0.6592520437617839
27.7815552624631
618.7651446086462
4.001885580639412
2060.1373069192123
1.0999690491752763
23.217898561790303
1.1598154564266325
44.753967611819654
1.3061605712325397
1.3967900326138813
1.099968034861089
0.7598080841598841
1.0455501021948599
1.1600711577048148
0
0.0005077130709218432
0.0005911397543134293
0
0.004494244628110026
0.003089147608153874
0.0031102397615893175
0.0014125463859018038
0.0037151801476390414
0.006878922372755676
0.0016583452339203795
0.006362810072157139
0.0012643358824233368
0.003034633078431318
0.005080284640817322
0.012541229168178205
0.0025367234064688792
0.005528634985416028
0.0035324058395589148
0.005988134491578041
0.00920356446807381
0.007927384398755328
0.00881005243913089
0.007587786647180381
0.004464888577152835
0.0018963694840034024
0.007374019460390927
0.02225970650441729
0.06530977287278729
0.039372334060974915
0.09689717114122236
9118846003122463e-20
0.00998012042329154
0.15135046476515943
48060737845215735e-22
0.06680288423098842
0.010778860359921604
0.0012675212203859122
5486312240206306e-21
12044214604341766e-22
0.08849181627600705
0.07863584661661133
0.004121991653661682
0.03844553007296966
0.0197406507977332
0.00574136530652174
0.011923089629448791
0.00048258053917777093
0.1387585594475966
15699129972613935e-25
0.07066410141018961
0.0003417624014474154
0.009512891022819723
0.010767269645451858
0.00015702960728223862
0.0001708370668421434
0.12411141405173788
0.00039330537702562246
0.05260131843574986
0.1552327598844306
1317920577714643e-21
25861572490117705e-22
0.0001446990858828773
12571267442031197e-21
0.0005940252051020193
17002697173508412e-21
14432274099735932e-23
10044027674920792e-22
1907651367962104e-20
0.06891985999726931
0.06956200493359463
43497412965519515e-21
0.0002126243508375139
0.019144122933291263
0.008077753864823178
0.0804887497514617
0.019693070822012423
27827858579634167e-21
0.11200262937290145
0.03677238944817076
5573474441729142e-22
0.15815572200748299
44589609796130904e-23
0.0037467076068333376
0.0009813345616413237
22994565952981738e-28
0.1578058292884066
0.1266355093577761
0.017698845880184878
0.15821902668601676
0.09778332378687092
0.007336272190132836
0.14025586572586682
2233218458680036e-25
4630589763475141e-21
0.0006289171530473057
9119592174441929e-20
0.1082928422947036
8645590839305341e-22
0.00011179854858843183
0.12646943079501194
0.0009280738332683278
0.011678656675770897
12200553916772778e-21
0.11261770999440082
0.08469985010947663
0.020690238488009938
3146780939507154e-20
0.00015341940098634844
1200667774039367e-22
0.01344887747400922
0.12711725550310707
8333314428994603e-24
1110314227970483e-20
9106229879902673e-21
9649041852399932e-20
10586261565451048e-21
0.15346499602181699
0.1264476932720942
0.005121986388351225
0.0015453416335439252
0.03965152474663413
0.005840158239332407
675982371932773e-19
0.027403969850157667
8322805680705718e-20
0.0007203136618934502
0.0726376703226661
9970366243705998e-22
0.11322839662517381
0.11158277681642365
0.0018239389791348656
0.0005367222361352191
582991005121781e-23
0.0010294604813653127
10390421160003987e-24
0.010147321317846793
0.02824437471662812
0.0009028829838805945
0.0003374905595322475
0.00015451954432602524
26181723317226287e-22
0.006076815430701414
0.02946212098490621
0.02089611522392483
11257175785117035e-24
0.09826405941234995
0.06165823112513019
0
0
8177078042848667e-20
6661175738069195e-20
10336368431815537e-22
7596597002168938e-22
0.00019343635618436153
0.00963524436807463
0.005354541045204263
15204233377371164e-24
0.00013147706989352658
73286627685707734e-22
0.05246841559864734
0.01318320667902232
0.0874317169647435
3845633955677511e-22
0.05608048268532829
0.00761542562030379
0.00012012551898225487
0.10362524918070674
0.0002963161509961826
18549559457231416e-29
8513917856518312e-20
3736139147494225e-21
0.00012469638273203773
0.016013204001423188
0.0038848910056019067
0.00016351768134698674
0.0001520862465207117
3799874492614192e-24
0.0005141496282034805
0.02228674279468624
13135133346275676e-24
0.0018018243531203206
0.0017967921852571382
4418492968181348e-20
0.09296824132206355
4337004608061445e-20
0.15125450792382264
0.0019061363167509242
0.13628643320782724
0.003289076410522666
0.0007002660561768231
0.0005688848417290112
4474871771030989e-20
0.13650071552213644
1210180759197526e-20
2156704493951628e-20
0.008215747087141338
0.00639250950167073
21715984172311855e-24
8722061371506558e-20
0.0030440102518197137
0.10908292039774106
0.029111508584430294
0.00010010027706294117
0.02235900768375996
0.00035396450861650207
0
0.0960993101867639
0.012149424035175233
0.14584803309296485
0.1544343569180285
0.15055046604668537
0.048859837243055405
0.028612369939927582
0.10475945032255152
0.14784215240232276
0.10127356402147272
0.15551504496489965
0.1476515485201138
0.0007644762737655751
0.015428688819683187
0.11423368084403515
0.15820072944657534
0.11177413052146397
0.0002991212107135502
0.026106719572212073
0.15713011291676615
0.09722434941186743
0.12841966267968075
