2.451334073970934
11980399822043486e-55
32030864758583682e-43
0
8478854270936174e-23
7432321431044456e-28
8501078680339088e-23
0
8534920170502552e-23
0
0.0011258801402028989
0
21.252087926373374
0
19.089973828538525
0
38.33591794981774
27.27293627141224
22229745454495285e-21
5241869830207173e-21
3106851513702376e-115
7.175039435670566
0.20705959874367838
1154368961745538e-44
0
4434214362490409e-27
40136734300263547e-30
0.001363074634556609
0.006839008709051482
0.006494720161908059
0.011970913220686108
1704494957182342e-21
614444930260381e-24
0.0011290872988755246
17727259657802089e-22
9546354975085191e-23
16323180869001138e-30
5195589841345861e-27
594497332175356e-26
3.6280075720781877
3.6234012562913476
0
1.1943550540151255
0
3.818726836550827
3.8111855451659515
4.002921072425833
0
4.794281203789916
0
4.385918117504039
0.3550925686693356
15.315863222866641
14.607373803834959
0.17666719248944274
34.93539085926793
25.734435294924545
0.8680731717580504
27691050348134224e-22
0.01251221434765847
0.17709101659930016
32.60685237117438
0.4518564260191125
0.24740604778186664
1.8184913476026168
0.25200270684404436
18.484597356761455
0
18.478948523791825
0
15.46593758159518
0.0002961067664811692
0.0002960872148482415
0.003544553398588839
5.102020856231033
0.12570556628786927
0.058861267035926035
0
0.000652005862077465
0.4199453344004815
0.05359149736809867
0.021043814169173558
0.03392095758313656
0.0003849607164055773
0.0001560018471634072
0.000829124793558627
1.8288159039662952
0.4485628666345159
0.0036299349758977875
0.00027961980585465383
0.0009989109964749097
0.005087999201998531
0.004964691280551834
4448150913275966e-23
0.06189658229156513
2.134512961839565
0.015738234708596293
1694401494005911e-26
13368294936039955e-22
12193114195583235e-21
0
0.6868381696132478
0.2527632394248926
0.08946951914944788
0
0.28223072457952114
0.008206682685810962
0.05859945191876748
0
0.0013202423182548985
0
0.11786709016745724
0.2836492083620548
0
0
0
0
1608480859799595e-21
0.27104031511074456
22232914660227984e-23
21987064116389404e-23
0.2772512395910735
0.11061693670311579
0.1736797185230614
0.4441204904218108
0.000648018293830005
0.34180385358407006
0.0008008588148028226
0.3674865583690853
9129699963811696e-22
8022578670137962e-20
0.551931150505911
0.0007348561161821692
2925149084213079e-43
0.1434438488120817
0.00045314068390712764
0.1473041438671057
0.019807070763527758
0.041952561842070725
0.000743835530160993
0.0061050279143600806
0.1907952718905927
0.2043606028327928
0.18211873696855463
15078374275987196e-45
0.06870858185646753
0.06872423785836082
0.34898288061416366
0.4598401012323693
0.00017534058417734315
0.4602624085513274
0.700825513320752
10.289730750201969
2.1286482664893356
2.773187485234311
0.06248108913442273
0.43566336331653543
2.6791056705084624
4.121064149656927
0.4379883742670459
4.979400706085274
6.908357246084646
2.587832641881294
2.3834407504256667
2.788168449067031
0.6643270338394457
27.591518504818815
618.720617342198
4.001862954758501
1883.8680385793957
1.0999673674352135
23.217835298611195
1.1585886350787191
44.71729059088179
1.3062076352327925
1.3967746869842073
1.0999663527248942
0.7450375332824538
1.041422655210389
1.1429969878142923
0
0.0005209868423735387
0.0005687150463196062
0
0.003446169508571642
0.0026460535326282312
0.002694799766588208
0.0011459469684092505
0.003284491513607825
0.006300097113726453
0.001365087372998404
0.005667343470173658
0.0010345387156146565
0.0026314234350076236
0.0045312108677826295
0.01153638207513797
0.002128368658769264
0.005006080467393107
0.003086821130156066
0.005442227633401247
0.009215778346784366
0.007245455543849558
0.007825741045097005
0.006860979948731165
0.004014023825333633
0.00189591320207669
0.007367032378284254
0.022193690452345288
0.06466642030700243
0.039156212640453734
0.09529986863588322
9118740931453691e-20
0.009967243055473711
0.14545866851711203
4806070866410207e-21
0.06612641609565227
0.01076381072762528
0.0012673176683145769
54863084375882655e-22
12044212771713307e-22
0.08720617241607154
0.07765862428113954
0.004119824853254033
0.038239993419619873
0.019689058200888787
0.005737145784784503
0.01190462481744813
0.0004825510861155614
0.12718062341122952
15699129969500305e-25
0.06989714797929437
0.0003417476341568703
0.00950120411293107
0.010752252776665971
0.00015702649102235285
0.00017083337835421778
0.11213585187185142
0.0003932858173008468
0.052200458641541436
0.14849196791117958
13179203582846216e-22
2586156404066324e-21
0.00014469643988169212
12571247476229483e-21
0.0005939805665252734
17002660650325737e-21
14432273836596492e-23
10044026400440683e-22
19076467703425673e-21
0.06819466094116632
0.06882160443975575
4349717391710877e-20
0.0002126186366927423
0.019095673309131842
0.008069355675004136
0.07945783392642376
0.019641732718465664
27827760742621044e-21
0.10970612835864002
0.03658521835128035
5573474049293136e-22
0.14954368641757806
44589607284336697e-23
0.003744918942829367
0.0009812126299391004
22994565952975057e-28
0.1488532909064284
0.11468996029220754
0.01765758343373064
0.14993598036447484
0.08617854123060173
0.007329357069481724
0.13586165613853382
22332184586170303e-26
463058705457225e-20
0.0006288671125237279
91194870855752e-18
0.10618709406283512
8645589895012972e-22
0.00011179696916545171
0.12327463499235307
0.0009279647909811691
0.01166095155469362
1220053511116581e-20
0.11028822529587474
0.0835396658700071
0.020633428281244866
3146768428847537e-20
0.00015341642639303923
120066775582718e-21
0.013425298067188736
0.12387520328279443
8333314420221529e-24
11103126705029927e-21
9106219403735078e-21
9648924205779069e-20
10586247407124877e-21
0.1432473427927036
0.12325447076754437
0.005118632987500398
0.001545038880330998
0.039432156752170364
0.005835791252966706
6759765982432405e-20
0.02730258740995385
8322718154610461e-20
0.000720248006814027
0.07182168112291523
9970364987851064e-22
0.10126646604693167
0.0996411610960533
0.0018235169560675644
0.0005366857990748214
5829910046924027e-24
0.0010293262823579312
10390421146364986e-24
0.01013400357208374
0.028136442661481433
0.0009027797866645112
0.00033747615923988383
0.00015451652691168352
26181714657277914e-22
0.006072084748029549
0.029344306121100394
0.020838138899512082
1125717576910763e-23
0.08664278555860189
0.06109162220910014
0
0
8176993555263435e-20
666111967414417e-19
10336367082065802e-22
7596596273122496e-22
0.000193431627039939
0.009623251420315821
0.005350874244591508
15204233348166967e-24
0.00013147488542648533
7328655983209932e-21
0.05206973940910932
0.01316056416853236
0.08618204420325716
3845633768844961e-22
0.05561995421600872
0.007607969354411854
0.000120123695486067
0.10174099428485857
0.000296305051118486
18549559457230982e-29
851382626424598e-19
3736137384032539e-21
0.00012469441780463617
0.015979566532693144
0.0038829673601224464
0.0001635143022053261
0.00015208332340771368
3799874490790067e-24
0.0005141161932301826
0.022220561759256127
13135133324479256e-24
0.0018014125225540103
0.0017963826565150583
44184683016537225e-21
0.09152265915072702
43369808430161055e-21
0.14070162130190977
0.0019056753124874523
0.13228634413964535
0.0032876994545189093
0.0007002040076578466
0.0005688439039238574
44748464709783654e-21
0.12482145454659994
12101789089550419e-21
2156698617451551e-20
0.008207056692596488
0.006387270676660357
2171598411273531e-23
8721965245645291e-20
0.0030428315063797955
0.10693768851494542
0.028996587002400695
0.0001000990109128694
0.02229238459810826
0.00035394866757628704
0
0.0945337170305071
0.012130241135034706
0.13472691607128828
0.14439715454133
0.13990689843540413
0.04851782639423952
0.028501500490527455
0.09294834323511586
0.1369006161540862
0.08955663137746922
0.14571679714000957
0.14235237106025997
0.0007644023138203237
0.015397506749605315
0.11181560107017308
0.14998329003926725
0.10948978140285673
0.00029910989961658954
0.02601501700889346
0.14973977371016173
0.0956139077703476
0.12508038513812775
