2.678577492175018
0
0
0
387343949510121e-22
3487585123236282e-28
3882165611842235e-23
0
38951730944090625e-24
0
0.0011151635746829368
0
21.211499203943752
0
19.095195555595247
0
37.664764782903255
26.8684086209483
12686846842350193e-21
14161319024489692e-22
17268470038041182e-119
7.017554529347323
0.20530529417746937
0
0
9114630085598384e-29
7503579555593615e-31
0.0013545884658346125
0.00682265871172017
0.006428554832437024
0.011896887993990097
17334858147256032e-22
5149107886079421e-25
0.0011185073284902503
17799831479965862e-22
8775887430493291e-23
16318222012819973e-30
10688555593703582e-29
1223033563873414e-28
3.738224088873989
3.7342628863814813
0
1.1697462201262452
0
3.7206510489835254
3.7142723675965934
3.9266196217419362
0
4.663119337133416
0
4.3776802411882505
0.30223896452861815
15.024246315622111
14.380087796620638
0.17350865863389167
34.349091599374546
25.305048373993774
0.785839608325349
24914210169082734e-22
0.012301575230143127
0.17390742933887657
32.235514170890134
0.4169644782732002
0.2580563709687029
1.7279611060461737
0.20148700738960165
17.887585057096185
0
17.88289113585908
0
15.254965013433921
0.0003561174685937491
0.00035609308137949226
0.003345033583981791
5.101314854250936
0.12374539621200169
0.05592358797587481
0
0.0007334296369932034
0.3516122068156721
0.049351473816283506
0.01889463025397195
0.04326737357892442
0.0004081856198932482
0.00015492621691393798
0.0007838414037720778
1.8215097348922829
0.4358950158321579
0.003639623322877746
0.00027568073967386376
0.0012286272066730562
0.00477106233219222
0.004774330531750641
40275762839457653e-24
0.059864631074569435
2.132402003860279
0.014731971697753293
18393475779017227e-27
13681355796994674e-22
12309394960866294e-21
0
0.6425021384666849
0.22499877301550017
0.1071194468211912
0
0.26112560395699175
0.00673358786900887
0.05637374427367237
0
0.0013068154539966853
0
0.11672653150348132
0.23858742158608678
0
0
0
0
16452190160172971e-22
0.3252253549951052
2323010624015316e-22
22999349252965836e-23
0.25780473534903875
0.09175739413250908
0.16924265836826338
0.42241609181812734
0.0006290462305459604
0.3160311053813185
0.0007439538717472234
0.3417834572047115
9033754822819656e-22
7809220271182573e-20
0.5471925397399334
0.0007283908864089883
21151531971368992e-47
0.13068652121580415
0.00033451855553716343
0.13743478770691497
0.019686472276143546
0.04291789960328843
0.0005338694287727856
0.0030678774607173108
0.1797216997759387
0.20760936424839807
0.1780062550651602
10861987125825496e-48
0.05804213134798754
0.05805564734057342
0.3277640014932456
0.4385047095261744
0.00019195210247536414
0.4389475981981605
0.7120480711679373
10.291099915402242
2.1281020498985175
2.7710020205249943
0.07859830298014
0.4357280382696533
2.676785157987448
4.114813285650863
0.5287649731467505
4.9677377193511285
6.899998558686437
2.2469761267904604
2.3742259973191566
2.780663131481625
0.673833898948971
27.12630028768526
618.6405312064535
4.001822256380515
1603.8956673412702
1.0999643423822623
23.21772150329248
1.1563851342716949
44.651392800270365
1.3062811919462096
1.3967470701690277
1.099963326959015
0.7191484776735894
1.0340393081730224
1.1300238041391557
0
0.0006398712602035276
0.0005750730085054827
0
0.0017838358955138973
0.0017006225541078182
0.0017692837040016996
0.0006697579444883983
0.002219714747125999
0.004576458930708747
0.0008176520381427589
0.003924195453368754
0.0006122464886796529
0.0017301416603025918
0.003133702483104471
0.008445852032925739
0.0013176697111595525
0.0035574096629212826
0.0020607597229199207
0.0038927336168570314
0.007720390648198023
0.005243166882533735
0.005447912954422644
0.004877737160254006
0.002818004532945699
0.0018950927332908028
0.0073544809024050665
0.022075435355659784
0.0635250893486134
0.03877044226291071
0.09249268047601236
9118551934994763e-20
0.009944121474419013
0.13543203019068578
4806065617410684e-21
0.0649268036038601
0.010736792810103596
0.001266951607736423
5486301597569031e-21
12044209475241433e-22
0.08494043245733549
0.0759312960396569
0.004115930149727445
0.03787304277411869
0.019596594286959854
0.005729563650454601
0.011871482863603403
0.0004824981114282778
0.10873207729464401
15699129963899594e-25
0.06853846969646367
0.0003417210728402318
0.009480218207922247
0.010725293619813905
0.00015702088575091273
0.00017082674382234983
0.09342815472437198
0.0003932506363514769
0.0514870789878127
0.13709511381343806
13179199635811148e-22
25861548842065817e-22
0.00014469168046246162
12571211562473402e-21
0.0005939002805461391
1700259495380803e-20
14432273363269804e-23
10044024107947654e-22
1907638500321708e-20
0.06690935057284166
0.06750957669451599
4349674392789561e-20
0.00021260835866119217
0.0190088321337724
0.008054271255963849
0.07763657968925565
0.01954972405294796
27827584757444167e-21
0.1056931360521954
0.03625093590993007
5573473343392056e-22
0.13521590014804336
4458960276620317e-22
0.0037417037012302022
0.0009809933412860245
2299456595296304e-27
0.13400883124125107
0.09596751672684228
0.017583603880154907
0.13611297440154368
0.06866075518212868
0.0073169347781065945
0.1283011384579482
22332184585036973e-26
4630582181889669e-21
0.0006287771112765523
911929805818189e-19
0.10250187664318265
864558819645078e-21
0.00011179412820684005
0.1177297198929631
0.0009277686815035279
0.01162917169468152
12200501284323525e-21
0.10621864512621979
0.08149262026993857
0.02053163228282246
31467459252044016e-21
0.00015341107593634356
12006677230676908e-23
0.013382988209033095
0.11825022587641738
8333314404440799e-24
11103098689865366e-21
9106200559575274e-21
9648712590467757e-20
1058622193963511e-20
0.126550099041899
0.11771222207154618
0.0051126065243881245
0.001544494446975059
0.03904061513535663
0.005827944277643545
6759662128420959e-20
0.02712116715072574
8322560717828976e-20
0.000720129923651959
0.0703769109716232
9970362728860382e-22
0.08284073639778175
0.08128572285623518
0.0018227580804563324
0.0005366202635000415
5829910039200509e-24
0.0010290849335742604
10390421121831608e-24
0.010110092024900045
0.02794333512785681
0.0009025941885522525
0.00033745025800815097
0.0001545110994330511
2618169908005115e-21
0.006063584617788898
0.029133569206192027
0.02073425757023295
11257175740310416e-24
0.06908879924490718
0.060085498930460696
0
0
8176841583935533e-20
6661018829363824e-20
10336364654180247e-22
7596594961737603e-22
0.00019342312069952212
0.00960171645798578
0.005344284842233042
152042332956354e-22
0.00013147095616945366
7328643777938964e-21
0.051360223448100116
0.013119933401399303
0.0839789631342806
3845633432776661e-22
0.05480106921185633
0.007594575637019111
0.00012012041551000411
0.09843748317436661
0.00029628508606548495
18549559457230176e-29
8513661513520516e-20
3736134211977008e-21
0.0001246908834349597
0.01591923830736763
0.0038795095664082508
0.00016350822409079302
0.00015207806554837789
37998744875088934e-25
0.0005140560569586415
0.02210201175939489
13135133285272556e-24
0.0018006719720268648
0.0017956462444497277
4418423932651299e-20
0.0889787384302837
4336938095551924e-20
0.12353818238580365
0.0019048463536194926
0.12538432883327608
0.0032852240816388595
0.0007000924106353411
0.0005687702737443705
4474800962425183e-20
0.10627102644062904
12101755808060543e-21
215668804703431e-19
0.008191447825481887
0.00637785805304056
21715984005570958e-24
8721792340233656e-20
0.0030407123661968308
0.1031845533281674
0.028791010549866405
0.00010009673344354154
0.02217304445759942
0.0003539201750119516
0
0.0917815023026602
0.012095811765341856
0.1168136646096436
0.12795612671059192
0.12261991725550749
0.04790864329391116
0.028303152397345197
0.07495366569272971
0.11921732840881638
0.07178712177182449
0.1296198222928508
0.13329452984986673
0.0007642692950827384
0.015341576001677092
0.1075941531825672
0.13626155378288107
0.10549764385159936
0.0002990895546592531
0.025850875473249105
0.13731023431196862
0.09278394827516913
0.11929085328595163
