2.801946252153677
40897034904774876e-52
2735234955169773e-43
0
26654025245608294e-24
2433999657134866e-28
2670978816101815e-23
0
2679197503027264e-23
0
0.0011096665246172917
0
21.169004416840032
0
19.059510474465807
0
37.26237901996442
26.6282584134938
9717602339708852e-21
7494244143106652e-22
49195609043837855e-121
6.9332134469232605
0.2047631136283812
902552567256165e-45
0
1106046138697285e-29
866944998462425e-31
0.0013501597648659359
0.006813796421147109
0.006394381413469271
0.011858264220910048
1749120665481673e-21
4690431867535406e-25
0.001113057875883869
17836108351096867e-22
8405452224685226e-23
16321006621909866e-30
12975619738942892e-30
14847351730488885e-30
3.7908518706364616
3.7872457083487525
0
1.152846683232401
0
3.6649811242836163
3.6589679257253995
3.8858065586175425
0
4.591906485060878
0
4.3732101449177945
0.27605758951084824
14.863145818455443
14.253000161194638
0.1717395228933282
34.02211334716107
25.065560310062267
0.7444398813425563
2361398349995111e-21
0.012184218182822615
0.1721376007286346
31.99407896231342
0.39820977476528097
0.26318895787508273
1.67698669501979
0.17843491254683708
17.52399448627866
0
17.520158461268192
0
15.097384671276952
0.00039266382196890935
0.00039263621372969017
0.0032480134918071533
5.10127956627583
0.12277246283523592
0.054526627094812104
0
0.00077495820715549
0.3192973202854136
0.046912604604113145
0.01769249863356265
0.049054417869571765
0.000421083283038681
0.00015414467383302656
0.0007613608206297128
1.8155724028050053
0.42729808600165864
0.0036425119559779645
0.00027449467519488575
0.0013743391066445097
0.004597487811672541
0.0046539163711277216
38134865264797525e-24
0.05871364480077299
2.1274159048748986
0.014148588400791353
1911160711323583e-26
13844711800513286e-22
12391626249505233e-21
0
0.6173573082473858
0.21104313573721378
0.11785183326267182
0
0.2486184372734571
0.00604992707173403
0.05511180222100595
0
0.0012980299058145378
0
0.11618571190023025
0.21722839685080106
0
0
0
0
16645618626181387e-22
0.351476520673494
23745168803988335e-23
23518942260799863e-23
0.2480306448217645
0.08274433553681353
0.16671119598797357
0.4104881055710193
0.0006139530596832321
0.3021068568117365
0.0007128057396048192
0.32769220729156245
897910897703342e-21
7658957649483936e-20
0.5422100237481959
0.0007248319932219347
3920835964485101e-48
0.1237616817558703
0.00031182241873718795
0.1323417364276988
0.019522469563274813
0.04326698099963205
0.0004912961110807837
0.002170904270580998
0.1738459108759859
0.20878934245779476
0.17591109724029608
2009690795336678e-49
0.052852799856218595
0.0528652968570423
0.31615903909008475
0.4264241112870599
0.00019590830480251706
0.426881558611671
0.7157114737844926
10.28731280755344
2.1262110165294343
2.7676315539789615
0.08698064770159987
0.43559327558852917
2.6719716201542605
4.106078339609457
0.5731920604051344
4.9576197154304955
6.886655561518078
2.074756288489589
2.3722788006566
2.7755156890211485
0.6786114035079217
26.844172270356697
618.5970573811612
4.00180016170744
1469.744495385385
1.0999627001070198
23.217659724894716
1.1551906257570934
44.61565806056431
1.3063161391287963
1.396732071234353
1.0999616842965076
0.7054550600046421
1.030052890535528
1.1249014118346594
0
0.0006992287257489203
0.0006017250838262397
0
0.0013379584055091568
0.0012921268542650053
0.0013600155924791983
0.00048397328585103036
0.0017259017994174601
0.003719966379134747
0.0005978235570713613
0.0030972354005706503
0.000444648986829189
0.0013313468631082318
0.0024784863991504195
0.006896559110425567
0.000981415479235769
0.002855510266538721
0.0016002584233093748
0.003135597231294367
0.006726573882641778
0.0042543622003710126
0.004322442271297203
0.003921040872885693
0.002248026914042624
0.0018946474556098053
0.007347675757970525
0.022011499652874026
0.06291392863502736
0.03856260455154335
0.09100346747092618
9118449331864802e-20
0.009931591411756447
0.13028122353583152
480606276777032e-20
0.06428468264214669
0.010722153397240222
0.0012667529204590151
5486297884177082e-21
12044207685611773e-22
0.0837351319264953
0.0750096882506906
0.0041138172864187
0.0376753049098609
0.019546578307644443
0.005725451563706832
0.011853529002044772
0.00048246935430061404
0.0998634684152131
15699129960859012e-25
0.06781194734055766
0.0003417066537637766
0.009468844536030276
0.010710686014621438
0.00015701784277457725
0.00017082314209230308
0.08461443554404431
0.00039323153819402766
0.051103882098257086
0.13127859713176626
1317919749299569e-21
25861540590864166e-22
0.0001446890966747589
12571192065205566e-21
0.0005938566984307929
1700255928776397e-20
14432273106304283e-23
10044022863370472e-22
19076340106039667e-21
0.06622174025611843
0.06680779288834378
4349651049173316e-20
0.00021260277900246596
0.018961852221161053
0.008046093850205794
0.07666537922187266
0.0194999538708024
27827489216867916e-21
0.10357633850559213
0.03607073745570768
5573472960163653e-22
0.12802107518590378
44589600313342314e-23
0.00373995932677778
0.0009808743116347762
2299456595295652e-27
0.12657966303044696
0.08711716851113249
0.01754357082533808
0.12915005506426944
0.06069182600794009
0.007310199628614621
0.12437432297713978
22332184584421705e-26
46305795365487194e-22
0.000628728255664194
9119195438258287e-20
0.10055505056144307
8645587274314151e-22
0.00011179258590179568
0.11482461120819834
0.0009276622324860789
0.011611954933857652
12200482920021958e-21
0.10407254995121704
0.08040238146061326
0.020476578485573858
3146733708211477e-20
0.00015340817129138665
12006677052828082e-23
0.013360074373162677
0.11530419381215837
833331439587356e-23
11103083480670693e-21
9106190329237538e-21
9648597708034392e-20
10586208113550173e-21
0.11831554108674365
0.11480847677755399
0.005109337774564765
0.0015441989585105796
0.03882968084324776
0.0058236886330690135
6759605747519555e-20
0.02702318083405855
8322475247819671e-20
0.0007200658252905659
0.06960476558487667
9970361502471373e-22
0.07428342801865803
0.07277953313737671
0.001822346224811836
0.0005365846880760618
5829910035007471e-24
0.0010289539308176853
10390421108512611e-24
0.010097134261915792
0.027839054138765765
0.0009024934446996319
0.00033743619725484385
0.0001545081529751518
2618169062329459e-21
0.006058974944908052
0.029019796235449855
0.020678078223038528
11257175724676637e-24
0.061098122328948054
0.05954623930630449
0
0
8176759081015905e-20
6660964082122747e-20
10336363336099492e-22
7596594249796601e-22
0.00019341850282730524
0.009590045477157914
0.0053407109038838205
15204233267116402e-24
0.00013146882305424467
73286371517967355e-22
0.05097909006392048
0.01309792782091995
0.0828066060728278
3845633250327696e-22
0.0543615633698633
0.007587314165573112
0.00012011863487292695
0.09668918017387676
0.00029627424775025674
18549559457229755e-29
85135720729134e-18
37361324898928025e-22
0.00012468896469393118
0.01588658200633794
0.00387763364571511
0.0001635049244222875
0.0001520752111718182
3799874485727567e-24
0.0005140234123705625
0.02203791695407112
13135133263987533e-24
0.001800270060168503
0.0017952465782633442
4418399845236796e-20
0.08762740358781805
4336914888448326e-20
0.11511420564200771
0.0019043964690522103
0.12178931760181227
0.0032838810007846846
0.0007000318328918507
0.000568730304459681
4474776256364292e-20
0.09738242911334925
12101737739825796e-21
21566823084551816e-21
0.008182986324305107
0.006372753820381412
21715983947392235e-24
8721698472608481e-20
0.00303956251893679
0.10120246974931338
0.02868001569223372
0.00010009549704410041
0.022108523371662848
0.0003539047075715045
0
0.09032105399035693
0.012077161261417335
0.1081074528283576
0.11982861958706088
0.11414717274222728
0.047581131901054056
0.02819604941534462
0.06668992557183766
0.1105935990650588
0.0636650457003654
0.12163869271911518
0.12862087320271406
0.0007641970898950994
0.01531129675058566
0.10536949817504498
0.12934547923467613
0.1033916470404778
0.00029907851011294905
0.02576219841645108
0.13100007562550584
0.09128282421592603
0.11626079687899422
