2.7869134999034437
0
19834590171169667e-44
0
27849170805017553e-24
2538804695797538e-28
27907944879881765e-24
0
27994689708841948e-24
0
0.0011103092608103712
0
21.1740056090673
0
19.063958470411347
0
37.31242141946171
26.658102437533906
1002601260161384e-20
8078786049122018e-22
7464080000072752e-120
6.943458835154166
0.2048121298193729
6568534268273032e-46
0
1429406495039756e-29
11270368433965996e-32
0.0013506835580030113
0.006814875784717245
0.006398390980104814
0.011862831471474307
17471945802514998e-22
4743576539126362e-25
0.001113695350302759
17831550006123023e-22
8448897989040935e-23
1632025504966572e-29
16768319474928186e-30
1918715804527715e-29
3.784708236743681
3.7810592680584145
0
1.1550143400145338
0
3.6717024056189347
3.6656612150716
3.8907569562681585
0
4.600575230595411
0
4.37375479208718
0.2791464659446105
14.882741288660993
14.26848117133509
0.17195501245649103
34.06191608271858
25.094719642901087
0.7493675670311992
2376752328747815e-21
0.012198509123858576
0.17235289597678283
32.025201674277056
0.40048365778699346
0.26260121370447737
1.6832700738770292
0.18110229056754784
17.570067724526638
0
17.566117720484776
0
15.118478566814938
0.00038805753869456495
0.0003880303505048427
0.0032593466215648345
5.101268451117572
0.12288727598988568
0.054688890118832524
0
0.0007700415681824714
0.3230623694520646
0.047213561659552934
0.017839509780964987
0.04832189937364661
0.0004194731266267271
0.0001542373707651918
0.00076403342175378
1.8163796744073928
0.42839747215252555
0.003642213691920105
0.00027459900411281815
0.001355712964141989
0.004618533440777026
0.004669100689547474
3838980495759206e-23
0.05885556458404212
2.1280331460802473
0.014220846944009453
19026115509105075e-27
13824802848752056e-22
12380573869650632e-21
0
0.620451710823195
0.2127048173489183
0.1165015119107543
0
0.25016708156483797
0.006129316722168716
0.05526884760660589
0
0.0012990309813911234
0
0.11624859790737009
0.21972365406933786
0
0
0
0
16622006246422709e-22
0.34860718137456786
23682964227428373e-23
23456345022823996e-23
0.24920305354467304
0.08379944925104967
0.16702346100832696
0.4119450793099106
0.0006159403678447933
0.3037966036230607
0.0007166022063124488
0.32941059788598986
8985868663289572e-22
7678253172635362e-20
0.5428943194326363
0.0007252611291409469
5936822017341244e-48
0.1246029799148401
0.00031380373569521035
0.1329525665329673
0.019546062629726073
0.04323085732945023
0.000495150898100817
0.002261221812665755
0.17455658605446073
0.20866792715460097
0.1761636262315842
30437143022036877e-50
0.05346335087633198
0.05347597224289068
0.31757542449132703
0.4279141056335541
0.0001957478713845432
0.4283695085725902
0.715361657266418
10.288017217516753
2.126493227262432
2.768121630566906
0.08604631736960877
0.4356188073957401
2.672673140853372
4.107336131285593
0.5683172819290744
4.958947506330763
6.8885135559348765
2.0950202407517224
2.3724616900819977
2.7761638788382186
0.6780487821012721
26.87946174810626
618.6023545980562
4.001802853984977
1485.471130884092
1.0999629002217057
23.217667252718318
1.1553361131815176
44.62001088592232
1.3063120462282771
1.3967338990824154
1.0999618844583978
0.7071101546004482
1.0305378207908908
1.1255497423794274
0
0.0006926891382465388
0.0005979675200497573
0
0.0013860512175859687
0.00133699750560891
0.00140525384535392
0.0005038276087607027
0.0017811068136211838
0.003817484768441643
0.0006214958835910406
0.0031903898652687938
0.00046263673528194746
0.0013754358730646216
0.0025520126121558293
0.007073335768326142
0.0010179477523365524
0.0029349236035773733
0.0016513749468184031
0.0032214377513134847
0.006846596217487568
0.004366781592345234
0.004449372018420016
0.0040292257313967435
0.00231225994436591
0.001894701708067492
0.0073485046426388515
0.022019280439696025
0.06298808417832838
0.038587870299791355
0.09118364067636414
9118461834218012e-20
0.009933117382082727
0.13089822747303115
4806063115005118e-21
0.06436258545090548
0.010723936173122927
0.0012667771292695922
5486298336661849e-21
12044207903682032e-22
0.08388108047539365
0.07512138696419504
0.0041140746853770204
0.037699344355620404
0.019552666027393723
0.005725952472498754
0.011855715265659443
0.00048247285832758637
0.10090419230124556
15699129961229513e-25
0.0679000619949698
0.00034170841072711267
0.009470229712355902
0.010712464918168133
0.00015701821356471992
0.00017082358096689527
0.08564226885508482
0.0003932338652965077
0.0511504224612776
0.131973934978144
13179197754102405e-22
2586154159629093e-21
0.00014468941151245254
12571194440988522e-21
0.0005938620088354084
1700256363374516e-20
14432273137616092e-23
10044023015024905e-22
19076345576852922e-21
0.06630514754367826
0.06689291493646903
4349653893637124e-20
0.00021260345888820652
0.018967570608022143
0.008047089840551828
0.07678306904080838
0.01950601169044538
27827500858677788e-21
0.10383198952175547
0.03609264701664061
5573473006860867e-22
0.12887687829550665
4458960061222875e-22
0.003740171839089397
0.000980888814884429
22994565952957314e-28
0.12746241739005254
0.08815035013760385
0.017548444059738093
0.12997907020387625
0.061611083364222365
0.007311019989450375
0.12484630903355194
22332184584496676e-26
4630579858889199e-21
0.000628734208623924
9119207942657825e-20
0.1007902830621027
8645587386678504e-22
0.00011179277383388795
0.1151747337796274
0.0009276752028773488
0.011614051469207973
12200485157750644e-21
0.10433171871294646
0.08053444514175473
0.020483279004722917
31467351968761505e-21
0.00015340852522576209
1200667707449935e-22
0.013362864373647676
0.11565921031765948
8333314396917497e-24
11103085333943093e-21
9106191575825869e-21
9648611706636067e-20
10586209798287787e-21
0.11928954980980999
0.11515843628634105
0.005109735967014398
0.0015442349613991086
0.03885532254830465
0.0058242070263295476
6759612617630097e-20
0.027035101714052184
83224856624796e-18
0.0007200736355103268
0.06969839806128353
9970361651909538e-22
0.07527692727123858
0.073766432413035
0.001822396405340335
0.0005365890228928132
5829910035518401e-24
0.0010289698928967767
10390421110135559e-24
0.010098712304609245
0.027851740154356028
0.0009025057199559803
0.0003374379105569295
0.00015450851200446162
26181691653768658e-22
0.006059536456049168
0.029033635913646466
0.020684915646693926
11257175726581647e-24
0.06202007774818597
0.05961168945470524
0
0
8176769134131916e-20
6660970753169304e-20
10336363496710495e-22
759659433654816e-21
0.00019341906551919956
0.009591466852268884
0.0053411462681560605
15204233270591504e-24
0.00013146908297712967
7328637959206285e-21
0.051025380255192335
0.013100607272899103
0.08294858010110633
3845633272559499e-22
0.05441492895971687
0.007588198620096254
0.00012011885184602295
0.09690054228193767
0.0002962755684013739
18549559457229808e-29
8513582971396015e-20
37361326997324737e-22
0.00012468919849512717
0.015890557660910302
0.0038778621821993963
0.00016350532649052292
0.00015207555898095595
37998744859446254e-25
0.0005140273900738437
0.022045717090433042
1313513326658116e-23
0.0018003190292043738
0.001795295273699396
4418402780333719e-20
0.0877909623755825
4336917716277829e-20
0.11610913934502466
0.0019044512827818523
0.12222180273025617
0.0032840446287319435
0.0007000392141414566
0.000568735174653843
44747792668443535e-21
0.09842444558046501
1210173994147813e-20
2156683007712737e-20
0.00818401690884923
0.006373375563635587
21715983954481438e-24
8721709910529115e-20
0.003039702607064353
0.10144193912637281
0.028693517730547173
0.0001000956477012496
0.02211637535066515
0.00035390659227666307
0
0.09049776200345384
0.012079432326506837
0.10913259951432774
0.12079067491598677
0.115147432143079
0.047620919783599266
0.028209078432362783
0.06764599918470422
0.11161010515002481
0.06460335853604697
0.12258429251330832
0.12918148388004339
0.0007642058878895774
0.015314983143596162
0.10563809701887152
0.13016907068886652
0.1036460010900593
0.00029907985589316374
0.02577298761325719
0.1317531940097579
0.09146443215917822
0.1166258584069484
