2.877110013404844
123259287616049e-49
7156696510912892e-44
0
21544287219331227e-24
19841252448215162e-29
21587478210702735e-24
0
21650703031038845e-24
0
0.0011065612117616347
0
21.144850314368814
0
19.037695760559025
0
37.00873055994906
26.476982328676204
8352144646020294e-21
5196951348141759e-22
6525477355165136e-121
6.882086230779009
0.2046050334475749
23196942388210074e-47
0
3061843917475421e-30
23307561718290274e-33
0.0013476045954696318
0.0068084017882490775
0.0063749543736719705
0.011835987884670577
17588368808972202e-22
44351142690535785e-26
0.001109977194599688
1785945263008037e-21
8194456463867805e-23
16326406109806748e-30
35928142111866505e-31
4111105978524089e-30
3.8204677984720115
3.8170733024801793
0
1.141613462178516
0
3.631753754705791
3.6258428301137706
3.8611488007292385
0
4.548621234055323
0
4.370487022828429
0.2610398911914966
14.765409656705621
14.175714603364003
0.1706642865313731
33.82349161264876
24.9200145054078
0.7202756670896945
2286518875058523e-21
0.012112874616951817
0.17106376791552358
31.831147738790715
0.38690455623899334
0.2659530036808097
1.6452639601182482
0.16564206017788013
17.285791684155992
0
17.28256733340621
0
14.983516232380815
0.00041633288980396293
0.0004163030561214921
0.003193492576421183
5.101406409687304
0.12221494065230072
0.05375018954251974
0
0.000798860393985884
0.301167260458779
0.04539735990241494
0.016957130235253703
0.05283139630217164
0.0004293453768540895
0.00015370723870385122
0.0007482535452995551
1.8112386842284298
0.42161248809669827
0.0036438766021799924
0.0002741525151626168
0.0014713335053827784
0.004493179292399827
0.0045762661817907715
36884688887528e-21
0.05799962967599323
2.1243732464003626
0.013783577118192688
1953181778759659e-26
13944444123922924e-22
12452062169811964e-21
0
0.6017806232555476
0.20288679898979056
0.12477742779809593
0
0.24080385628774986
0.005668307086597424
0.05430918871811411
0
0.001293314983964469
0
0.11588386943553165
0.20517602460797066
0
0
0
0
16763931509791153e-22
0.3644700823020277
24054194451738945e-23
2382963169796784e-22
0.24221877282019624
0.07764294232219014
0.16513584099150772
0.4031927584798317
0.0006034597877424352
0.2936966885599061
0.0006938418112557885
0.319104793980441
8944879954569134e-22
7558881942651499e-20
0.5384949264721891
0.0007227204145188954
3917440719717381e-49
0.11957113340929182
0.00030413424602948353
0.1293277012289562
0.019391209870911287
0.043423864279298334
0.0004758027727668188
0.001782329194475101
0.17031502140837781
0.20931041787042592
0.17466279207628538
20056946537408877e-51
0.04989080955870047
0.0499026851040574
0.3090702017607902
0.4189017547688416
0.00019546216628186147
0.4193704390888905
0.7170708167658245
10.28311071071279
2.124614744809538
2.764898968866017
0.09126585192011949
0.435440105875039
2.6680543387522797
4.099104510374222
0.5953357074438862
4.950724521689454
6.876661417413558
1.9766221549603173
2.3714689473534976
2.7722239481315722
0.6813518750420626
26.66355959382225
618.5705719770951
4.001786700346926
1393.5738034078547
1.099961699534136
23.217622085813318
1.1544634633996518
44.5939003024272
1.3063359618993857
1.396722931243535
1.0999606834876126
0.6972353286401399
1.0276316599122126
1.1215558119598372
0
0.0007289987417125558
0.000621833751035307
0
0.0011197835795617266
0.0010867366317750182
0.0011519463470172284
0.000394953616605068
0.0014699740991902183
0.003261018879326925
0.0004910994868971041
0.002662757242768005
0.0003637555740783829
0.0011285195994329158
0.002136342462103898
0.006063177212616459
0.0008155750168179572
0.002483631083833733
0.0013643320500979334
0.002732982709891489
0.006136868374622681
0.0037258455066589177
0.003729673162675652
0.0034145036645753185
0.0019481228292349314
0.0018943762166222695
0.007343532736845746
0.021972636940906298
0.06254445840873173
0.03843652373834749
0.09010792756125441
9118386820355875e-20
0.009923965075801596
0.12723955543474036
4806061031596707e-21
0.06389658069103561
0.010713243962443006
0.001266631883345609
5486295621753808e-21
12044206595260531e-22
0.08300918949546697
0.07445368103796612
0.004112530533171196
0.03755533742133934
0.01951616812825808
0.005722947676966322
0.011842603729882726
0.00048245183454747605
0.09481866192585832
15699129959006504e-25
0.06737308631387487
0.0003416978690826022
0.009461921692880662
0.010701795926956975
0.0001570159888369979
0.00017082094773625522
0.07965736731966516
0.0003932199028881977
0.05087181470004497
0.12785647680730552
13179196187462194e-22
25861535563730947e-22
0.00014468752249656677
12571180186297517e-21
0.0005938301471200036
17002537557874686e-21
1443227294974524e-22
1004402210509834e-21
1907631275199693e-20
0.06580627499009586
0.0663838046762348
434963682688218e-19
0.00021259937960637612
0.01893328613634947
0.008041115747280165
0.0760796304528182
0.019469692980803983
27827431007891625e-21
0.1023074942928773
0.03596138898825567
5573472726677585e-22
0.12382655266917936
4458959881891018e-22
0.0037388969463265937
0.000980801798603086
2299456595295255e-27
0.12225675293058723
0.08213009035887611
0.01751922494541232
0.12508362080619287
0.0562972261937328
0.007306099205004961
0.1220410235695333
22332184584046848e-26
4630577924846664e-21
0.0006286984917109878
9119132916517789e-20
0.09938709754578316
864558671249241e-21
0.00011179164624607324
0.11308989898396976
0.0009275973832498824
0.011601477932648329
12200471731384678e-21
0.10278633117211759
0.07974530441253179
0.02044310875374113
31467262648986736e-21
0.0001534064016317581
1200667694447175e-22
0.013346133106068527
0.11354539041336856
8333314390653877e-24
11103074214313335e-21
9106184096298436e-21
964852771533066e-19
10586199689866127e-21
0.11356349957172103
0.1130745673282471
0.005107347277724462
0.0015440189566583225
0.03870172591981784
0.005821097358791061
675957139707158e-19
0.026963655233789914
8322423174715516e-20
0.0007200267754624371
0.06913848660760434
997036075528058e-21
0.06950918670755565
0.06803959062320679
0.0018220953428947407
0.0005365630145175797
5829910032452817e-24
0.0010288741241363704
10390421100397867e-24
0.010089247746494216
0.02777571068230723
0.000902432070922237
0.00033742763087490115
0.00015450635784111677
2618168547092485e-21
0.006056168169598325
0.028950696737524005
0.02064392499160228
11257175715151584e-24
0.05668989471778406
0.05922006489415104
0
0
8176708815621253e-20
6660930726990181e-20
10336362533044512e-22
7596593816038822e-22
0.0001934156893923881
0.00958294176051727
0.005338534614771996
15204233249740888e-24
0.0001314675234475278
732863311475032e-20
0.05074826826259734
0.013084538779160772
0.08210037264537873
38456331391686795e-23
0.05409551944209916
0.007582893439052102
0.00012011755001332577
0.09563926498627279
0.0002962676445829729
18549559457229497e-29
8513517580709594e-20
3736131440694626e-21
0.00012468779569452715
0.015866718648520017
0.003876491165305064
0.000163502914095941
0.00015207347213806147
3799874484642275e-24
0.0005140035243158622
0.02199895764998037
13135133251019403e-24
0.0018000252349679388
0.0017950031208945315
44183851697814265e-21
0.08681416907915772
43369007493284704e-21
0.11026596848090708
0.0019041224240677428
0.1196497393456727
0.003283062983332022
0.000699994927811229
0.0005687059541144306
4474761203994366e-20
0.0923355063078506
12101726731570125e-21
2156678812170805e-20
0.008177835347926127
0.006369646013787975
21715983911946212e-24
8721641283230308e-20
0.00303886217513482
0.10001357578863895
0.028612600743797668
0.00010009474376175585
0.022069305272195975
0.0003538952841962636
0
0.08944267613177365
0.012065812339139788
0.10312437001328612
0.11513206613375018
0.10927471131628887
0.04738269058238093
0.0281309945409889
0.06210846790945284
0.10564826351434015
0.059173989411467065
0.11701898846780193
0.12585410269021416
0.0007641531014420029
0.015292878091260637
0.10403671351403297
0.12530502974497684
0.10212920923379644
0.0002990717813027097
0.025708320143903347
0.1272985674981636
0.09038017909821548
0.11445255856813726
