5885696317293514e-22
37.059382467897294
143.08765734063178
0
4527.065614483126
0.002627287786669008
166.69706718967828
0
83.25579856971812
0
436.9800085951601
0
15.314179897884197
0
34.208541705867226
0
27.35030786807099
15.129486185322888
107.29144747559836
1017.2399938821209
2192494605764184e-20
27.019624903939125
1.1133137961848592
1.1189235022341701
0
6.4613540991595775
0.6551406500338037
8.46675019433144
0.0064183263389006205
2.8722639573837054
60.24964356617
21.7546308722266
651.4031783264835
0.3649651449339623
47.53768566130014
3.068210846526047
0.00010998575937800014
45.49067675478734
61.59015493961555
88.46831680787417
46.23788667298978
0
2.6906299894921113
0
270.6504185280858
22.194512191983012
0.5244009645796649
0
10.102987797402502
0
0.06750433658510212
11.655505224420017
26.906494491933223
25.770251037099808
18.417586732690122
1.4129568744568908
1780.6354598990054
2.07172569305237
0.03544652583475088
0.5049747683493833
10.659544924549499
51.68680259103372
0.9938074910212094
2.433113281340033
9306808473040314e-21
146689093507355e-19
161.46449842340962
0
267.02299918057145
0
9.214184728479728
0.02882619938680274
311.0971536184363
2.6246689744618807
3946893476389486e-32
0.4894182263212748
0.6437576879645919
0
7914213230429845e-20
9.07863357062883
0.1209207559947356
0.0020147982465853146
0.04760561338041817
0.008373050026719354
0.0006574659557228178
0.0017400919550655766
0.26579043599404834
0.6789518575379543
1.2174755000004733
0.0014040879044338373
0.003881605391799593
0.05562232952857327
0.022787562129377135
2.3018134471461265
0.036942086936200144
3.435912689345267
0.019623497253740504
0.04163752083449463
10.877124377121968
29136392629273498e-21
0
1.263461020409272
1.5563948780517731
0.22578875051667663
0
2.742837159384594
0.04677314623068657
0.0568053010400228
0
0.00044141325256116175
0
0.13422458990840855
1.23928586921783
0
0
0
0
2.9008258657047556
0.5656542382558447
1.2167270767875398
5.881737361550078
0.29602649909655077
1.4651042588965373
0.09898478351056529
0.4004233740193955
0.0014170999755969
5.5360825609929245
0.003693243753850247
1.6211261159822088
9046255962673552e-22
0.03435931740501697
1.8314196962538196
0.3537353615263213
0.6160467643323517
0.24001875768698908
0.8727276356012571
0.19961345990034862
0.000730952364610267
0.026758635703402377
1.0002565554598517
2.341180925921133
0.1330880096905133
0.12411603058877044
0.36672220347174384
0.03652357693710868
0.46729314831016233
1233.4943299002068
0.30851545179426754
0.6327062124336749
0.15892158613920843
43.771684858960825
0.3225123259281894
11.086024576697659
1.9907710425038545
2.813639864336004
0.184198781629073
0.46510589911020556
2.396493702488983
4.2310460091053015
0.9231754320273022
5.693105784886524
6.009986378280153
6.72436595435039
0.10321860695731906
4.309505789467732
0.34941252934542555
45.797201270553764
619.5851865946257
4.0023020049958165
10685.707940072216
1.099999999992165
23.219062873584797
1.1826269767942907
45.434359975852225
0.7420207670135238
1.0336284017717052
90.09341482600819
0.20251388303954646
1.1244992657666695
32.34421365585243
0
0.0012749196600246506
19521779102407896e-25
0
6492846837590425e-83
0.036175601017834305
0.05880955711465615
0.09960050215273547
0.04778745636871796
0.0451528580046929
0.0768954388837665
0.058755382444916605
0.0840248869409873
0.05620248572764077
0.05158910154598867
0.07991774330293322
0.06110198309085934
0.04687915890715104
0.054419294039647036
0.046752832337424124
0.059151217515887186
0.062862921164049
0.08823289532703593
0.05745180250484883
0.0445898959578583
0.0019047864261639567
0.0075037978605324756
0.023510324899833138
0.07836145181059957
0.04356974929884009
0.13157220901936448
9120779934164533e-20
0.010220105511298842
0.31429766449995583
4806127489089137e-21
0.08056456680966848
0.011059618049724586
0.0012712731889124292
5486382223185789e-21
1204424833166469e-21
0.11584447730784726
0.09898494055751075
0.004162073052933265
0.04243172090124705
0.020714658653839167
0.005819576893462063
0.012268071816447583
0.0004831229076644846
0.6896630729817106
15699130029916506e-25
0.08638163026427668
0.0003420342892344209
0.009730559386966193
0.011047411909044381
0.00015708696925684454
0.00017090496314799695
0.8031839702848877
0.00039366552344950013
0.06055355950290616
0.3514113033597381
1317924616060882e-21
25861727992429625e-22
0.00014474779092121475
12571634893721449e-21
0.000594847322454267
1700336935178089e-20
14432278942494784e-23
10044051130188752e-22
19077359834744338e-21
0.0837320126162547
0.08470321423385675
4350181259213635e-20
0.0002127295400693355
0.02005805383590157
0.008233882297694275
0.1020394122406302
0.020662211368986022
27829659210967616e-21
0.16398835386243307
0.040393201828004884
5573481664036198e-22
0.4432065851142493
4458965602263967e-22
0.0037797787297650155
0.000983581272040882
2299456595310469e-27
0.4623036643926363
0.7842807616536507
0.018475682482789756
0.425636733182734
0.9999994114305412
0.007464707804174639
0.2519632062400839
22332184598396069e-26
4630639617784605e-21
0.0006298387986407464
9121526422044378e-20
0.15543449625074746
8645608217863602e-22
0.00011182761991056517
0.20252810051337172
0.0009300829118502935
0.012009340039193057
12200900016019113e-21
0.16545036162047835
0.10917407734064342
0.021764139937695652
3147011191694018e-20
0.00015347415501730725
1200668109212303e-22
0.013890297778755155
0.2045018109832186
8333314590452377e-24
11103428916344873e-21
910642268303654e-20
9651207249922995e-20
10586522135414542e-21
0.5453821173715858
0.20246232593738275
0.005184095367439987
0.0015509240387416377
0.043913819407007705
0.005921113275200934
6760886383942426e-20
0.02933847713382865
8324416655218096e-20
0.0007215230320643873
0.0894246128039986
9970389356199852e-22
0.8837892495212819
0.8959768646703908
0.0018317232573148304
0.0005373932573008321
5829910130239597e-24
0.0010319333754155297
1039042141101322e-23
0.010395566956311752
0.030306328338707663
0.0009047843094216707
0.0003377556889462269
0.00015457508664864188
26181882693438237e-22
0.006164538882674389
0.03171681632041844
0.021992369240619807
11257176079750309e-24
0.9962928712720671
0.07307674768511777
0
0
8178633088835985e-20
6662207609923247e-20
10336393272330933e-22
7596610419384707e-22
0.00019352341091921326
0.009858647874920173
0.0054224744452648944
15204233914838533e-24
0.00013151727880431505
73287876459146965e-22
0.060375575053585824
0.013606939804993645
0.11395499122494644
38456373941024813e-23
0.06527062595267082
0.007753961252281425
0.00012015908313011793
0.14525679773111427
0.00029652050485546547
18549559457239284e-29
8515603675605696e-20
37361716019865784e-22
0.00012473255033359075
0.01664505881988767
0.003920463981922386
0.00016357988276403484
0.0001521400528536204
3799874526185003e-24
0.0005147653461610703
0.023540533482316904
13135133747411924e-24
0.0018094204213188123
0.0018043457501137298
4418946949877414e-20
0.12404818422934241
4337441997749057e-20
0.5724749564164271
0.0019146404737032023
0.23580523881827148
0.003314520813181525
0.0007014089651221527
0.0005696387779509685
4475337412928963e-20
0.7080143516558487
12102148111402676e-21
21568126465681474e-21
0.008377336313233626
0.00648969450858828
2171598526874518e-23
8723830638947909e-20
0.003065785327073918
0.15721971921888703
0.031309723645205255
0.00010012358185780788
0.023621298982168554
0.0003542561701018602
0
0.1300182221268503
0.012507928279856825
0.6278279879174464
0.5319407659476438
0.5803806274159129
0.055602718576290115
0.03073155662826182
0.9468861174112702
0.6086295830713144
0.9732557079051349
0.5151270640538104
0.2893120931949599
0.0007658386940411437
0.016013965198090677
0.16935488873685817
0.4222240481703919
0.16344852402733026
0.0002993294539337629
0.027853306737206183
0.38133591301038317
0.1322134321291653
0.20855147299717197
