1959385128978746e-21
37.030149166096486
143.08428242718156
0
4481.504018200386
0.002674487212981556
167.8266177862917
0
83.2852269188142
0
484.8827947192337
0
15.749855321370037
0
34.20828070402166
0
27.35131083786495
15.147521956932675
108.68194977196688
1013.1492849886296
27971690137700704e-21
43.37077047008776
1.6918195644212604
1.1188896702973548
0
6.461326703218329
0.655121448338495
8.46301317519615
0.006418755316832301
2.8728022063763032
60.22808550013114
21.803098939738256
643.34869788996
0.36518685972214077
47.6808371628605
3.0542622584930643
0.0001094622185747424
45.489120198289505
61.588537617669665
88.37421641120741
46.24054478564875
0
2.6904579423550214
0
270.5289803130758
23.152033048693287
1.4010978742441489
0
10.128069804857185
0
0.21617100541840825
11.650580117584191
26.94585950014821
25.813256626695928
18.417412849284
1.7866358863276686
1774.1934902488815
2.0722735778376578
0.03550675382691802
0.5033697446993382
10.63353298920268
51.686449580089594
0.9938107132971735
2.4332273023588646
3090670659491004e-20
486987108102751e-19
179.99269442799468
0
267.0796680686405
0
9.199280869389192
0.028779373688317463
310.9636891178617
4.471554012944228
19179998553215014e-30
0.7499379530933371
1.3471140258432646
0
7923156487724139e-20
9.06155299106971
0.1204840885174159
0.0020139541707001243
0.04761474484574108
0.008371482236987096
0.0006573026563616674
0.0017400810216567253
0.2650123897255874
0.6789511920878362
1.2142591807464116
0.004080146406586449
0.0067870475823539065
0.08465394119013074
0.022738047352102213
2.30175739127688
0.03682948778398739
3.43658408669946
0.01955366981325609
0.04148770411051432
10.878076707028995
7722368411935218e-20
0
1.2634634864025756
1.556363226087813
0.2258335914432016
0
2.742832856565965
0.046619795762769235
0.05679131416499452
0
0.0005177729855896101
0
0.13422457407195526
1.2392848858013836
0
0
0
0
2.887962487615937
0.5656560089589237
1.216706364631282
5.881710815340607
0.29602865986347643
1.462614829365058
0.09898648627406623
0.4005215958678511
0.0014545040395331763
5.535977835521209
0.003693268086047505
1.621132931066563
904626015663191e-21
0.034265670543719255
1.831451093494086
0.35284389344707356
0.6153647047250633
0.23962044677577538
0.8727251384622638
0.19961369034881468
0.0007275546516610254
0.026672367112179667
1.0002499665193934
2.3410933242702385
0.13308864846637386
0.12376106314497941
0.36542479018194296
0.03639991434668965
0.4654127981096126
1231.4060732487515
0.3088954920114391
0.6327060012940435
0.1589095060110581
43.77642651011188
0.32169526097928175
11.04506591795339
1.990772180561522
2.8136378849595016
0.18419975206260583
0.46359674621567404
2.396496011445695
4.231041047882636
0.9231784719942331
5.6750665758973105
5.98601290167908
6.703306535723698
0.3174700669144879
4.291530042000784
0.3484698799658723
45.65207435771076
619.5851861108104
4.002302004750281
10685.6975689838
1.0999999999739163
23.21906287289831
1.1826269632132596
45.43435957166026
0.7529223461703529
1.0881289556270004
89.986418111951
0.2026132446331963
1.1244992175027073
32.48860367886351
0
0.0012712944101859
6489664477556611e-24
0
5363329856918917e-72
0.03599919738395433
0.05852277978194155
0.0991285144825295
0.0475617340549542
0.04500320971199671
0.076525356098392
0.05846895012751339
0.08362232610531133
0.055928438745726824
0.05133976000053401
0.07952805663895113
0.06080401136270066
0.04665462032090475
0.05415722639818343
0.04653027538094579
0.05887275920313837
0.06256231118010981
0.08780296035505021
0.05717893268192723
0.04437245776629308
0.0019047864211903481
0.007503797783345992
0.023510324142134918
0.0783614433930836
0.04356974669658944
0.13157218528884024
9120779933024171e-20
0.0102201053681164
0.31429752908666264
48061274890574726e-22
0.08056455791218572
0.011059617882053079
0.0012712731866970056
54863822231445285e-22
12044248331644805e-22
0.11584445891158174
0.09898492712623536
0.004162073029186831
0.042431718433161014
0.020714658065626237
0.005819576847036004
0.012268071610132193
0.0004831229073445256
0.6896624209737137
15699130029916477e-25
0.08638162003554482
0.0003420342890740527
0.00973055925717219
0.011047411741742778
0.00015708696922301786
0.00017090496310795747
0.8031830859657243
0.00039366552323706145
0.06055355447649098
0.3514111340778695
13179246160585012e-22
2586172799233794e-21
0.00014474779089249353
12571634893504795e-21
0.000594847321969213
17003369351384567e-21
14432278942491923e-23
10044051130174922e-22
19077359834245436e-21
0.08373200300539886
0.08470320439875667
4350181258954221e-20
0.0002127295400073008
0.02005805328438751
0.008233882204757346
0.10203939796764229
0.020662210783747907
2782965920990593e-20
0.1639883169982163
0.040393199591367585
557348166403194e-21
0.44320631584212544
4458965602261241e-22
0.0037797787101805473
0.0009835812707147111
2299456595310469e-27
0.46230337141554845
0.7842799184701563
0.01847568201486073
0.42563648483672206
0.9999980406167904
0.007464707727790248
0.25196311921323733
22332184598396066e-26
463063961775521e-20
0.0006298387980969481
9121526420903829e-20
0.15543446313200646
8645608217853357e-22
0.00011182761989342259
0.2025280442857679
0.0009300829106644638
0.012009339841488222
12200900015815056e-21
0.1654503240960193
0.10917406100192226
0.021764139288370808
3147011191558257e-20
0.00015347415498501862
12006681092121055e-23
0.013890297514269505
0.20450175365435758
8333314590452283e-24
11103428916175868e-21
9106422682922865e-21
9651207248646143e-20
10586522135260909e-21
0.5453817096339786
0.20246226974629483
0.005184095330599533
0.0015509240354443254
0.04391381676349485
0.005921113227140713
6760886383315829e-20
0.029338475953904368
8324416654268178e-20
0.000721523031350747
0.0894246018419143
9970389356186225e-22
0.8837881788000925
0.8959757642147033
0.0018317232527154557
0.0005373932569049522
5829910130239549e-24
0.0010319333739557666
1039042141101307e-23
0.01039556680817072
0.030306327079649902
0.0009047843082994735
0.0003377556887898458
0.00015457508661588837
26181882693344263e-22
0.00616453883058129
0.031716814941437764
0.021992368577605288
11257176079750135e-24
0.9962915106014415
0.07307674036467375
0
0
8178633087919045e-20
6662207609314807e-20
10336393272316285e-22
7596610419376794e-22
0.00019352341086787442
0.009858647741686592
0.00542247440495849
1520423391483822e-23
0.0001315172787806043
7328787645841067e-21
0.060375570056675404
0.013606939551188784
0.11395497342389298
38456373941004543e-23
0.0652706201126478
0.007753961169862634
0.0001201590831103258
0.14525676880754199
0.0002965205047349373
18549559457239284e-29
8515603674611643e-20
37361716019674413e-22
0.00012473255031226327
0.016645058440092293
0.0039204639608529
0.00016357988272735404
0.0001521400528218907
3799874526184982e-24
0.0005147653457978269
0.023540532722670288
1313513374741169e-23
0.0018094204168307587
0.0018043457456508162
44189469496097334e-21
0.12404816313529958
4337441997491159e-20
0.5724745071624123
0.0019146404686780016
0.23580516259529666
0.0033145207981216795
0.0007014089644477464
0.0005696387775061548
4475337412654408e-20
0.7080136644875785
12102148111201904e-21
215681264650438e-19
0.008377336217030115
0.006489694450854829
21715985268744538e-24
8723830637904648e-20
0.0030657853141895686
0.15721968533501504
0.03130972230139648
0.00010012358184406584
0.023621298217300433
0.0003542561699298264
0
0.13001819895357367
0.012507928065395107
0.6278274475859006
0.5319403780603693
0.5803801656681538
0.05560271433819153
0.030731555333624497
0.9468848883473661
0.6086290752802016
0.9732544094322546
0.5151267002998593
0.28931197845566714
0.000765838693237148
0.016013964846549045
0.16935484942039214
0.4222238037908094
0.16344848740541904
0.0002993294538109404
0.027853305673718347
0.3813357136704057
0.13221340816677385
0.20855141337531202
