9243133158858603e-21
36.87516511728455
143.06633429569018
0
4244.778821149442
0.002911658555157848
173.14528147546847
0
83.44722331516499
0
630.741445032696
0
17.83592147774128
0
34.20697526870457
0
27.35665143293888
15.241149075426291
115.45142718266356
991.8015356859461
9035424494628704e-20
56.368673183439554
2.077720650002053
1.1187101094951473
0
6.461181131503121
0.6550197894554616
8.443135976976317
0.0064210466759966525
2.87566863617242
60.11335758234735
22.009786509723742
601.8621778006764
0.36637223554131787
48.30638870942618
2.9812380251763178
0.00010647398482988589
45.480848816058554
61.57994366085111
87.85042729898028
46.25456022102234
0
2.6895820953775673
0
269.83380364698473
25.814910885351665
3.231812317909277
0
10.260589477847464
0
0.8494399650179145
11.630521536449292
27.150125941007357
26.036698372987416
18.416481882560625
3.942643904487979
1748.8559966837724
2.074103254270999
0.03603641273541836
0.49637171848248585
10.548538529830392
51.68449284803715
0.9938313713282024
2.4330508288371715
0.00014415329893010365
0.00022690480181943737
237.35310530029295
0
267.3652630502763
0
9.121925821834715
0.028628729291511768
310.27360939065454
6.079432821034073
3225428397342746e-26
0.9410514855722842
2.3166564322495407
0
7946422803151916e-20
8.971543459554773
0.1182096125650057
0.0020094710087641744
0.04764993069032755
0.008363171707831595
0.0006564407416774588
0.0017400233473840365
0.26094582431930313
0.6789476667591752
1.1970504682707614
0.015115448833159139
0.009525413915447556
0.1047953041331696
0.02247782543234184
2.3014584902745616
0.03624103140817747
3.4387211143859475
0.019189888199674463
0.04070796775660762
10.880836928210673
0.00020998721496101713
0
1.263476483977657
1.5561956583094516
0.22600609626530774
0
2.7428100773255006
0.04579602067923902
0.056708488889572556
0
0.0008388554392810508
0
0.13422449055809735
1.2392797587349447
0
0
0
0
2.820023850904609
0.5656652884242166
1.2165961438624089
5.881569758995188
0.2960401404335445
1.4494921104124703
0.09899546673610846
0.40083843362232324
0.0016517281962323742
5.53542370793512
0.0036933970589807684
1.6211691383488673
9046282418585939e-22
0.033958925456365155
1.8316161943986922
0.34817434523359614
0.6117559264530671
0.23749396741608375
0.8727118450101411
0.1996149148036808
0.0007099871253531755
0.026221920237799345
1.0002150570413983
2.3406268272571964
0.13309204102041675
0.12190345154000581
0.3586639150145191
0.03575486626401372
0.4556438959764
1220.2965942243688
0.31088526684760115
0.6327048835300084
0.15884522872790902
43.787590069053195
0.3174118753668465
10.831837367089722
1.99077791057965
2.8136267273706754
0.1842048374986607
0.4557181105827014
2.396507635207347
4.231013083726119
0.923194403714066
5.580900516785338
5.861452257759471
6.593282112220615
1.0595773275300637
4.198229666000794
0.3435319215200718
44.89443590808556
619.5851835400864
4.0023020034456405
10685.642462980451
1.0999999998769523
23.219062869250664
1.182626891051248
45.434357424009946
0.8045240171359637
1.2239870427952724
89.41596224527841
0.20314081962206273
1.1244989610550402
33.23062647902493
0
0.001252321042233395
3038433182234564e-23
0
40586414068799e-56
0.03508762977015856
0.05704071247023103
0.09668717982752459
0.04639411499144513
0.04422229225209465
0.07461200861284242
0.056988621053384425
0.08154077124194556
0.05451216186885453
0.0500508191841432
0.07751415611927473
0.05926409728153352
0.04549358305625173
0.0528023627844399
0.045379274791853656
0.057432183891204254
0.061007851143761324
0.08558102537963433
0.05576772924912126
0.04324873729118459
0.0019047863947633705
0.007503797373220133
0.023510320116150122
0.07836139866711955
0.04356973286968532
0.13157205919815834
912077992696492e-19
0.0102201046073249
0.3142968095770219
48061274888892256e-22
0.0805645106359476
0.01105961699114038
0.001271273174925482
5486382222925286e-21
1204424833153915e-21
0.11584436116414899
0.09898485575996896
0.0041620729030115424
0.042431705319132484
0.020714654940191486
0.005819576600353854
0.012268070513887487
0.00048312290564444247
0.6896589565776664
15699130029916293e-25
0.08638156568579618
0.00034203428822194556
0.009730558567519379
0.011047410852795536
0.00015708696904328184
0.00017090496289521011
0.8031783872038618
0.00039366552210828046
0.06055352776893473
0.351410234609922
131792461604585e-20
2586172799185078e-21
0.00014474779073988498
12571634892353624e-21
0.0005948473193919073
17003369349278734e-21
14432278942476753e-23
10044051130101442e-22
19077359831594548e-21
0.08373195193869662
0.08470315214054636
43501812575758405e-21
0.00021272953967768307
0.020058050353950026
0.008233881710942427
0.10203932212898867
0.020662207674119654
27829659204264733e-21
0.16398812112249384
0.04039318770712811
5573481664009313e-22
0.4432048850831764
4458965602246761e-22
0.003779778606119628
0.000983581263668179
2299456595310469e-27
0.4623018147020292
0.7842754382791428
0.018475679528547406
0.4256351652671324
0.9999907569095585
0.007464707321926255
0.25196265680167823
22332184598396027e-26
4630639617599024e-21
0.0006298387952075079
9121526414843583e-20
0.15543428715763
8645608217798914e-22
0.0001118276198023362
0.20252774552394298
0.0009300829043636266
0.012009338790995196
12200900014730786e-21
0.16545012471214207
0.1091739741871232
0.02176413583822149
3147011190836899e-20
0.0001534741548134549
12006681092110551e-23
0.013890296108940532
0.20450144904107462
8333314590451775e-24
11103428915277876e-21
9106422682318847e-21
9651207241861639e-20
10586522134444594e-21
0.5453795431491449
0.20246197117849465
0.00518409513484994
0.001550924017924251
0.043913802717346455
0.005921112971775555
6760886379986462e-20
0.029338469684446446
8324416649220836e-20
0.0007215230275588607
0.08942454359554243
9970389356113823e-22
0.883782489607388
0.8959699170303921
0.00183172322827695
0.0005373932548014675
58299101302393014e-25
0.0010319333661994018
10390421411012281e-24
0.010395566021032041
0.030306320389720982
0.0009047843023367449
0.00033775568795892395
0.00015457508644185455
2618188269284497e-21
0.006164538553787658
0.031716807614305564
0.021992365054716703
1125717607974921e-23
0.9962842807887627
0.07307670146793459
0
0
8178633083046938e-20
6662207606081912e-20
10336393272238462e-22
7596610419334759e-22
0.00019352341059508852
0.009858647033757752
0.005422474190792782
1520423391483654e-23
0.0001315172786546188
7328787645449851e-21
0.06037554350589088
0.013606938202611578
0.11395487883908233
38456373940896837e-23
0.06527058908203562
0.007753960731935198
0.00012015908300516153
0.14525661512392757
0.0002965205040945181
18549559457239284e-29
8515603669329795e-20
37361716018657694e-22
0.00012473255019894124
0.016645056422071897
0.003920463848901417
0.00016357988253245268
0.00015214005265329662
3799874526184876e-24
0.0005147653438677549
0.02354052868633282
1313513374741043e-23
0.0018094203929837523
0.0018043457219373829
4418946948187428e-20
0.12404805105339592
43374419961208375e-21
0.5724721200833741
0.0019146404419768878
0.23580475758938776
0.0033145207181020735
0.0007014089608643279
0.0005696387751426637
44753374111955705e-21
0.7080100132703215
12102148110135112e-21
2156812646165551e-20
0.008377335705858418
0.006489694144091522
217159852687411e-22
8723830632361335e-20
0.0030657852457293337
0.15721950529516435
0.031309715161148055
0.00010012358177104821
0.023621294153218814
0.0003542561690157347
0
0.13001807582379177
0.012507926925865392
0.6278245765736097
0.53193831704875
0.5803777122045837
0.055602691819307784
0.030731548454645676
0.9468783578149003
0.6086263771689069
0.973247510101549
0.5151247675188076
0.2893113687959045
0.0007658386889651654
0.016013962978653252
0.16935464051480084
0.42222250529655275
0.1634482928171719
0.0002993294531583302
0.027853300022938548
0.3813346544908332
0.1322132808440802
0.20855109657832963
