1307508125424643e-20
36.79393282728628
143.0568812594908
0
4123.9035586108475
0.0030278124300327294
175.55139335486345
0
83.5357787995925
0
672.3504601202757
0
18.74403973485975
0
34.20633690416762
0
27.35946857683519
15.288946110067943
118.65147683248513
980.8337081294812
0.00015591588248128015
57.886934412633586
2.104910246906195
1.1186153302033863
0
6.4611045434882834
0.6549660277042129
8.432664672074562
0.006422258317415955
2.8771798210515587
60.052877872203055
22.094332726809128
580.920449204691
0.36700002131162535
48.57030919727353
2.943595909902743
0.00010481053936699864
45.4764967981332
61.57542213970629
87.5616089604324
46.26185763781458
0
2.6891446968955766
0
269.4548278750496
26.592104135258694
3.6031056570517563
0
10.329739553204274
0
1.1053679453345087
11.6224940783412
27.25460633206243
26.15117130494621
18.415989119818832
5.178616028620843
1739.112218569896
2.0746323319089144
0.036395988820994485
0.4933060988759527
10.525563836972381
51.683409861602215
0.993844596007937
2.4325043308890963
0.00020290523108160057
0.0003192872386764376
253.97269606779187
0
267.5013050479203
0
9.082331326667058
0.028588453853433938
309.928209222851
6.2742708704346715
16076369201828137e-26
0.9627435683199416
2.4772616520015958
0
7945546771762253e-20
8.924685790048423
0.11704407106052415
0.002007116323839169
0.04766081519031376
0.008358816181819448
0.0006559896285597867
0.0017399926882998677
0.2588528796085417
0.6789458190372242
1.1880320388145507
0.01998475989792642
0.009887589865668097
0.10660406912087476
0.022343079849401815
2.3013005514497094
0.035938317800256726
3.4392719186071727
0.01900346255482188
0.04030879515246948
10.88136473849313
0.0002484854865636508
0
1.263483273720899
1.556106004318635
0.22605923711903894
0
2.742798145339487
0.04535962427096811
0.05666310134754606
0
0.0009743931150448179
0
0.13422444704051742
1.2392770909879862
0
0
0
0
2.784629003833106
0.5656700845415539
1.2165380484250197
5.881495546747694
0.2960461799473624
1.442664246781016
0.09900022597483155
0.40092269906808836
0.0017523943176757319
5.535130497376907
0.0036934651069411603
1.6211881839525466
9046294115582108e-22
0.03387536596567327
1.831704226075271
0.34576433175656285
0.6098692849727363
0.23636602954569033
0.8727048345478309
0.1996155589707937
0.0007010686630775352
0.025990373912811206
1.0001967583214617
2.3403809045781108
0.13309382479683776
0.1209458396961943
0.3551973718071853
0.035423711144100076
0.4506542710056168
1214.443069039068
0.3119124701754082
0.6327042982200223
0.15881136237933594
43.78782680331959
0.3151988379395703
10.722643101536638
1.9907807146193999
2.8136204341558875
0.18420746580248676
0.4516690718925758
2.396513322263985
4.23099731227501
0.923202638477454
5.53250103187013
5.79782306890126
6.536683539041538
1.293370745816439
4.150631882427912
0.34098315674760266
44.504822077086224
619.5851821876398
4.002302002759274
10685.613472066325
1.09999999982594
23.219062867331658
1.18262685308713
45.43435629414051
0.8277980977726722
1.2561872332713255
89.11454695853979
0.20341812002767062
1.124498826139101
33.605643944839855
0
0.0012425390079812476
4281207752173889e-23
0
4307259032915078e-55
0.03462513862738771
0.056288739293985396
0.09544714521469347
0.04580099261455334
0.043821173643505976
0.07364072655274576
0.05623750075833454
0.08048391229588639
0.05379356946002867
0.04939661549206325
0.0764923424829961
0.05848277564095015
0.044904096739838285
0.05211461238621873
0.044794749665090165
0.05670029974437138
0.060218566606077537
0.08445363977304267
0.055051064189986905
0.04267858365180654
0.001904786380860253
0.0075037971574547155
0.023510317998097337
0.07836137513699505
0.04356972559541306
0.1315719928624486
9120779923777173e-20
0.010220104207075828
0.31429643104679683
4806127488800713e-21
0.08056448576413591
0.01105961652243512
0.0012712731687325347
548638222280994e-20
12044248331483566e-22
0.11584430973968375
0.09898481821450789
0.004162072836631276
0.04243169841990087
0.020714653295914078
0.005819576470575454
0.012268069937157964
0.0004831229047500361
0.6896571339809903
15699130029916198e-25
0.086381537092644
0.0003420342877736558
0.00973055820469606
0.011047410385124294
0.00015708696894872347
0.00017090496278328464
0.8031759152167582
0.00039366552151443365
0.06055351371821051
0.35140976140467894
13179246160391944e-22
2586172799159449e-21
0.00014474779065959823
12571634891747996e-21
0.0005948473180359981
17003369348170866e-21
14432278942468773e-23
10044051130062783e-22
19077359830199925e-21
0.08373192507273962
0.08470312464774257
435018125685068e-19
0.00021272953950427263
0.02005804881225981
0.008233881451148561
0.10203928223062614
0.02066220603815797
27829659201296923e-21
0.1639880180732238
0.040393181454882916
557348166399741e-21
0.4432041323689827
44589656022391417e-23
0.0037797785513736326
0.0009835812599610291
2299456595310469e-27
0.4623009957239353
0.7842730812804496
0.018475678220508936
0.4256344710489644
0.999986925004224
0.007464707108402986
0.2519624135293129
22332184598396012e-26
46306396175168555e-22
0.0006298387936873861
9121526411655315e-20
0.15543419457835744
8645608217770274e-22
0.00011182761975441607
0.20252758834682583
0.0009300829010487836
0.012009338238335429
12200900014160355e-21
0.1654500198172496
0.10917392851426347
0.02176413402311319
31470111904573954e-21
0.000153474154723196
12006681092105024e-23
0.013890295369603144
0.20450128878553608
8333314590451509e-24
11103428914805447e-21
9106422682001075e-21
9651207238292337e-20
10586522134015132e-21
0.5453784033743706
0.2024618141034529
0.005184095031866935
0.0015509240087070164
0.0439137953277308
0.005921112837429064
6760886378234896e-20
0.029338466386112493
8324416646565451e-20
0.0007215230255639657
0.08942451295239526
9970389356075734e-22
0.8837794965626017
0.8959668408675269
0.0018317232154199598
0.0005373932536948336
5829910130239169e-24
0.0010319333621188122
10390421411011866e-24
0.010395565606921836
0.03030631687017912
0.0009047842991997793
0.00033775568752177955
0.00015457508635029608
26181882692582297e-22
0.00616453840816774
0.03171680375953393
0.0219923632013406
11257176079748724e-24
0.9962804772368818
0.07307668100453796
0
0
8178633080483744e-20
66622076043811e-18
1033639327219752e-21
7596610419312645e-22
0.0001935234104515771
0.009858646661319496
0.00542247407812114
15204233914835658e-24
0.00013151727858833835
7328787645244032e-21
0.06037552953764354
0.01360693749313104
0.11395482907845718
38456373940840176e-23
0.0652705727569717
0.007753960501543495
0.00012015908294983503
0.14525653427171306
0.00029652050375759633
18549559457239284e-29
8515603666551036e-20
37361716018122806e-22
0.00012473255013932302
0.016645055360400264
0.003920463790004232
0.0001635798824299159
0.00015214005256460004
379987452618482e-23
0.0005147653428523524
0.023540526562833546
13135133747409765e-24
0.0018094203804379456
0.001804345709461849
4418946947439159e-20
0.12404799208763555
4337441995399918e-20
0.5724708642554909
0.0019146404279295488
0.23580454451782334
0.0033145206760041073
0.000701408958979107
0.0005696387738992415
4475337410428082e-20
0.7080080923883937
12102148109573875e-21
21568126459872953e-21
0.008377335436933229
0.0064896939827046906
2171598526873929e-23
8723830629445022e-20
0.003065785209712702
0.15721941057706626
0.03130971140469513
0.00010012358173263395
0.023621292015123464
0.00035425616853483496
0
0.13001801104579694
0.012507926326363817
0.6278230661518259
0.5319372327627249
0.5803764214522554
0.055602679972224844
0.030731544835645514
0.946874922148311
0.6086249577091148
0.973243880413366
0.5151237506940307
0.2893110480570761
0.0007658386867176939
0.016013961995961504
0.16935453061058311
0.4222218221659863
0.1634481904452361
0.00029932945281499474
0.027853297050088384
0.38133409726225714
0.13221321386021517
0.208550929913011
