15972386967562742e-21
36.73268906689079
143.0497290557936
0
4034.1948651379885
0.0031119660179260364
177.2205272026252
0
83.60404855258281
0
696.0483418208211
0
19.3540853623011
0
34.20587304120363
0
27.36160191820735
15.324442330913076
120.92932744386805
972.6618046732694
0.00022907575618516188
58.58030038634527
2.111347569383937
1.1185434816750381
0
6.461046634349228
0.6549252000394656
8.424741011443942
0.006423176482459396
2.8783233906269525
60.00709388666838
22.150013748911718
565.4895870067318
0.3674762860326401
48.74729363112543
2.9155089227867803
0.00010352505408421791
45.47320605220042
61.572003326002516
87.33936994820456
46.26733929570862
0
2.6888240468109683
0
269.16501689089614
27.059470078667292
3.7934237823091297
0
10.381752392700118
0
1.2735360344690365
11.61717729999148
27.332366925663056
26.236450186348733
18.41561579193256
6.152782833716802
1732.7806721562063
2.0749065252329233
0.03669041081503025
0.4911644935937815
10.514614448507096
51.68256711403823
0.9938556396731526
2.4319431887035825
0.00024703059309108094
0.00038866038498757457
263.4987514473373
0
267.5978893356976
0
9.052795761013954
0.028569506567009646
309.6729653534451
6.3660873511967235
4041884782241159e-25
0.9727048106708573
2.557145834898113
0
7940468125395437e-20
8.889479830019878
0.11617708261786899
0.0020053391438783577
0.04766666748368723
0.008355530212851589
0.0006556493417171484
0.0017399693042917178
0.2572920755434994
0.6789444250867243
1.1812586911264822
0.023378660821626977
0.010060508746403504
0.10725896071009879
0.02224225980303834
2.3011808285684565
0.03571264482434938
3.439522003322093
0.018864790906238608
0.04001204687574681
10.881494888024815
0.0002708711446690662
0
1.2634883874029734
1.556037384021251
0.226087691146062
0
2.7427891458078757
0.04502891491635475
0.056628384177858586
0
0.0010676136572385906
0
0.1342244143246206
1.2392750839221114
0
0
0
0
2.758061448625072
0.565673672337481
1.2164940747636843
5.881439434024451
0.296050746209429
1.4375390997904491
0.09900384796735474
0.4009624374128832
0.001826913431563843
5.5349077161093305
0.00369351668634655
1.621202582854944
904630295286708e-21
0.033835131707424214
1.8317715476250018
0.3439640703138994
0.6084490669455243
0.23550803452088725
0.8726995263301776
0.1996160460143869
0.0006944712174173738
0.02581782136616293
1.0001829529301987
2.3401948368775933
0.13309517303004903
0.12023099986317222
0.3526179144305434
0.0351771148399584
0.4469499121608268
1210.0133815392805
0.31268033412511753
0.6327038569065505
0.15878573607597085
43.78636744317643
0.31354467399176567
10.641451155278578
1.990782740282156
2.8136154869775534
0.1842094318838439
0.4486520415241074
2.3965174300904475
4.230984914625122
0.9232087987830377
5.496431810511636
5.750580667757815
6.494486576199979
1.4288761446598683
4.115319515502511
0.3390791252579927
44.21438148019063
619.5851811650654
4.002302002240318
10685.591552317168
1.09999999978737
23.219062865880712
1.182626824382761
45.434355439855175
0.843909118175439
1.273488815401518
88.88605726640996
0.20362766832222856
1.1244987241302533
33.882791318733176
0
0.0012352364061203552
5214420359248405e-23
0
2278209666746651e-53
0.03428312174428599
0.055732640380362096
0.09452953094872267
0.045362066148443805
0.04352238565835718
0.07292223407093773
0.05568201978094987
0.07970203347709356
0.05326215625615717
0.04891272401737138
0.0757366920229909
0.057904973611297476
0.04446798766577003
0.05160586977296529
0.04436225254586363
0.05615863926063873
0.059634623578104666
0.08361990869503913
0.054520796555431635
0.042256944319117404
0.0019047863703482157
0.007503796994316191
0.023510316396654473
0.07836135734605829
0.04356972009539403
0.1315719427065642
9120779921366944e-20
0.010220103904450675
0.3142961448433836
4806127488733789e-21
0.08056446695876048
0.011059616168050786
0.0012712731640500963
54863822227227315e-22
12044248331441538e-22
0.11584427085806658
0.09898478982669054
0.00416207278644168
0.04243169320344702
0.020714652052688992
0.0058195763724510335
0.01226806950109734
0.00048312290407378263
0.6896557559332249
15699130029916126e-25
0.08638151547359357
0.0003420342874347073
0.009730557930368222
0.011047410031521772
0.00015708696887722863
0.00017090496269865868
0.8031740461718692
0.00039366552106543084
0.06055350309457097
0.35140940361835227
13179246160341622e-22
2586172799140071e-21
0.00014474779059889413
12571634891290088e-21
0.0005948473170108058
1700336934733321e-20
1443227894246274e-22
10044051130033554e-22
19077359829145467e-21
0.08373190475960728
0.08470310386065655
43501812563023915e-21
0.00021272953937315835
0.02005804764660008
0.008233881254720476
0.10203925206379946
0.020662204801220337
27829659199052983e-21
0.163987940158527
0.04039317672761031
5573481663988411e-22
0.4432035632485701
44589656022333813e-23
0.003779778509980618
0.0009835812571580827
2299456595310469e-27
0.462300376502025
0.7842712991770416
0.01847567723151143
0.425633946156838
0.99998402774059
0.007464706946959731
0.2519622295931533
22332184598395996e-26
463063961745473e-20
0.0006298387925380338
912152640924469e-19
0.15543412457993666
8645608217748616e-22
0.00011182761971818405
0.20252746950652897
0.0009300828985424572
0.012009337820473757
12200900013729056e-21
0.1654499405070934
0.10917389398138737
0.021764132650724227
31470111901704566e-21
0.00015347415465495192
1200668109210085e-22
0.013890294810596004
0.20450116761767154
8333314590451309e-24
1110342891444825e-20
9106422681760809e-21
9651207235593618e-20
10586522133690416e-21
0.5453775416012401
0.20246169534033437
0.005184094954002299
0.0015509240017379377
0.04391378974050155
0.005921112735850743
6760886376910548e-20
0.029338463892268466
8324416644557736e-20
0.0007215230240556414
0.0894244897833605
9970389356046933e-22
0.883777233551789
0.8959645150120731
0.0018317232056988906
0.0005373932528581163
582991013023907e-23
0.0010319333590335107
10390421411011555e-24
0.01039556529381639
0.03030631420908157
0.0009047842968279444
0.0003377556871912581
0.0001545750862810694
26181882692383694e-22
0.006164538298065671
0.03171680084497183
0.02199236180001766
11257176079748355e-24
0.9962776014109623
0.07307666553232905
0
0
8178633078545734e-20
6662207603095131e-20
10336393272166568e-22
7596610419295925e-22
0.0001935234103430692
0.009858646379721878
0.005422473992931003
1520423391483499e-23
0.00013151727853822425
7328787645088415e-21
0.060375518976364104
0.01360693695669843
0.11395479145485564
3845637394079733e-22
0.06527056041372244
0.00775396032734615
0.00012015908290800315
0.14525647314002166
0.00029652050350285246
18549559457239284e-29
8515603664450042e-20
37361716017718377e-22
0.00012473255009424615
0.016645054557678764
0.003920463745472536
0.0001635798823523887
0.00015214005249753726
37998745261847785e-25
0.0005147653420846146
0.023540524957272626
13135133747409266e-24
0.0018094203709521602
0.0018043457000291962
44189469468734e-18
0.12404794750410808
4337441994854837e-20
0.5724699147357682
0.0019146404173084662
0.23580438341622287
0.003314520644174169
0.0007014089575537065
0.0005696387729590994
4475337409847791e-20
0.7080066400281874
1210214810914953e-20
21568126458525174e-21
0.00837733523360102
0.006489693860681383
21715985268737924e-24
872383062724002e-19
0.003065785182480812
0.1572193389614977
0.03130970856447102
0.00010012358170358923
0.023621290398526576
0.0003542561681712306
0
0.13001796206768768
0.012507925873085426
0.6278219241362479
0.5319364129440857
0.5803754455265123
0.05560267101474062
0.030731542099348336
0.9468723244761932
0.6086238844689663
0.9732411360437632
0.5151229818821742
0.28931080554921523
0.0007658386850183984
0.01601396125295607
0.1693544475129188
0.42222130565709004
0.16344811304266593
0.00029932945255540155
0.027853294802340042
0.38133367594666895
0.132213163214266
0.20855080389876732
