15006618396457304e-21
36.753085435855155
143.052113585838
0
4063.9364866017927
0.003084255725541703
176.6775350940489
0
83.58117360522608
0
688.7298124824601
0
19.157437064777866
0
34.20602598135878
0
27.360890490600514
15.312670757296214
120.18281412557133
975.3742043697087
0.00020200687668803807
58.37760434135483
2.1100696622076875
1.1185674496871632
0
6.461065937543578
0.6549388271319192
8.427382842317826
0.0064228702564304
2.877942123158114
60.02236054880002
22.132172437074423
570.5947462971029
0.36731738802743347
48.69027815280432
2.924834771244404
0.00010395584029310306
45.47430298851185
61.57314294274715
87.41375867576812
46.265515537211506
0
2.6889299876989563
0
269.2618791452081
26.912544628626165
3.736150535223961
0
10.364440896434225
0
1.2196184100747278
11.618887445761363
27.306560902407938
26.208141413926818
18.415740288693645
5.8245225732903725
1734.8068318698383
2.0748254422853103
0.03659045283259084
0.49186409213064625
10.517735183396772
51.682850294073944
0.9938518598887907
2.432142735166844
0.00023234789369432575
0.0003655768912656139
260.55140108525035
0
267.56626138147544
0
9.062605192432738
0.02857487333394849
309.7575512532886
6.338879482240835
30334967635302134e-26
0.9697841698514885
2.5332531965404734
0
7942534445536594e-20
8.901193998267367
0.1164647116220068
0.0020059311763197763
0.047664913344696185
0.008356624854405165
0.000655762699300724
0.0017399771192419457
0.2578102566598588
0.6789448894435289
1.1835113988557695
0.02227236322448304
0.010009270074330475
0.10708476031501535
0.022275762649580942
2.301220765241757
0.035787560290796494
3.4394522778054584
0.018910795908862372
0.04011047825101439
10.881473571501468
0.00026391634964309215
0
1.2634866847208501
1.5560603385645102
0.2260791762404856
0
2.7427921435876534
0.045139210824637475
0.056639987590005894
0
0.0010372927601089244
0
0.1342244252121531
1.2392757520438997
0
0
0
0
2.7668973981565386
0.5656724800604112
1.2165087372087626
5.881458138402255
0.296049224138021
1.4392438071317497
0.09900263826632098
0.4009511580110486
0.0018022264951202977
5.534982085275616
0.0036934994802990794
1.621197783348148
9046300007744334e-22
0.03384665375544476
1.8317490309157016
0.34456203580013994
0.6089218425425981
0.23579455794681134
0.8727012964675702
0.1996158836671043
0.0006966565172449949
0.025875096789773663
1.0001875518679595
2.340256867528961
0.1330947236633337
0.12046839161880837
0.3534737481327186
0.035258949986123465
0.44817817959951317
1211.4903084495572
0.3124252141912812
0.6327040038936644
0.15879428003100718
43.78698826713203
0.3140942120580568
10.66838405772422
1.9907820740229412
2.813617153924805
0.1842087785314859
0.44965344863771245
2.3965160790432782
4.230989091956798
0.9232067516054243
5.508404469030813
5.766245306390097
6.508494802005342
1.3869413017378847
4.127025822063631
0.3397115717563715
44.310796701526904
619.5851815059235
4.002302002413304
10685.598858895224
1.0999999998002266
23.21906286636436
1.1826268339508839
45.43435572461695
0.8386708676070834
1.2682203254282767
88.96227699471042
0.20355783001792374
1.1244987581331998
33.79100122493072
0
0.0012376615794151907
4903961122575876e-23
0
6646822030678435e-54
0.0343963992664924
0.05591682337437906
0.09483350486696529
0.04550746932654758
0.04362154987913994
0.0731602225154428
0.0558659993238974
0.07996102530143544
0.05343816321019116
0.04907300046313894
0.07598696750449034
0.05809634473731707
0.04461244560876645
0.051774381069496014
0.04450551955644864
0.05633807953914051
0.05982805239869666
0.0838960456544726
0.054696450417645225
0.04239659352218071
0.0019047863738522281
0.007503797048695699
0.02351031693046875
0.0783613632763701
0.04356972192873363
0.1315719594251902
9120779922170354e-20
0.010220104005325725
0.3142962402444924
48061274887560966e-22
0.08056447322721846
0.011059616286178896
0.001271273165610909
5486382222751801e-21
12044248331455548e-22
0.11584428381860418
0.0989847992892954
0.004162072803171545
0.042431694942264904
0.020714652467097344
0.0058195764051591735
0.01226806964645088
0.00048312290429920046
0.689656215282174
15699130029916148e-25
0.08638152267994312
0.0003420342875476901
0.009730558021810835
0.01104741014938928
0.00015708696890106026
0.00017090496272686734
0.8031746691863489
0.00039366552121509844
0.06055350663578394
0.3514095228804207
13179246160358397e-22
258617279914653e-20
0.00014474779061912884
12571634891442725e-21
0.0005948473173525365
1700336934761243e-20
14432278942464752e-23
10044051130043297e-22
19077359829496952e-21
0.08373191153065083
0.08470311078968465
4350181256485154e-20
0.0002127295394168631
0.02005804803515332
0.008233881320196503
0.10203926211940736
0.020662205213532875
27829659199800964e-21
0.16398796613008848
0.04039317830336778
557348166399141e-21
0.4432037529552931
44589656022353015e-23
0.0037797785237782895
0.0009835812580923982
2299456595310469e-27
0.46230058290923626
0.784271893211061
0.01847567756117726
0.42563412112080823
0.999984993494202
0.007464707000774149
0.25196229090519157
22332184598396001e-26
4630639617475438e-21
0.0006298387929211512
9121526410048231e-20
0.15543414791274007
8645608217755835e-22
0.0001118276197302614
0.2025275091199535
0.0009300828993778993
0.01200933795976098
12200900013872823e-21
0.16544996694380792
0.10917390549234485
0.021764133108187207
3147011190266103e-20
0.00015347415467769994
12006681092102242e-23
0.013890294996931715
0.20450120800695173
8333314590451375e-24
11103428914567315e-21
9106422681840897e-21
9651207236493192e-20
10586522133798655e-21
0.5453778288587989
0.20246173492803282
0.005184094979957177
0.001550924004060964
0.04391379160291122
0.005921112769710184
6760886377351998e-20
0.029338464723549788
8324416645226975e-20
0.0007215230245584162
0.08942449750637142
9970389356056534e-22
0.8837779878880827
0.8959652902965535
0.0018317232089392471
0.0005373932531370221
5829910130239103e-24
0.0010319333600619445
1039042141101166e-23
0.010395565398184871
0.03030631509611406
0.000904784297618556
0.00033775568730143193
0.00015457508630414496
26181882692449898e-22
0.00616453833476636
0.0317168018164925
0.0219923622671253
11257176079748477e-24
0.9962785600186798
0.07307667068973166
0
0
8178633079191737e-20
6662207603523788e-20
10336393272176885e-22
7596610419301499e-22
0.00019352341037923848
0.00985864647358775
0.005422474021327715
15204233914835215e-24
0.00013151727855492895
7328787645140287e-21
0.060375522496790374
0.0136069371355093
0.11395480399605477
3845637394081161e-22
0.06527056452813859
0.007753960385411931
0.00012015908292194711
0.14525649351724926
0.0002965205035877671
18549559457239284e-29
8515603665150373e-20
37361716017853187e-22
0.00012473255010927179
0.01664505482525259
0.003920463760316435
0.0001635798823782311
0.0001521400525198915
37998745261847925e-25
0.0005147653423405272
0.02354052549245959
13135133747409433e-24
0.0018094203741140886
0.0018043457031734138
4418946947061987e-20
0.12404796236528212
433744199503653e-19
0.5724702312421674
0.0019146404208488271
0.23580443711674412
0.0033145206547841484
0.00070140895802884
0.0005696387732724801
4475337410041221e-20
0.7080071241479251
1210214810929098e-20
21568126458974434e-21
0.008377335301378422
0.0064896939013558185
2171598526873838e-23
8723830627975021e-20
0.0030657851915581085
0.15721936283335025
0.031309709511212355
0.0001001235817132708
0.023621290937392195
0.0003542561682924321
0
0.13001797839372203
0.012507926024178221
0.6278223048078765
0.531936686216825
0.580375770834911
0.05560267400056853
0.030731543011447367
0.9468731903661074
0.6086242422154722
0.9732420508327709
0.5151232381526656
0.28931088638514624
0.0007658386855848302
0.016013961500624542
0.16935447521213573
0.4222214778266519
0.16344813884351858
0.00029932945264193265
0.02785329555158947
0.38133381638514663
0.13221318009624689
0.20855084590350678
