0.003032211984723804
37.441221814636805
135.44304252988644
0
160.62930012864288
0.004815395621302072
201.6609278496241
0
123.45047297629976
0
44.3488665710194
0
15.04287413793847
0
33.93805858594869
0
29.488354889994447
15.62103991951615
143.05002281475754
0.4623983673799225
0.2646544240306471
2.29340857279719
2.4224693921541727
1.0282479081521252
0
6.399951253559507
0.5946736764490816
1.2361024212950313
0.006829160059017736
3.492558842752084
10.493365075146945
26.154065098474646
9.148607606333425
0.7049621000359205
58.14656721079489
1.720435137152193
5502887125116604e-21
41.95266620737691
57.94980738481554
0.013247250270935111
42.34724806082383
0
2.835849633146206
0
10.161325776587766
31.041888208464375
4.491591571001009
0
18.174646179178755
0
0.11670540907466144
0.028815977003738176
33.251549226071226
32.94029010417142
18.41763582395899
75.55126601993268
61.69244796551351
0.06792620512589362
0.13808195368746679
0.009045008336361203
20.329067360865842
50.233063900744874
1.0565538968806603
1.2091315510830838
0.001240242861360716
0.06508630397673093
178.45819879848327
0
266.28780934610995
0
10.341783454005292
0.022442036828459397
31.342593899010026
15.855451730883926
0.3657999314347772
1.0821745548235142
3.0007299120675532
0
6748099067742417e-20
0.0018215447514822387
0.12574900560955182
0.0027115598394664717
0.024331437111909552
0.007390339287657189
0.0006122919141985326
0.0016941223453682645
0.3573890648225406
0.6775849415241602
0.07481520450883826
0.126298516908688
0.0004215277338933034
0.13879445027762313
0.029466399412862915
2.2181341834765234
0.04719789006106579
0.13274294538645792
0.02319921166563439
0.050205021084524085
0.7904263908870045
0.0005726937037668032
0
1.2639582626586472
1.4646004138095923
0.11307760903316118
0
2.7276121754716596
15867902835515017e-21
0.003090293877369278
0
0.0008207556856382177
0
0.13419296596182667
1.2373492924744127
0
0
0
0
1.9418523696338086
0.5685173747995509
1.184587879737226
5.822397974286069
0.30072725964354863
1.4897065950959962
0.10435280691677104
0.012778397327078249
0.018336724871589768
5.191633665076941
0.0037527572953323022
1.6354026714489156
9054912274838803e-22
0.07171862470938027
1.9501341655759092
0.45019397875751954
0.6107386530542456
0.0031121802326793237
0.8664146080597931
0.2001199343998012
0.0010396309916764358
0.027633331847681828
0.9876933929368422
2.3267617296900576
0.13446032668432187
0.12811899423334286
0.38400589773884886
0.03744550076726094
0.4927436514442248
0.675813770245597
0.3993295848721407
0.6323550567552845
0.14647416778585795
2.089064618607093
0.34890568194124616
11.645162840756395
1.9909872100332906
2.805286883642035
0.18577141435867037
0.48557257159190487
2.396920287949606
4.210161872955048
0.9280970554695073
5.928768677646672
6.5889687413239955
6.693131924499628
2.1952162813057066
4.510735309034779
0.3636361983927923
44.33171087650421
619.5841166151436
4.002301461982007
10662.79637345085
1.099999959634095
23.2190613553731
1.182596942082266
45.433466094967024
1.2579126984833198
1.3961360255719633
1.1182268026883746
0.37835195087266216
1.124392535535755
42.268106545185574
0
0.0013319107979625402
8413178168928877e-21
0
326957168290675e-21
0.03802552229448279
0.061666106171805506
0.10385935587687281
0.05017129977395199
0.046428272888958226
0.08052010791692338
0.06119988773195032
0.08771155163200028
0.05892827219348733
0.054080243081716176
0.08387083353617461
0.06404949914712131
0.04912990982739827
0.05718132628552584
0.04897963409032269
0.06179351066088328
0.06586824833169674
0.09310619190528872
0.06101996396790543
0.0467644589595277
0.0019047754268252826
0.007503627160907258
0.023508649274014366
0.07834283828525404
0.043563994678136576
0.1315197383014057
9120777412198985e-20
0.010219788861449124
0.3139983341507859
4806127419062099e-21
0.08054489200675763
0.011059247242461505
0.0012712682894075792
5486382131932739e-21
12044248287686815e-22
0.1158038002351277
0.09895524111000742
0.004162020536900416
0.04242626296294138
0.020713357833904232
0.00581947422093655
0.012267615548670237
0.00048312220006062177
0.6882226320871191
1569913002984187e-24
0.08635901189956707
0.00034203393457269684
0.009730272345615732
0.01104704191981862
0.00015708689444756508
0.0001709048745988278
0.8012306345878383
0.00039366505363138624
0.060542444367431926
0.3510371277462361
13179246107951768e-22
25861727789665964e-22
0.00014474772740288847
12571634414585512e-21
0.000594846249735488
17003368475294364e-21
1443227893618018e-22
10044051099604857e-22
1907735873139811e-20
0.08371076044953542
0.08468146623525756
43501806855069386e-21
0.0002127294028767265
0.020056834173492338
0.00823367676583855
0.10200785173126423
0.020660917127681342
2782965686300598e-20
0.16390684715362838
0.04038825570137145
5573481654618848e-22
0.4426114767685039
4458965596236373e-22
0.003779735418036226
0.000983578339155389
2299456595310456e-27
0.461656185314776
0.7824182354980013
0.018474647664550512
0.4250878582539382
0.9969723805270415
0.007464538878381924
0.2517708157015258
22332184598380924e-26
4630639552778016e-21
0.0006298375960062453
912152389966597e-19
0.15536126983236712
8645608195203257e-22
0.00011182758199885808
0.20240378865343245
0.0009300802893353517
0.012008902813541427
1220089956472569e-20
0.16536739530117214
0.1091379494610435
0.021762703972379786
3147010891451779e-20
0.00015347408360950727
1200668108775263e-22
0.01388971286851517
0.20437506476697115
8333314590241863e-24
11103428542587753e-21
9106422431633289e-21
9651204426093483e-20
1058652179564702e-20
0.5444811310472227
0.20233809479689382
0.0051840138936712615
0.0015509167465967864
0.0439079735420531
0.005921006988703538
6760884998200101e-20
0.02933586779136973
8324414554427258e-20
0.0007215214538166498
0.08940037291957893
9970389326062885e-22
0.8814244668676093
0.8935464556012684
0.0018317130856095845
0.0005373923817944319
5829910130136557e-24
0.0010319301470857573
10390421410685889e-24
0.01039523934056192
0.030303544000686744
0.00090478182763311
0.00033775534310212345
0.00015457501421269372
2618188248562314e-21
0.006164423677393118
0.03171376678588497
0.02199090300144883
11257176079366103e-24
0.9932882215519729
0.07306055996874315
0
0
8178631060982129e-20
6662206264337028e-20
10336393239940816e-22
7596610401889669e-22
0.00019352329738097658
0.009858353226935275
0.005422385306479434
15204233914137772e-24
0.00013151722636695805
7328787483082796e-21
0.06036452516030814
0.013606378515095885
0.1139156301481841
38456373896190237e-23
0.06525771174228599
0.007753778981354097
0.00012015903935892473
0.14519284595641996
0.0002965202383018854
18549559457239284e-29
851560147720894e-19
3736171559668223e-21
0.0001247325031669687
0.016644218905602356
0.003920417386032592
0.0001635798016427294
0.00015213998268187514
37998745261412175e-25
0.0005147645428319338
0.023538853547761696
13135133746888895e-24
0.0018094104958041098
0.001804335880194757
44189463578895574e-21
0.12400154252107362
4337441427397554e-20
0.5714822711555549
0.0019146293602643743
0.2356367283100057
0.0033144875077877694
0.0007014074736422142
0.0005696377942253762
44753368057358994e-21
0.7064962755416763
12102147667385095e-21
21568125055418624e-21
0.008377123557319344
0.006489566829583335
21715985267315405e-24
8723828331724505e-20
0.003065756832857536
0.1571448012783021
0.0313067518894113
0.00010012355146660136
0.023619607500630153
0.0003542557896411044
0
0.12996698342207308
0.012507453996607498
0.6266341550854618
0.5310836258680752
0.5793603478172149
0.05559334661004553
0.03072869360980565
0.9441718802092554
0.6075076139115361
0.9703883039835166
0.5143232324979014
0.2890584530113879
0.0007658369159690753
0.016013187765978407
0.1692679608167173
0.4216839367415123
0.1633675529895176
0.00029932918230612216
0.02785095488271943
0.38089531781902963
0.13216044877959332
0.2084196580848102
