0.003082447551404787
37.47845691004356
135.3189219291309
0
160.37030199906482
0.00480183269700231
201.53963460430572
0
123.74253938130313
0
43.204251219759975
0
14.430658684918042
0
33.92958199061708
0
29.516399364974074
15.531343640233649
140.9108224807849
0.4350938035121784
0.2537320699253023
2.220855985583745
2.4342099717690577
1.0267540619096236
0
6.398919617524773
0.5936438754484844
1.1907033693512092
0.0068345094929804
3.500492158704323
10.120229682320105
26.25208093353865
9.055770699948026
0.7113793724620159
58.33191771105624
1.7574854940767413
5408845502366274e-21
41.892571953230934
57.88836048169724
0.012144024557933796
42.238861715071295
0
2.838827566367565
0
9.88084096247189
30.40114410887788
4.491615708431862
0
18.167180629752274
0
0.11293169121571651
0.02700483613440801
33.25151602852403
32.94029159670229
18.41901110087272
71.48807308448674
61.6918214411359
0.06576397064108436
0.13801396440240407
0.009044672802006982
20.328541333787374
50.221420155259665
1.05759296974653
1.1843523153324422
0.0012169096406768295
0.06592811437175791
174.71777362917908
0
264.9390215225807
0
10.4066523934485
0.02195823817908164
30.503484575337264
15.856458119147728
0.35438154177943226
1.0853992495092892
3.0007233756856744
0
6659672175216915e-20
0.0017068299797947926
0.12632528320586395
0.0027240339659857626
0.02381455384290406
0.0074047261649351085
0.0006155004959742153
0.0016933022517994808
0.3600341049092692
0.6775606285498674
0.0728563809877602
0.1266348565434386
0.00040052721640343155
0.1393847685452319
0.029557231773592624
2.2176788479281053
0.04753438470793797
0.12844812383266443
0.023348628156437047
0.05053590220155228
0.7658331654945694
0.0005745720975513942
0
1.2639422071428483
1.4636417905900274
0.11062746841822972
0
2.7272770331415885
15363676526092165e-21
0.0030070590034458906
0
0.0007684145719778825
0
0.13419232030022005
1.237313719991015
0
0
0
0
1.963983154782687
0.5685813546951843
1.1843302688272277
5.821405413481975
0.3008038627013448
1.492788933740577
0.10443169036776526
0.012364385360714063
0.018408343304223588
5.185744258539691
0.0037536399544566153
1.6356250576858713
905505456791767e-21
0.07170320938465416
1.9517660986622891
0.4528656338258459
0.6113329608874061
0.0031120119512522784
0.8663130520110174
0.20012827373445777
0.0010504493046495638
0.027746785627233612
0.9874948634684991
2.3266034330765657
0.13448300845893876
0.12858282275697744
0.38578720267875216
0.03759772761617683
0.49535753034476365
0.6485654192872881
0.3993485321534531
0.6323494838229542
0.1464765059345994
2.022512156076427
0.35005025102381115
11.701966553501794
1.9910387300826344
2.8052519836881147
0.1858067244649991
0.48763777929999025
2.397024882912332
4.210074638585843
0.9282069602236181
5.952216300263862
6.627121803708216
6.713355974607908
2.195188493095793
4.533558643535461
0.36493703274101524
44.461496455752304
619.5840988850462
4.002301452983988
10662.417131004016
1.099999958965341
23.21906133021555
1.182596444397991
45.433451283046935
1.2579669789211239
1.3961519034114709
1.1154149246622276
0.38067652723859957
1.1243907670401843
42.28548736249829
0
0.0013370408398312751
8586369880006527e-21
0
37033265906706295e-23
0.03826042054671776
0.06204474416136652
0.10446928897507271
0.050470172983177776
0.046612381805072066
0.08100683853194754
0.06157047302028458
0.0882341792093777
0.05928924539144189
0.05440904489192763
0.08438658043547258
0.06444217736070444
0.0494258295331895
0.05752959146845057
0.0492726148797306
0.06215448300458959
0.06626401193554059
0.09369124989906231
0.06138673359612211
0.047051504578037834
0.0019047752445610915
0.007503624332358959
0.023508621509034502
0.07834252988676182
0.04356389932749955
0.1315188690107598
9120777370408719e-20
0.010219783614480109
0.3139933764940261
48061274179017134e-22
0.08054456602557782
0.011059241098098242
0.0012712682082204108
5486382130420629e-21
12044248286958078e-22
0.1158031263153259
0.09895474904987502
0.004162019666688193
0.04242617252799637
0.0207133362793337
0.0058194725196149995
0.0122676079882203
0.00048312218833526877
0.688198788593934
15699130029840633e-25
0.0863586371514614
0.0003420339286957719
0.009730267589263535
0.011047035789010312
0.00015708689320793697
0.00017090487313152272
0.8011983068490907
0.00039366504584626203
0.0605422602010784
0.35103093081979103
13179246107079214e-22
25861727786306063e-22
0.0001447477263503572
12571634406645983e-21
0.0005948462319599998
1700336846077053e-20
14432278936075545e-23
10044051099098064e-22
19077358713115093e-21
0.08371040833558553
0.08468110590671651
43501806760003226e-21
0.0002127294006033748
0.020056813963680573
0.008233673360112695
0.1020073288395398
0.020660895682116903
27829656824099044e-21
0.16390549688660425
0.04038817374659839
5573481654462798e-22
0.4426016222488599
4458965596136493e-22
0.003779734700342678
0.0009835782905560345
22994565953104555e-28
0.46164546389314837
0.7823874097604465
0.01847463051756569
0.42507876907668124
0.9969222983125052
0.007464536079226439
0.2517676289284842
22332184598380675e-26
4630639551700824e-21
0.0006298375760779894
9121523857868862e-20
0.1553600567233745
8645608194827764e-22
0.00011182758137064161
0.20240172938446344
0.0009300802458789862
0.012008895568620502
12200899557247527e-21
0.16536602085685567
0.10913735090411442
0.021762680178490413
314701088647661e-19
0.00015347408242624342
12006681087680212e-23
0.013889703176457673
0.2043729651784339
8333314590238374e-24
11103428536394404e-21
9106422427467406e-21
9651204379301177e-20
10586521790016896e-21
0.5444662137815878
0.20233603686486185
0.005184012543619594
0.0015509166257624664
0.043907876679604545
0.0059210052274974185
6760884975237637e-20
0.029335824555171423
8324414519616072e-20
0.0007215214276642982
0.08939997130751333
99703893255635e-20
0.8813853345376422
0.8935062380436078
0.0018317129170596477
0.0005373923672868505
582991013013485e-23
0.0010319300935907496
10390421410680466e-24
0.010395233911886601
0.03030349786492144
0.0009047817865086484
0.0003377553373713109
0.0001545750130123929
26181882482179538e-22
0.006164421768400204
0.031713716255991446
0.0219908787059314
11257176079359737e-24
0.9932385093499566
0.07306029176012147
0
0
8178631027379547e-20
6662206242039971e-20
10336393239404094e-22
7596610401599768e-22
0.00019352329549958988
0.009858348344540068
0.005422383829416035
1520423391412616e-23
0.00013151722549804411
7328787480384587e-21
0.060364342074900434
0.013606369214427226
0.11391497802932414
3845637389544731e-22
0.0652574977686684
0.0077537759610667245
0.00012015903863361357
0.14519178647964237
0.00029652023388495685
18549559457239284e-29
8515601440780375e-20
37361715589669862e-22
0.00012473250238539355
0.016644204988145568
0.003920416613919283
0.0001635798002985078
0.00015213998151909333
3799874526140492e-24
0.0005147645295203654
0.023538825711387722
13135133746880229e-24
0.0018094103313336604
0.0018043357166455537
4418946348080013e-20
0.12400076979158949
4337441417946536e-20
0.5714658363540982
0.001914629176109493
0.23563393701828583
0.003314486955903002
0.0007014074489276476
0.0005696377779245491
4475336795674397e-20
0.7064711476702595
12102147660027494e-21
2156812503204984e-20
0.008377120031889406
0.0064895647138973975
21715985267291715e-24
8723828293492627e-20
0.0030657563606958757
0.15714356015003977
0.031306702648257814
0.00010012355096300343
0.02361957947292713
0.0003542557833366765
0
0.12996613454035066
0.012507446137640429
0.6266143917905023
0.5310694342529408
0.5793434563723953
0.05559319132502713
0.03072864617035684
0.9441269694879972
0.6074890397334484
0.9703408608407152
0.5143099231637733
0.28905425193590106
0.000765836886505537
0.016013174883844433
0.1692665207520275
0.4216749926377112
0.16336621159547993
0.0002993291778051139
0.02785091591294781
0.3808880212182523
0.13215957099696615
0.20841747454545081
