871178542713041e-19
35.327302395775234
142.87284331043568
0
2276.007619944648
0.0044748926225290035
197.78945337121345
0
85.46314469370122
0
826.0720592715913
0
25.89852385926273
0
34.19718053363327
0
27.414753271467912
16.054094545108487
155.22850210516086
804.0995861925254
0.048383764535792496
60.33758777381407
1.868908733978798
1.1167254289825228
0
6.459624210054316
0.6538700091398283
8.228470411432077
0.006445647926070337
2.906277351745687
58.86780794453811
22.308178665609873
286.49051889533746
0.3793480355939797
49.66197713427358
2.343365043512334
7077261147045018e-20
45.39234019032553
61.488017404677805
81.66088191342799
46.39188947224194
0
2.683100409506906
0
261.83228988564696
31.254654962482025
4.691283406079412
0
11.58477960061188
0
2.930739675037561
11.55186650045163
28.990535065436312
28.071600259320704
18.406561220613202
34.41955455800625
1654.6874697442356
2.0703283379648565
0.045613587489630014
0.4499421013846379
10.824458454996643
51.65626701019622
0.9943602884007295
2.401151519839327
0.0012995037428272607
0.0020493238474644337
322.2468158701283
0
269.2023042327789
0
8.409626978602791
0.029136280038772357
304.00327829119595
7.013297470664877
10158344727854922e-22
1.0062133656900791
2.9196424541345443
0
7442199643803523e-20
8.07924575508428
0.09870133322948989
0.001964661761853465
0.04759121007055221
0.008276576559182559
0.0006474453987219096
0.001739335271112349
0.22514859110723662
0.6789109292463651
1.0375824410739678
0.06765134879409213
0.010772695189882954
0.10129167389006802
0.020113730263349547
2.298167992744875
0.031076934825447326
3.4306655593225006
0.0160717996151933
0.03406799477532161
10.860188213518551
0.0004158505122540274
0
1.2636088364730818
1.554144915240439
0.22570556116997242
0
2.7425727363892407
0.036840000609839454
0.055750916029269154
0
0.0024286027068792606
0
0.13422365549785556
1.2392277455212541
0
0
0
0
2.1933863424447018
0.5657525379398307
1.21540277080736
5.880061157599096
0.29616282905692176
1.325020340201775
0.09909981428737781
0.39976580050864774
0.0033205134364328913
5.529115862496646
0.0036948211263698855
1.6215557891380634
9046518291483905e-22
0.03491530722006063
1.8336482988476825
0.306315282126292
0.5763540791440769
0.21240334810722777
0.8725671643397662
0.1996280040711117
0.0005679608524698614
0.02228091016787765
0.9998511266429565
2.3357490469661895
0.13312816273787254
0.10534738589967008
0.3004667672291027
0.030157187921211945
0.3735656128461577
1100.4751131166286
0.3293978715298236
0.6326933266047811
0.15815263650623831
43.602261990940036
0.278702544488561
9.01075933950669
1.990809882715856
2.8134499418595666
0.1842526358447569
0.38688698504596636
2.396572332422728
4.230570177950064
0.9233442576004112
4.756046827987218
4.814282288901722
5.625878960953279
2.0971392378158704
3.4200835658737305
0.29915935104216085
38.24017498195389
619.5851560550021
4.002301989496988
10685.05331090424
1.0999999988402551
23.21906283025167
1.1826261195261372
45.43433446225698
1.0448507898308892
1.3658864322246178
83.12160272450004
0.2087420455708754
1.124496219236597
39.40375534389342
0
0.0010831061336090719
2657142212569452e-22
0
5114777830458032e-40
0.027734194323142208
0.04508399114610029
0.07686160581658844
0.036907690212550505
0.037422720741283576
0.0591292970572593
0.04504282073747507
0.06467857890075522
0.04308622262336271
0.03963114751673433
0.061267035402156986
0.04684082042317595
0.03608863644753517
0.04184149752470065
0.03604264171997331
0.04571745071854606
0.04841137463431459
0.06765402174416171
0.044321613339206804
0.03418312550828288
0.00190478611221745
0.007503792988331134
0.023510277072084352
0.07836092047782188
0.04356958503860965
0.13157071109802662
9120779862182e-17
0.010220096473270835
0.3142891169903836
4806127487090409e-21
0.08056400518034784
0.01105960746588703
0.0012712730490693862
5486382220581229e-21
12044248330409467e-22
0.11584331609552703
0.09898409274556418
0.00416207155399953
0.04243156510979739
0.02071462152440835
0.005819573962934389
0.012268058793313701
0.0004831228874678805
0.6896219178233606
1569913002991436e-24
0.08638098460364808
0.00034203427911157994
0.009730551194049322
0.011047401348556002
0.0001570869671216208
0.00017090496062060594
0.8031281517681387
0.00039366551003983704
0.06055324222389342
0.35140061802692085
131792461591059e-20
25861727986642294e-22
0.00014474778910825975
1257163488004583e-20
0.0005948472918364575
17003369326764022e-21
1443227894231457e-22
1004405112931582e-21
1907735980325241e-20
0.08373140595728687
0.08470259342010988
43501812428387655e-21
0.00021272953615355126
0.020058019022991612
0.008233876431286199
0.10203851129803783
0.020662174427332543
27829659143951508e-21
0.16398602691760264
0.04039306064613694
5573481663767415e-22
0.4431895883086236
44589656020919274e-23
0.0037797774935449256
0.000983581188329677
2299456595310469e-27
0.4622851713139873
0.7842275395910577
0.018475652945968778
0.4256210572487046
0.9999128859403782
0.007464702982603269
0.25195771294794733
2233218459839563e-25
4630639615929173e-21
0.0006298387643148475
9121526350050066e-20
0.1554324057272541
8645608217216823e-22
0.00011182761882848025
0.20252455131773678
0.000930082836997773
0.012009327559578429
12200900003138196e-21
0.16544799299995333
0.10917304600470795
0.021764098950733637
31470111831244415e-21
0.00015347415297916903
12006681091998304e-23
0.013890281083772653
0.20449819227439264
8333314590446374e-24
11103428905677012e-21
9106422675860926e-21
9651207169324601e-20
10586522125716823e-21
0.5453563805570708
0.20245877904669138
0.0051840930419794085
0.0015509238306071079
0.043913652542211475
0.005921110241521111
6760886344390242e-20
0.029338402654165447
832441659525684e-19
0.0007215229870176337
0.08942392085259808
9970389355339688e-22
0.8837216654792621
0.8959074038195357
0.0018317229669909225
0.00053739323231191
5829910130236648e-24
0.0010319332832716677
10390421411003885e-24
0.010395557605285403
0.0303062488639523
0.0009047842385858022
0.0003377556790750612
0.00015457508458115813
26181882687506736e-22
0.006164535594429213
0.03171672927584533
0.021992327389532797
11257176079739335e-24
0.9962069860003784
0.07307628560191667
0
0
8178633030956493e-20
66622075715172e-18
10336393271406454e-22
7596610418885358e-22
0.00019352340767857826
0.009858639464888325
0.005422471901025099
15204233914818552e-24
0.00013151727730763572
7328787641267111e-21
0.06037525963697941
0.013606923784208788
0.11395386758361602
3845637393974522e-22
0.06527025731691365
0.007753956049803784
0.0001201590818807904
0.14525497201456414
0.00029652049724742936
18549559457239284e-29
8515603612858554e-20
37361716007787225e-22
0.00012473254898735008
0.016645034846275608
0.003920462651964228
0.00016357988044865142
0.00015214005085076177
3799874526183752e-24
0.0005147653232322497
0.023540485531580814
13135133747397004e-24
0.0018094201380217617
0.0018043454684035106
4418946932980765e-20
0.12404685272791166
43374419814699614e-21
0.5724465990765466
0.0019146401565000117
0.23580042748277139
0.003314519862566765
0.0007014089225519497
0.0005696387498732252
44753373955983147e-21
0.7079709771926368
12102148098729417e-21
21568126425429446e-21
0.008377330240631043
0.00648969086431027
2171598526870436e-23
8723830573094606e-20
0.0030657845137818463
0.157217580398909
0.03130963882076515
0.00010012358099037501
0.02362125070183867
0.00035425615924265753
0
0.1300167593800731
0.012507914742507169
0.6277938817577231
0.5319162820924108
0.5803514814688426
0.05560245105759661
0.0307314749076402
0.9468085389676749
0.608597530863583
0.9731737484629434
0.5151041035030497
0.2893048506545651
0.0007658386432909498
0.016013943007923345
0.16935240700160337
0.4222086226004772
0.16344621237727275
0.0002993294461809014
0.02785323960728754
0.3813233303793716
0.13221191957191628
0.20854770955045862
