0.00013981706725728514
34.48123755644772
142.7404232858264
0
1460.552414436595
0.004966896643444331
203.08182756327318
0
86.9054365342408
0
819.0526797270347
0
27.46124157747852
0
34.19225563309594
0
27.45486198500782
16.465327987364663
167.79189628771616
714.7425456788694
0.2513960370905955
59.61221528672434
1.7099668724960606
1.1153210853463114
0
6.458570051130381
0.6530322514450893
8.081040887969362
0.006461467135890509
2.9263555367150427
58.00539160880972
21.59080678361514
175.5057405537471
0.3880396431673371
47.933069498945905
2.0659334298251615
5030109029871216e-20
45.33236777974661
61.42576415367329
77.51350148878535
46.47176802806565
0
2.6807566322791994
0
256.3932904202885
32.4394034916046
4.780864438300513
0
12.386146299330527
0
3.295808752801862
11.518286237046018
29.979046160752446
29.1809833744691
18.40020274810863
55.00595433063686
1595.170616888972
2.0626248245321164
0.05251116368136251
0.4157403453844849
11.246335337054056
51.631393703277105
0.9949461987057994
2.368307192200983
0.0020732406509013828
0.0032829416231665628
329.5250424900014
0
270.10318472877606
0
8.035865608760414
0.029873356995767826
300.0726012969809
7.375107385010059
9273769689157764e-21
1.0041869991489176
2.9542127882389173
0
7065011477379695e-20
7.534616501338427
0.09001508222786125
0.0019414378290198327
0.047453878364085905
0.008219762015154362
0.0006415052350305919
0.00173880165668758
0.20879180598382108
0.6788868527647518
0.9624014880444035
0.08032442602203224
0.010807889736485946
0.09598224056179482
0.019007926079064284
2.2958664265937045
0.02871968115310713
3.4182966369740586
0.014688501032776274
0.031152859399563464
10.834688039541343
0.00043616704630537506
0
1.2636918229168563
1.552546371394961
0.225021153854858
0
2.7424162307288595
0.03077837243579719
0.05509883298416715
0
0.0029420647865992223
0
0.13422313688136747
1.2391943812975594
0
0
0
0
1.908449334894094
0.565801845945071
1.2145834438720804
5.879039751860041
0.2962457957111426
1.2616612030731642
0.09917826622354906
0.39803523083396214
0.004172626122518127
5.524482519142532
0.003695826720452033
1.6218169406755336
9046675995722031e-22
0.036414031556306674
1.83527321018406
0.2867531035479868
0.5574570029634429
0.1921401950467305
0.8724667183441612
0.19963685962131242
0.0005096816732745029
0.020479856157173827
0.9996123241022553
2.3328720364052558
0.13315247074997322
0.09759605521620418
0.2744352747418704
0.027625909495213603
0.3379824337372016
1019.0079966807466
0.3395368728749992
0.6326858581472256
0.15768069554468697
43.408343461938436
0.2603023832380317
8.20445795602021
1.990807760184694
2.8132855093308358
0.1842796319590402
0.3555000224574661
2.3965677863991703
4.230158332721355
0.9234289983167399
4.378123906580242
4.360351360618751
5.180636465660431
2.121380796235813
3.085894416082858
0.27816362729924493
35.17927234350858
619.5851374553563
4.002301980057687
10684.654639613056
1.0999999981387045
23.219062803860346
1.1826255974216169
45.43431892363572
1.1032890675808018
1.3769406372521875
78.67697322266933
0.21249209777430167
1.1244943638101177
42.36574968872143
0
0.0010038347525594513
4083398898550951e-22
0
6381180322988462e-37
0.02470575045832335
0.040159339221501104
0.06862764136336709
0.03296618492453574
0.03433469729101043
0.05272808449737221
0.04012040727678604
0.057697147356072696
0.03838023438005431
0.03532867614220935
0.05457551041084647
0.041724050881685126
0.03219516902627573
0.03731148324606891
0.03217067035564056
0.04084398983556156
0.04319427131496912
0.06027028994199509
0.03957755882062061
0.030449325107593534
0.0019047859210136095
0.00750379002099998
0.0235102479434419
0.07836059688024921
0.04356948499896816
0.13156979882245512
9120779818342246e-20
0.01022009096881502
0.31428391138659495
4806127485873115e-21
0.08056366313132578
0.011059601019982818
0.0012712729639003282
5486382218994965e-21
12044248329644988e-22
0.1158426088842963
0.09898357640344185
0.004162070641099283
0.04243147022790198
0.02071459891138237
0.0058195721781462645
0.01226805086179869
0.0004831228751674768
0.6895968541661305
15699130029913053e-25
0.08638059137721017
0.0003420342729464334
0.00973054620429377
0.0110473949168722
0.00015708696582119843
0.0001709049590813407
0.8030941583352131
0.0003936655018729062
0.06055304899123403
0.35139411046295566
13179246158190556e-22
2586172798311763e-21
0.00014474778800410986
12571634871716927e-21
0.0005948472731891933
1700336931152791e-20
14432278942204797e-23
1004405112878418e-21
1907735978407277e-20
0.0837310364839469
0.0847022153261144
43501812328659236e-21
0.00021272953376870866
0.020057997820800904
0.008233872858450566
0.10203796259792434
0.02066215192866896
27829659103136494e-21
0.16398460974696694
0.04039297466192431
557348166360371e-21
0.4431792370079301
44589656019871515e-23
0.0037797767406459637
0.0009835811373467714
2299456595310469e-27
0.4622739087763335
0.7841951273540245
0.018475634957085308
0.42561151036625916
0.9998601927066929
0.007464700046107425
0.25195436740896837
22332184598395358e-26
4630639614799151e-21
0.0006298387434092339
9121526306203139e-20
0.15543113254267604
8645608216822916e-22
0.0001118276181694547
0.20252238976999665
0.0009300827914101009
0.012009319959084308
12200899995293287e-21
0.16544655044786974
0.10917241789158665
0.02176407398834805
31470111779052806e-21
0.00015347415173787513
12006681091922335e-23
0.013890270915982734
0.2044959883917063
833331459044271e-23
1110342889917993e-20
9106422671490737e-21
9651207120237496e-20
10586522119810586e-21
0.5453407065759199
0.2024566189027089
0.005184091625697064
0.0015509237038462678
0.04391355091631002
0.005921108393909938
6760886320301648e-20
0.029338357293665428
832441655873844e-19
0.0007215229595826636
0.08942349943379888
9970389354815808e-22
0.8836805070816266
0.8958651024890952
0.0018317227901740276
0.0005373932170928254
5829910130234855e-24
0.0010319332271529942
10390421410998198e-24
0.01039555191020339
0.030306200461284447
0.0009047841954444049
0.00033775567306319277
0.0001545750833219918
2618188268389426e-21
0.006164533591779369
0.03171667626292158
0.021992301900867536
11257176079732662e-24
0.9961546826404035
0.07307600417930635
0
0
8178632995705966e-20
6662207548126654e-20
1033639327084341e-21
7596610418581239e-22
0.00019352340570492375
0.00985863434290266
0.005422470351499009
15204233914806366e-24
0.00013151727639610825
732878763843658e-20
0.06037506753858026
0.01360691402702708
0.11395318325409343
38456373938965867e-23
0.06527003280649396
0.007753952881323533
0.00012015908111990833
0.14525386010369118
0.0002965204926138823
18549559457239284e-29
8515603574643456e-20
37361716000430943e-22
0.0001247325481674447
0.016645020245565238
0.003920461841975687
0.00016357987903850595
0.00015214004963095442
37998745261829926e-25
0.0005147653092678359
0.023540456328035173
13135133747387918e-24
0.0018094199654844541
0.0018043452968326368
441894692269014e-19
0.12404604180624698
4337441971555444e-20
0.5724293292014337
0.001914639963312741
0.23579749726749027
0.003314519283610886
0.0007014088966252809
0.0005696387327729462
44753373850433754e-21
0.707944562003551
12102148091010992e-21
21568126400914618e-21
0.008377326542216207
0.006489688644824728
21715985268679505e-24
8723830532987752e-20
0.0030657840184600232
0.15721627780064518
0.031309587159971806
0.00010012358046207957
0.023621221297559947
0.0003542561526290417
0
0.13001586852668665
0.012507906497818055
0.6277731108796432
0.5319013711622224
0.5803337313346252
0.055602288130443156
0.030731425137169446
0.946761294228993
0.6085780108298368
0.9731238358178673
0.5150901202652403
0.2893004397953579
0.0007658386123823947
0.016013929493388285
0.16935089556009053
0.42219922819135663
0.1634448045215034
0.000299329441459151
0.027853198723013093
0.381315667341918
0.13221099838271075
0.20854541751948483
