0.00018751134467088104
33.883932469044844
142.61976262258952
0
985.3457100504529
0.005224333677029142
205.52214123045667
0
88.1943491741966
0
796.1355831666974
0
28.212036129045867
0
34.18825543027842
0
27.491548804473677
16.774325386151066
175.1282978987982
653.3747269643333
0.5663627950393829
58.80352026916449
1.6078577060755168
1.1140199407616858
0
6.457615607720262
0.6522452602457521
7.946174442558495
0.006474796403242913
2.9438001965147738
57.211424812729035
20.6184486389376
116.86913809931295
0.39563616261605866
45.47225787536301
1.8983710547156827
36358689421273806e-21
45.278037699549515
61.369391684352
73.8365359119763
46.535253689301676
0
2.6795385289727247
0
251.45189664391776
33.20654674855528
4.817932878402152
0
13.04846974898392
0
3.470131279502813
11.486066469046708
30.73205030326529
30.03390553476273
18.39477740409151
71.64312159408907
1516.9044023958147
2.0537051832329967
0.05882932052460206
0.37817176991416757
11.6836156687447
51.606196658568145
0.995578502099888
2.334397545940042
0.002776281252682364
0.00441726153163846
332.2506463816149
0
270.8649941202323
0
7.770707540695612
0.03061579171780748
296.57443086636937
7.732691568815349
3646539016557058e-20
1.0007375741308815
2.968301716699037
0
6807097422083542e-20
7.071917396304294
0.08453700871527287
0.0019268864979389618
0.047311417642512024
0.008169070733726384
0.000636195849642619
0.0017382857809548201
0.1984720272144714
0.6788654673595034
0.913668874520484
0.08694628692111397
0.010799902696807306
0.09243077846746747
0.0183178825005246
2.2937515619791915
0.02722533891681105
3.4044443460808513
0.013821359312602623
0.02934143979787571
10.807138828856475
0.0004455886202629105
0
1.2637624130560938
1.5510044461044947
0.2243124247332859
0
2.742276034471596
0.025396710110888805
0.05449888818543306
0
0.0032354166610714433
0
0.13422268926134004
1.239164965207985
0
0
0
0
1.7357275901922018
0.5658418463908212
1.213837213310857
5.878114995355988
0.2963208418371025
1.2187411045476482
0.0992528573279262
0.39608821910456044
0.004858106564979345
5.520113284787732
0.0036967556935023106
1.6220529248017177
9046817621547627e-22
0.037983316353247996
1.836859540698216
0.2742920138571792
0.5442806822725008
0.17118080961651372
0.872374106760941
0.19964487259284108
0.00047472177906981126
0.019328518704884546
0.9993997202766588
2.3307139456292085
0.13317439164158915
0.09257956087371381
0.25798286161189965
0.026016292617992442
0.31584234590359195
945.6943102022491
0.3473879225034854
0.632679301821125
0.1572525934959029
43.206840496120165
0.2483566838048438
7.697476848612859
1.9907946000232462
2.813116408242229
0.18430152260374233
0.33546805114061684
2.396540810221934
4.2297348538277
0.9234977729607352
4.136352584800465
4.078319536555123
4.894765356392143
2.132230454821058
2.8789258069952353
0.26450508263489064
33.21263458390825
619.5851206221516
4.002301971514854
10684.293843648129
1.0999999975037815
23.219062779975456
1.1826251249024664
45.43430486074884
1.1353803731151018
1.3818270757210251
74.54624221070257
0.21585830223871483
1.124492684603809
44.47513592689058
0
0.0009525362523860059
529406219169039e-21
0
361355203854167e-34
0.022866585707578234
0.03716830683656041
0.06360650350643607
0.030562846896153302
0.032367119271748956
0.04883320935584282
0.037129430345185004
0.05344609054918769
0.03552206879281021
0.032712447577287355
0.0505115358684539
0.03861633419562428
0.029824798548934207
0.03455595268532605
0.029811435815168538
0.03787013646043869
0.04001737249605952
0.05578625687640612
0.03668982915579546
0.028181616293942908
0.0019047857479687457
0.007503787335482418
0.023510221581228206
0.07836030401645072
0.04356939446046277
0.13156897319272828
9120779778666028e-20
0.010220085987129467
0.31427920024234524
4806127484771431e-21
0.08056335356854392
0.011059595186260542
0.0012712728868199284
5486382217559348e-21
12044248328953114e-22
0.11584196884186346
0.0989831091015475
0.004162069814898929
0.042431384357287494
0.020714578445975934
0.005819570562863034
0.012268043683557824
0.000483122864035264
0.6895741716331141
15699130029911872e-25
0.08638023549771157
0.0003420342673668015
0.009730541688426155
0.011047389096019782
0.00015708696464427943
0.00017090495768826215
0.803063394557851
0.0003936654944816032
0.060552874110746696
0.35138822103750494
13179246157362143e-22
258617279799277e-20
0.00014474778700482307
12571634864179039e-21
0.0005948472563128927
170033692977388e-19
14432278942105454e-23
10044051128303025e-22
19077359766714643e-21
0.08373070210153569
0.08470187314181572
4350181223840222e-20
0.00021272953161035875
0.020057978632238304
0.008233869624934661
0.10203746601135494
0.020662131566763567
27829659066197756e-21
0.16398332717803984
0.040392896843939124
5573481663455554e-22
0.44316986899661726
4458965601892325e-22
0.00377977605925125
0.0009835810912058028
2299456595310469e-27
0.4622637160979317
0.7841657945181137
0.018475618676652372
0.42560287035238303
0.9998125062344821
0.007464697388496675
0.25195133963991795
22332184598395117e-26
46306396137764495e-22
0.0006298387244890633
9121526266520428e-20
0.1554299802836338
864560821646642e-21
0.00011182761757301791
0.20252043352807858
0.0009300827501519711
0.012009313080426428
12200899988193422e-21
0.16544524490829976
0.10917184943457212
0.02176405139670816
3147011173181792e-20
0.00015347415061446905
12006681091853577e-23
0.013890261713851859
0.20449399383605232
8333314590439399e-24
11103428893299887e-21
9106422667535595e-21
965120707581228e-19
10586522114465277e-21
0.5453265215682583
0.20245466393121184
0.00518409034392184
0.001550923589124133
0.043913458942199245
0.0059211067217700974
6760886298500791e-20
0.02933831624119115
8324416525688258e-20
0.000721522934753241
0.08942311803958526
9970389354341684e-22
0.88364325922081
0.8958268203110906
0.0018317226301497542
0.0005373932033191242
5829910130233232e-24
0.001031933176364011
1039042141099305e-23
0.010395546755995876
0.030306156655568472
0.0009047841564002228
0.000337755667622282
0.00015457508218241065
26181882680624865e-22
0.006164531779325212
0.03171662828480344
0.021992278832930444
1125717607972662e-23
0.9961073489884034
0.07307574948482325
0
0
8178632963803247e-20
6662207526957546e-20
10336393270333839e-22
7596610418306002e-22
0.0001935234039187106
0.009858629707363141
0.00542246894913448
15204233914795335e-24
0.00013151727557115015
7328787635874867e-21
0.06037489368462585
0.013606905196507856
0.11395256392007408
38456373938260516e-23
0.06526982961888357
0.00775395001376046
0.00012015908043128855
0.14525285380025793
0.0002965204884203913
18549559457239284e-29
851560354005771e-19
37361715993773306e-22
0.00012473254742540715
0.016645007031520668
0.0039204611089133055
0.0001635798777622845
0.0001521400485269943
3799874526182304e-24
0.000514765296629647
0.023540429898032095
13135133747379692e-24
0.0018094198093333278
0.0018043451415561602
4418946913376835e-20
0.12404530790378782
43374419625825266e-21
0.5724136999254203
0.0019146397884728173
0.23579484537122156
0.0033145187596395364
0.0007014088731609136
0.0005696387172967109
4475337375490858e-20
0.7079206563603667
12102148084025597e-21
21568126378728006e-21
0.008377323195047645
0.00648968663612823
21715985268657013e-24
8723830496689915e-20
0.003065783570179841
0.15721509892169921
0.03130954040556701
0.00010012357998395724
0.023621194685888074
0.00035425614664353255
0
0.1300150622844519
0.012507899036146035
0.6277543132402614
0.5318878767092409
0.5803176674294115
0.05560214067717533
0.030731380093556023
0.9467185384372662
0.6085603451872345
0.9730786656699913
0.5150774653669862
0.2892964479010654
0.0007658385844092798
0.01601391726236187
0.16934952767442565
0.4221907261657448
0.16344353038268977
0.0002993294371858335
0.027853161721640773
0.381308732209162
0.13221016468597324
0.20854334318837964
