0.003886216618300515
37.828071376332524
133.33711979305633
0
155.57222755028738
0.004580891636137358
199.43388209166213
0
127.80462184496989
0
37.068907008689216
0
5.76955459512985
0
33.758744266065165
0
29.93398298181758
14.269835881627962
97.04340119130505
0.2259043536317318
0.12627793549580718
1.769337827061136
2.550084677810219
1.0032648860046318
0
6.382351247281651
0.5775295086926432
0.7220604171846756
0.006906163806602023
3.615605724733549
6.214876407974367
25.713087448364423
8.163992719761437
0.8077758058611912
55.50687311933125
2.329660781763072
4385244699409428e-21
40.925446824932436
56.89999706445856
0.004296393924041774
40.50190186721265
0
2.8815365878569956
0
8.335810906103836
17.421298199018846
4.491852851367485
0
18.047168404660233
0
0.09027419105887216
0.013489217182166748
33.25097181377847
32.940300219167476
18.440728053744877
24.08722376279876
61.68772725008704
0.052933920315079167
0.14225767481990564
0.009042595801997032
20.310518118887938
50.06990517269028
1.0733934437884483
0.8477908574503853
0.0011840083900743887
0.07890471873672383
125.03636041073736
0
234.34240362083796
0
11.157837064355029
0.015587303179410037
25.32547467632176
15.861566947487054
0.2853625168631953
1.1229536689562698
3.0005092917968508
0
52914880763011076e-21
0.0008517753073731064
0.13179901724493528
0.002910035481204125
0.01697943990782272
0.007628841118833763
0.0006676925467271032
0.0016805226626990298
0.3937541085982266
0.6771706807872875
0.06221558409246573
0.13165382442118573
0.0002371956070405707
0.14619604215506699
0.030460176012325042
2.2111362460045267
0.05169630385039118
0.10224222854026882
0.025040697711916384
0.05420446114225276
0.615599315530165
0.0006032755488569455
0
1.2636747086716253
1.4503325219676786
0.07842397028400878
0
2.721885072516879
12303211377332447e-21
0.0025526795614276613
0
0.00022923365528476912
0
0.13418171028069462
1.2367369768558312
0
0
0
0
2.214562669393184
0.5696252029486353
1.1804159717233165
5.805488149854022
0.302023905910868
1.521049922209644
0.10560745394777124
0.009865783246716041
0.019526490980076968
5.0940077474974075
0.0037671578052994154
1.6391234189502526
9057331552394676e-22
0.07141384268114165
1.9752077746622918
0.48450339804918807
0.6151767960720534
0.0031111053203040687
0.8647008565934636
0.2002614737239544
0.0011868835938364684
0.028830132200861287
0.9843269166696067
2.323398191155316
0.1348458185041852
0.13297425128484494
0.4031209409802702
0.03898116417457904
0.5209187696161302
0.5252419238163819
0.39964338588978715
0.6322603799164307
0.14657466560887
1.618815502470346
0.36081827141976186
12.257798547852301
1.9919498994766769
2.8049334249198212
0.18638363561472318
0.5077114544502053
2.398875703628281
4.209277070531518
0.9300001721638935
6.170611633579019
7.021228719237578
6.857066936629594
2.1949898114684228
4.740391364333273
0.37765416692960296
45.444011307864734
619.5838152035567
4.002301309015694
10656.35108596073
1.099999948265276
23.219060927694716
1.1825884814780743
45.43321429298226
1.2587586335572332
1.3963494273413202
1.1010551443134757
0.4158938637520104
1.124362471402989
43.93651338813929
0
0.0013880177602531552
11422578360315045e-21
0
18136315330996725e-22
0.04049034624172993
0.0656225501364367
0.11015697894044078
0.053294386517196285
0.04827230064758931
0.08559677083935091
0.0650390198075582
0.09312328803431769
0.06269287419189164
0.05751266425231206
0.08926477108081726
0.06814758261108748
0.05221782696723827
0.060829085242874996
0.052034981789166074
0.06552236730218815
0.06999507742673307
0.09932908869455208
0.06485270332331293
0.04976257287352315
0.0019047723283364053
0.0075035790757311946
0.023508177273816315
0.0783375956759897
0.04356237374568988
0.13150496114180768
9120776701764484e-20
0.010219699663342206
0.31391406463049065
48061273993355635e-22
0.08053935050612346
0.01105914278875031
0.0012712669092264234
5486382106226866e-21
12044248275298295e-22
0.11579234413185638
0.09894687642051257
0.004162005743317377
0.04242472559509243
0.020712991409255664
0.005819445298537835
0.012267487021655008
0.00048312200072965993
0.6878174050274727
15699130029820832e-25
0.08635264140292767
0.0003420338346649864
0.009730191487944573
0.01104693769654012
0.0001570868733738884
0.00017090484965464272
0.8006812403845256
0.00039366492128429544
0.06053931361561103
0.35093179487315096
1317924609311834e-21
25861727732547656e-22
0.0001447477095098581
12571634279613504e-21
0.0005948459475522602
17003368228389196e-21
1443227893440138e-22
10044051090989405e-22
19077358420586844e-21
0.0837047747138132
0.08467534085857543
4350180523894468e-20
0.0002127293642297511
0.020056490609461842
0.008233618868690633
0.10199896293646586
0.020660552556113192
2782965620158805e-20
0.1638838941269546
0.04038686249284597
5573481651965993e-22
0.4424439797704336
445896559453841e-21
0.0037797232172644317
0.000983577512966687
22994565953104514e-28
0.4614739550061407
0.781894363095413
0.018474356167972928
0.42493336866848663
0.9961213249489516
0.007464491292881422
0.2517166460452183
2233218459837667e-25
4630639534465746e-21
0.0006298372572259818
9121523189115172e-20
0.15534064826767935
8645608188819868e-22
0.00011182757131917852
0.20236878393016855
0.0009300795505774131
0.012008779650480124
12200899437596901e-21
0.165344031301342
0.10912777443968806
0.021762299479798408
3147010806873907e-20
0.00015347406349402274
12006681086521494e-23
0.01388954810445748
0.20433937469514207
8333314590182551e-24
11103428437300825e-21
9106422360813304e-21
965120363062429e-19
10586521699934922e-21
0.5442275931058603
0.20230311279878485
0.005183990942840732
0.0015509146924146287
0.04390632690948808
0.00592097704827075
6760884607838221e-20
0.029335132784664784
8324413962637123e-20
0.000721521009226802
0.08939354575982329
9970389317573337e-22
0.8807594534847775
0.8928630032458676
0.0018317102202627695
0.0005373921351656
5829910130107531e-24
0.0010319292376710046
103904214105937e-22
0.01039514705346706
0.030302759702229096
0.0009047811285175159
0.00033775524567832346
0.00015457499380758127
26181882427081916e-22
0.006164391224593995
0.03171290778864434
0.021990489981302968
11257176079257873e-24
0.9924434524013028
0.07305600055607836
0
0
8178630489738258e-20
6662205885287071e-20
10336393230816542e-22
7596610396961335e-22
0.00019352326539740522
0.0098582702265456
0.0054223601964563765
1520423391394034e-23
0.000131517211595422
7328787437213241e-21
0.06036141278389645
0.013606220404593309
0.11390454463525279
3845637388356043e-22
0.06525407428620297
0.007753727636628761
0.00012015902702863566
0.14517483590258345
0.000296520163214109
18549559457239284e-29
8515600857923342e-20
37361715477471946e-22
0.00012473248988019173
0.016643982310419633
0.003920404260127015
0.00016357977879096348
0.00015213996291458558
3799874526128889e-24
0.000514764316535318
0.023538380333881042
13135133746741562e-24
0.0018094076998085033
0.0018043330998603186
441894619112731e-19
0.12398840677471053
4337441266730243e-20
0.5712029437999497
0.0019146262296338016
0.2355892808473304
0.0033144781257592195
0.0007014070534946996
0.0005696375171113785
447533663469037e-19
0.7060692232519127
12102147542305884e-21
21568124658149296e-21
0.008377063625212164
0.006489530863016211
21715985266912674e-24
8723827681782587e-20
0.003065748806119202
0.15712370343091908
0.03130591480033498
0.00010012354290543705
0.0236191310342019
0.00035425568246584544
0
0.12995255318681784
0.01250732039483891
0.6262982638280504
0.5308424199789475
0.5790732602222166
0.05559070682372154
0.0307278871491362
0.9434086884067223
0.6071919301058595
0.9695820859358552
0.5140970206515075
0.28898704303125783
0.000765836415089079
0.01601296877111024
0.1692434813831238
0.4215319127745022
0.16334475078872587
0.00029932910578899
0.027850292404017648
0.38077129461365933
0.13214552726779202
0.20838254102669743
