0.0039866877516624806
37.84503812502039
133.089745235524
0
154.89672161432526
0.00455279466877398
199.14573905483908
0
128.24310579189986
0
36.984281181547985
0
5.1661118075992025
0
33.73360387511791
0
29.982446710410162
14.143469877755303
91.69985201027569
0.21256305829385844
0.11541815461005558
1.7526222992936986
2.556107760909435
1.0003732080176104
0
6.380272006439843
0.5755530185857695
0.6887520815792196
0.006913326523047874
3.628239077494721
5.933534237350568
25.413610962089415
8.109245099182143
0.8186610169532751
54.5453636507224
2.393915165063465
43095364412032866e-22
40.803845213832325
56.77575682088049
0.003872558060310518
40.284559026011486
0
2.886043666352106
0
8.305197552750553
16.09151830307491
4.491856944628352
0
18.032190738033112
0
0.0895479761955847
0.012668547908746455
33.25090305944234
32.94030044621229
18.44340092561693
21.367908624620547
61.6875573146059
0.052548231046275984
0.14320139160903977
0.009042520472879914
20.30775378464676
50.05408753490507
1.075243550644087
0.8141500274897021
0.0012002850761634227
0.08046510471983964
120.1175819313768
0
229.68215906669934
0
11.218848978100691
0.014962307466814052
25.118431473909418
15.861584269033772
0.283142538393109
1.1261350384457374
3.00047143782878
0
5137019061784097e-20
0.0007999128827600111
0.13204624506092563
0.00293173376478093
0.01630572101273699
0.007655595295019213
0.0006742478035120718
0.0016789588738268383
0.39692240151008207
0.6771219200446333
0.062001764959794585
0.13224161408203822
0.00022685164058855976
0.14675075773523805
0.03051571779128106
2.2103796490653376
0.05206957864366694
0.10134170198018562
0.025168520377058797
0.05446238407470666
0.6105894218457173
0.0006067172622019702
0
1.2636403375342338
1.4488696400124998
0.07526940279346993
0
2.7212094349861427
12202192895566405e-21
0.0025443068899309003
0
0.00020169360956070301
0
0.13418035862918407
1.236664311121158
0
0
0
0
2.23364212339198
0.5697564598668633
1.1799440543767858
5.803493716271304
0.30217567274359014
1.5222474813239832
0.1057446955242246
0.009784050759603768
0.01966391062380683
5.082808555280412
0.0037687774149339362
1.639552958009116
9057616208005847e-22
0.07137532867727424
1.9778379095157974
0.4870882063874577
0.6150418980692199
0.00311109070663111
0.8645006956818477
0.200278093508482
0.0011991753487817145
0.02888092182748551
0.983932347913935
2.322926327711879
0.13489115311062141
0.13317673777389802
0.4039844215944622
0.03903255921689353
0.5221898903294954
0.524236468306251
0.3996799167322055
0.6322492501794877
0.14659029297570855
1.605500602326052
0.36131139615982416
12.285876227880324
1.9920704596298684
2.804914856784596
0.18645628387739285
0.5087190347263042
2.3991207053444428
4.209230371417423
0.9302256772992329
6.179914883252384
7.044724351159992
6.854693053043231
2.1950444264391846
4.7476687750036195
0.37831951246069623
45.44352838499162
619.5837797433795
4.002301291019657
10655.593073024973
1.099999946927768
23.219060877379615
1.1825874861168546
45.43318466931109
1.2588525738830099
1.3963684193323955
1.1007544037513068
0.42005003327194906
1.1243589344904092
44.24855042906733
0
0.0013908155223616072
11782511399817906e-21
0
21189290696116277e-22
0.040584869696880264
0.06577098776971259
0.1103802275812158
0.05341253413491966
0.048331848217049264
0.08578606012910168
0.06517648783519471
0.09331761624924012
0.06283270980107372
0.05764111695073009
0.0894681183460937
0.0683003514473267
0.05233341775017613
0.06096814373446768
0.052149165342557965
0.06565514547951762
0.07014904920497007
0.09958397607841636
0.06499771293996577
0.049874820939537295
0.0019047719638086334
0.007503573418671917
0.023508121745004287
0.07833697892149454
0.04356218305172016
0.13150322276160262
9120776618183958e-20
0.010219689169498457
0.3139041520562547
4806127397014795e-21
0.08053869858993817
0.011059130500143266
0.0012712667468522682
54863821032026455e-22
12044248273840822e-22
0.11579099642951177
0.0989458923858821
0.0041620040028993
0.042424544731949204
0.020712948300899644
0.005819441895912142
0.012267471900918215
0.00048312197727896396
0.6877697469448814
15699130029818357e-25
0.08635189196363093
0.00034203382291114
0.009730181975321554
0.01104692543504259
0.0001570868708946325
0.00017090484672003294
0.8006166305439656
0.00039366490571405237
0.06053894530251127
0.35091940484854683
13179246091373232e-22
25861727725827856e-22
0.00014474770740479588
12571634263734443e-21
0.0005948459120013024
1700336819934153e-20
1443227893419211e-22
10044051089975822e-22
1907735838402081e-20
0.08370407053775024
0.08467462025515471
43501805048812365e-21
0.00021272935968304863
0.020056450190551047
0.008233612057288233
0.10199791724682496
0.020660509665763403
27829656123774175e-21
0.16388119398220308
0.04038669858912026
5573481651653892e-22
0.4424242784089396
44589655943386494e-23
0.003779721781882104
0.0009835774157680617
22994565953104506e-28
0.46145252087594846
0.7818327541130454
0.018474321874560294
0.42491519711480114
0.9960212485379473
0.007464485694607189
0.25171027391076073
22332184598376167e-26
4630639532311361e-21
0.0006298372173694923
9121523105520966e-20
0.15533822238120434
864560818806888e-21
0.00011182757006274569
0.2023646661254586
0.0009300794636647531
0.01200876516079125
12200899422640573e-21
0.1653412828125089
0.10912657744072021
0.021762251892930167
3147010796923569e-20
0.0001534740611274953
12006681086376654e-23
0.013889528720579188
0.20433517627293676
8333314590175574e-24
11103428424914128e-21
9106422352481543e-21
9651203537039682e-20
10586521688674676e-21
0.5441977728755577
0.20229899766723497
0.005183988242749703
0.0015509144507463183
0.0439061331920697
0.005920973525876847
6760884561913295e-20
0.029335046314498445
8324413893014757e-20
0.0007215209569221322
0.0893927425988352
9970389316574566e-22
0.880681249609666
0.8927826314622106
0.0018317098831634388
0.0005373921061504508
5829910130104116e-24
0.0010319291306810864
10390421410582854e-24
0.010395136196215645
0.030302667433156846
0.0009047810462686581
0.0003377552342167018
0.00015457499140698
26181882420194713e-22
0.00616438740662886
0.03171280673167511
0.02199044139120756
11257176079245141e-24
0.9923441150413617
0.07305546417329514
0
0
8178630422533098e-20
666220584069296e-19
10336393229743097e-22
7596610396381531e-22
0.00019352326163463247
0.009858260461839817
0.005422357242343662
15204233913917117e-24
0.00013151720985759432
7328787431816822e-21
0.06036104663251596
0.013606201803478503
0.1139032405281854
3845637388207457e-22
0.0652536463635231
0.007753721596095192
0.0001201590255780135
0.1451727172195982
0.0002965201543802542
18549559457239284e-29
8515600785066216e-20
37361715463447206e-22
0.00012473248831704163
0.016643954475913363
0.003920402715905718
0.00016357977610252064
0.00015213996058902225
3799874526127438e-24
0.0005147642899121933
0.023538324662285236
1313513374672423e-23
0.0018094073708681277
0.001804332772762431
4418946171508223e-20
0.12398686148427084
4337441247828207e-20
0.5711700907353443
0.0019146258613246588
0.23558369942104965
0.0033144770219929007
0.0007014070040655967
0.0005696374845097405
4475336614567367e-20
0.7060189987800979
12102147527590683e-21
2156812461141173e-20
0.008377056574404212
0.006489526631668478
21715985266865293e-24
8723827605318835e-20
0.0030657478617984266
0.15712122151745678
0.03130581632073869
0.0001001235418982413
0.02361907497995989
0.0003542556698569936
0
0.1299508556174196
0.012507304677077606
0.6262587590483284
0.5308140500187408
0.5790394945650787
0.055590396268865534
0.03072779227280188
0.9433189417030672
0.6071548016209664
0.96948728080129
0.5140704140350473
0.288978643017022
0.0007658363561620422
0.016012943007205006
0.16924060168251656
0.42151403120553177
0.163342068386116
0.00029932909678697577
0.027850214466382858
0.38075670630352393
0.1321437719065783
0.20837817474857548
