0.004087158885024446
37.85784775325149
132.84241184400432
0
154.2122339541508
0.004524554273886683
198.8513660434083
0
128.66844379059762
0
36.94934054085718
0
4.705045398710132
0
33.70798365468911
0
30.03017664382476
14.023874680926806
87.08693632414482
0.20054637060386216
0.1054172648158959
1.7389483340339849
2.560737560505794
0.9974893042867968
0
6.378190950993835
0.5735827997326335
0.6593150276641421
0.006920120464845383
3.6404545814814053
5.68446840858277
25.071417450730387
8.06084802132638
0.8292322912853879
53.48203900887136
2.4558200918232997
4241354449547754e-21
40.682093455419434
56.65136120611801
0.003503668259533397
40.067199652358326
0
2.8903611748290636
0
8.286316654227491
15.016750999971226
4.491856909994144
0
18.017227013707895
0
0.08898407920739936
0.011935292369096717
33.250834249641166
32.94030060828327
18.44606417885023
19.337961967817996
61.687412950069174
0.052256606127202135
0.14416608400156064
0.009042459184904606
20.3049553979238
50.03865595401556
1.0770652496848245
0.782269211470737
0.0012182876672866528
0.08201259521206235
115.45583190092125
0
225.15578458514062
0
11.274300627163512
0.014370942055544941
24.937673337825018
15.861551947047042
0.2814198301336892
1.1290689955504292
3.0004319101673422
0
4987726970429155e-20
0.000753579984367318
0.13222207106917427
0.00295317237558279
0.015667697588225147
0.007682051093630267
0.0006808024487372846
0.0016774000650327627
0.399910359642937
0.6770731742656665
0.061862187376449856
0.13282244607577373
0.00021744878865122505
0.14725681530355755
0.03056228249822711
2.209631195174737
0.052417745707221367
0.10062425928528691
0.025282181203298663
0.054684937785567204
0.6066538653091283
0.0006101333926136513
0
1.2636058540719917
1.4474369188033582
0.07228520295940206
0
2.720533785078652
1212302295535168e-20
0.002539395970857969
0
0.00018128863645869406
0
0.13417900367882143
1.2365916072500682
0
0
0
0
2.250456869610557
0.5698875174877328
1.1794745951922703
5.801498225873728
0.3023272762104544
1.523076726758276
0.10588011485535816
0.009720131901193103
0.019800968649349836
5.071655615720383
0.0037703834027663424
1.6399808062197865
9057900869274408e-22
0.0713366408995177
1.9804120152252211
0.48942630020416805
0.6148115871482931
0.003111083485012518
0.8643007700867978
0.20029470660709683
0.0012106132560925891
0.028917955433264156
0.9835381835415427
2.322443665181968
0.13493648331727137
0.13332337840781813
0.4046346639756316
0.03906424683579569
0.5231431896757665
0.5238148860196401
0.399716443888966
0.6322381222703441
0.14660609485994228
1.5950668536563293
0.3616680549477482
12.307155730156127
1.992191539551485
2.804898859111796
0.18652884470065254
0.5094822511573366
2.3993667857689998
4.209190081815664
0.9304508463666522
6.186313778950589
7.063928891794098
6.849085613973372
2.195121485611266
4.7519098427729
0.37883587852491457
45.42374481104393
619.5837442832045
4.002301273023621
10654.835114008574
1.0999999455902598
23.21906082706451
1.1825864907564727
45.43315504565924
1.258945951220763
1.396386454360883
1.100539292376471
0.4241549281806558
1.1243553975881029
44.565900644748325
0
0.00139303376459732
12143003465528786e-21
0
2457011750423801e-21
0.04064864117593455
0.06586957574830875
0.11052245541207587
0.053491596958546245
0.0483674957695189
0.08591129326673412
0.06526461165065864
0.0934426065661446
0.06292491047246683
0.05772631713734447
0.08960365377957083
0.06840134480375047
0.05241013668739162
0.06106163208203756
0.052224883426455544
0.06574006600418021
0.0702510059945028
0.09976357783255975
0.06509475268039878
0.04994926244435952
0.0019047715992809313
0.007503567761616902
0.02350806621632343
0.07833636217185509
0.04356199235858519
0.1315014844043774
9120776534603433e-20
0.010219678675665485
0.31389423979503156
4806127394694026e-21
0.08053804667902974
0.011059118211549876
0.001271266584478134
54863821001784245e-22
1204424827238335e-21
0.115789648742853
0.09894490836103792
0.004162002262481951
0.04242436386957702
0.02071290519263334
0.005819438493288439
0.01226745678020006
0.0004831219538282691
0.687722092164464
15699130029815882e-25
0.08635114253083845
0.00034203381115729405
0.009730172462707833
0.011046913173558668
0.00015708686841537666
0.00017090484378542322
0.8005520259170055
0.00039366489014380996
0.06053857699165227
0.35090701526138585
13179246089628124e-22
25861727719108056e-22
0.00014474770529973363
12571634247855384e-21
0.0005948458764503466
17003368170293863e-21
1443227893398284e-22
1004405108896224e-21
1907735834745478e-20
0.08370336636761123
0.08467389965786647
4350180485868006e-20
0.0002127293551363462
0.020056409771721705
0.008233605245891467
0.1019968715679044
0.020660466775502654
278296560459603e-19
0.163878493881939
0.04038653468605972
5573481651341792e-22
0.44240457792471743
4458965594138889e-22
0.003779720346500322
0.000983577318569446
22994565953104502e-28
0.46143108774130953
0.7817711499851274
0.018474287581211318
0.42489702633819126
0.9959211821812284
0.007464480096337155
0.2517039019376119
22332184598375666e-26
4630639530156976e-21
0.0006298371775130052
9121523021926759e-20
0.1553357965326133
8645608187317894e-22
0.00011182756880631288
0.20236054840453782
0.0009300793767521011
0.01200875067111986
12200899407684246e-21
0.16533853436936352
0.109125380454882
0.02176220430616598
31470107869732313e-21
0.00015347405876096795
12006681086231817e-23
0.013889509336727949
0.20433097793699356
8333314590168596e-24
1110342841252743e-20
910642234414978e-20
9651203443455076e-20
1058652167741443e-20
0.5441679542792152
0.20229488261939266
0.00518398554266008
0.001550914209078046
0.04390593947550601
0.005920970003485039
676088451598837e-19
0.029334959844587
8324413823392392e-20
0.0007215209046174659
0.08939193944506316
9970389315575796e-22
0.880603052678387
0.8927022669132842
0.0018317095460641704
0.0005373920771353031
5829910130100701e-24
0.0010319290236911792
10390421410572008e-24
0.010395125338975573
0.030302575164365544
0.0009047809640198077
0.00033775522275508046
0.00015457498900637876
2618188241330751e-21
0.00616438358866609
0.0317127056750279
0.021990392801219515
11257176079232408e-24
0.9922447876244667
0.07305492779445008
0
0
8178630355327939e-20
666220579609885e-19
10336393228669654e-22
7596610395801726e-22
0.0001935232578718598
0.009858250697143705
0.005422354288232557
1520423391389389e-23
0.0001315172081197667
7328787426420404e-21
0.06036068048335654
0.013606183202389127
0.11390193643604889
3845637388058871e-22
0.06525321844364945
0.007753715555566329
0.00012015902412739135
0.14517059856753306
0.0002965201455463997
18549559457239284e-29
851560071220909e-19
37361715449422467e-22
0.0001247324867538915
0.01664392664145364
0.00392040117168503
0.00016357977341407786
0.00015213995826345898
3799874526125988e-24
0.00051476426328907
0.023538268990821096
13135133746706895e-24
0.001809407041927812
0.0018043324456646027
4418946151889136e-20
0.12398531621309039
4337441228926171e-20
0.5711372395603018
0.0019146254930155872
0.23557811812700039
0.0033144759182269497
0.0007014069546364975
0.0005696374519081044
4475336594444364e-20
0.7059687778808756
1210214751287548e-20
21568124564674162e-21
0.008377049523602197
0.006489522400323504
21715985266817912e-24
8723827528855085e-20
0.0030657469174779424
0.15711873964319856
0.031305717841452196
0.00010012354089104557
0.023619018925850912
0.0003542556572481422
0
0.12994915807019672
0.012507288959336053
0.6262192567604347
0.5307856815747178
0.5790057308768103
0.05559008571574442
0.0307276973967605
0.9432292035370383
0.6071176754064004
0.969392484936712
0.5140438087955879
0.28897024324695014
0.0007658362972350099
0.016012917243341224
0.16923772203090784
0.42149615039510546
0.16333938602755585
0.0002993290877849618
0.02785013652896617
0.3807421185523036
0.13214201656868202
0.208373808561941
