0.004388572285110341
37.87827768366653
132.1005960146509
0
152.1077885409415
0.004438630413001916
197.9289829505072
0
129.87097494186835
0
37.04260744141121
0
4.0125080207333
0
33.62936049303805
0
30.169201041904632
13.69433813284064
78.37712394587392
0.17086298752714912
0.07986287501517224
1.7102541652887187
2.5685400458884833
0.9888789458294647
0
6.371936909074208
0.5677042534082175
0.590278502014886
0.006938409163513084
3.6745611638052336
5.098791091420751
23.811256175343527
7.931260821616866
0.8589650759287434
49.77228486796932
2.626239812181267
4067881587508084e-21
40.31596175990744
56.27723988376094
0.002648191658492542
39.41512089169589
0
2.9023583672566624
0
8.276885754616805
13.29079052478107
4.491841037618379
0
17.972424084084167
0
0.08796636581724937
0.010145672569255765
33.250627593700884
32.94030082880116
18.453996050824085
16.40625910327057
61.687076362319424
0.05177238002222501
0.14704356456622003
0.009042332207941334
20.296433371323406
49.994043548467715
1.0823781363372365
0.6964943452848054
0.0012797208024307898
0.08657979653261742
102.90206494779356
0
213.30648977626996
0
11.413863671739986
0.012783133939207564
24.483772997772
15.861247252371761
0.2783196627494849
1.1366363669124442
3.0003057311244192
0
45733058316676985e-21
0.0006405189187606313
0.13243803908808677
0.003016299249180256
0.013951907663749106
0.0077597023358482444
0.0007004584570726304
0.001672746794209181
0.4080625394605165
0.6769270603798384
0.061741290280479345
0.13452835636159696
0.00019360592383379588
0.148554740702875
0.030661151362942115
2.207424010862054
0.05334907283023911
0.09923296167350316
0.02555978772433544
0.05518802531840622
0.5993181692423263
0.0006202466241704579
0
1.2635019202410236
1.4432886820491093
0.06427556408670018
0
2.718507347558829
11976376248611526e-21
0.002538523549314504
0
0.00015162909153621437
0
0.1341749239409013
1.2363734457187374
0
0
0
0
2.287479818769993
0.5702787787110773
1.1780782660931464
5.7955054224458085
0.30278110861664814
1.5239665999111358
0.10627628375754879
0.009602423562230731
0.0202101861768992
5.038439202396388
0.0037751244008716925
1.6412542877127665
9058754882286255e-22
0.07121987376385673
1.9878244161303233
0.49525487556474596
0.6137083742990325
0.0031110917718066497
0.8637022530987715
0.20034450585623287
0.0012410898210121763
0.028969061244251217
0.9823582956396842
2.3209494506814456
0.13507244615322536
0.13352015310712728
0.40565428468537
0.03907346169430217
0.5246131495945171
0.5240137244049821
0.3998260423622495
0.6322047495116546
0.14665378684268732
1.5757466623112861
0.3621445132871652
12.341290330227096
1.9925560206209005
2.8048619531719314
0.18674560346427443
0.5107058041347762
2.400107678693603
4.209096858435458
0.9311231101986142
6.192874269200357
7.102673219427823
6.818247124815268
2.195489913629213
4.751417315192885
0.3797359401170221
45.28321568130959
619.5836379026916
4.002301219035512
10652.561560437176
1.0999999415777355
23.2190606761192
1.182583504680354
45.43306617481959
1.2592233099956665
1.3964354731908692
1.1001966640662921
0.43617132889731136
1.1243447869450585
45.51394891653763
0
0.0013971583393133252
13226567466313141e-21
0
3678926775513238e-21
0.040705403741861504
0.06594727935708804
0.11059511235835917
0.05355786460402975
0.048370466245343885
0.08600685057975277
0.0653132512283724
0.09351450732843232
0.06299317106744441
0.05779275141446168
0.08971361986019263
0.06847786417359486
0.052470304635065475
0.0611427653932109
0.05228384429790526
0.06578570831104293
0.0703294265732952
0.09997265343400537
0.06517609717518645
0.05000721700058914
0.0019047705056982433
0.007503550790477452
0.023507899631067836
0.07833451195207078
0.04356142028418882
0.13149626947057785
9120776283861862e-20
0.010219647194231216
0.31386450488934026
48061273877317195e-22
0.08053609097796514
0.011059081345851634
0.0012712660973558552
5486382091105764e-21
1204424826801093e-21
0.11578560577699
0.09894195634522222
0.00416199704123427
0.04242382128708672
0.02071277586837274
0.005819428285429267
0.012267411418157424
0.00048312188347619144
0.687579147633969
15699130029808458e-25
0.08634889427148591
0.0003420337758957586
0.00973014392492247
0.011046876389188559
0.00015708686097760932
0.00017090483498159435
0.8003582433135163
0.00039366484343308634
0.060537472072519756
0.35086984912440733
13179246084392796e-22
25861727698948654e-22
0.00014474769898454717
12571634200218204e-21
0.0005948457697974922
17003368083150863e-21
14432278933355026e-23
1004405108592149e-21
19077358237756686e-21
0.0837012538927375
0.08467173790279604
43501804288283125e-21
0.00021272934149623956
0.020056288515722408
0.008233584811734976
0.1019937345954639
0.02066033810525463
2782965581251868e-20
0.1638703938480644
0.040386042980869154
5573481650405489e-22
0.4423454817352915
4458965593539608e-22
0.0037797160403582443
0.000983577026973657
22994565953104486e-28
0.46136679431025046
0.7815863667242453
0.01847418470154634
0.42484251867048306
0.9956210434266831
0.007464463301552243
0.25168478698597696
22332184598374164e-26
4630639523693821e-21
0.0006298370579435593
9121522771144142e-20
0.1553285192141384
8645608185064933e-22
0.00011182756503701454
0.2023481957444936
0.0009300791160141939
0.012008707202210589
12200899362815261e-21
0.16533028931404606
0.10912178957614367
0.021762061546497763
31470107571222175e-21
0.00015347405166138599
12006681085797297e-23
0.01388945118533654
0.20431838344671907
8333314590147664e-24
11103428375367337e-21
9106422319154491e-21
9651203162701264e-20
10586521643633689e-21
0.5440785082930524
0.20228253797809437
0.00518397744239965
0.001550913484073454
0.04390535833094307
0.005920959436322187
6760884378213595e-20
0.02933470043638195
83244136145253e-18
0.0007215207477034902
0.0893895300270426
9970389312579487e-22
0.8803685035413796
0.892461216668379
0.0018317085347667368
0.0005373919900898694
5829910130090456e-24
0.0010319287027215245
10390421410539472e-24
0.010395092767323392
0.03030229835967734
0.0009047807172733012
0.0003377551883702189
0.0001545749818045752
26181882392645898e-22
0.006164372134791967
0.03171240250701844
0.021990247031899564
11257176079194208e-24
0.9919468650221065
0.07305331868154362
0
0
8178630153712468e-20
6662205662316517e-20
10336393225449321e-22
7596610394062314e-22
0.00019352324658354218
0.0098582214031134
0.005422345425908896
15204233913824208e-24
0.00013151720290628392
7328787410231148e-21
0.06035958204920457
0.013606127399273577
0.11389802424922295
38456373876131136e-23
0.0652519347008657
0.007753697434007975
0.00012015901977552503
0.1451642427968536
0.00029652011904483767
18549559457239284e-29
8515600493637718e-20
3736171540734825e-21
0.00012473248206444127
0.016643843138353768
0.0039203965390266155
0.00016357976534874975
0.00015213995128676936
3799874526121637e-24
0.0005147641834197083
0.023538101977218708
13135133746654895e-24
0.0018094060551072236
0.0018043314643714737
4418946093031875e-20
0.12398068051510208
43374411722200646e-21
0.5710386973714645
0.0019146243880887972
0.2355613750382101
0.0033144726069313014
0.0007014068063492204
0.0005696373541032074
4475336534075355e-20
0.7058181366162223
12102147468729877e-21
21568124424461458e-21
0.008377028371231759
0.006489509706305135
21715985266675773e-24
8723827299463835e-20
0.0030657440845182344
0.15711129425564238
0.03130542240545142
0.00010012353786945838
0.023618850764322158
0.00035425561942159067
0
0.12994406556157714
0.01250724180622991
0.6261007648461502
0.5307005853389409
0.5789044516240729
0.055589154066790415
0.030727412770394008
0.9429600402565881
0.6070063103832779
0.9691081529538377
0.5139640013385023
0.2889450454016479
0.0007658361204539402
0.016012839951998585
0.16922908337006426
0.42144251251476883
0.16333133921616616
0.0002993290607789214
0.02784990271802473
0.38069835865191853
0.13213675069489456
0.20836071055094285
