0.004639750118515254
37.883245996366675
131.4825786491831
0
150.26304468720545
0.004365127503910253
197.1120899640393
0
130.79602178588965
0
37.26215796512917
0
3.9319836264179644
0
33.563014640392296
0
30.28054241946308
13.436286297249673
75.67504902042003
0.1517528950339876
0.06281108524906366
1.6951704574597524
2.5709472421593853
0.9817434339864964
0
6.366712758363275
0.5628340920183643
0.5499330345408653
0.006951434601247913
3.700059524205154
4.755499186527249
22.527504184284464
7.815768483197517
0.8813747671574411
46.21745982589367
2.7495960778505473
3942954389338379e-21
40.0098850107402
55.9643985840792
0.002141979996509376
38.87186856975837
0
2.9115391669708948
0
8.30347942957641
13.067213864229318
4.491820005167251
0
17.93519148968913
0
0.0876274975482443
0.00900606857800333
33.25045521488799
32.940300818006
18.460539606885895
16.15928743443475
61.686854079223494
0.05166418380279574
0.14929491042758078
0.009042267228745843
20.289254160839135
49.958144831119306
1.0866611190571147
0.635234028684963
0.0013368861345710802
0.09030217630522942
93.91829203946895
0
205.26320502479464
0
11.507756108781077
0.011651058767991204
24.14645236611026
15.860835935088806
0.2773026092192979
1.1418312977084184
3.000194692355456
0
426770840267785e-19
0.0005685390319247276
0.1324083783186967
0.0030680132099803695
0.012726153134416211
0.007822592322624267
0.0007168282851269191
0.0016688853610437755
0.41427721888219304
0.6768054719042876
0.06186649179314074
0.135914924727934
0.00017753525143393914
0.14947496462235327
0.030713093231077005
2.205613853459152
0.05404426658360612
0.09864958563779318
0.02574628137755685
0.055480237244879216
0.59659033560704
0.0006285459747433492
0
1.2634149444575926
1.4399705071555995
0.0585673516663363
0
2.7168198066095965
11922941464845523e-21
0.0025478582296845995
0
0.00014826049425737124
0
0.13417151237224278
1.2361917621670593
0
0
0
0
2.30277860623833
0.5706019437411882
1.1769245940934772
5.790504173757445
0.3031581849023437
1.5236367734805067
0.10659606178914006
0.009560360667302032
0.020549178237621018
5.010983909568693
0.003778993624218802
1.6423041007414445
9059466586258321e-22
0.07112205978458999
1.9936831370450792
0.49913497301377685
0.612513731775447
0.0031111202871804402
0.8632047601947369
0.2003859594362978
0.0012638019411122452
0.02897125097490283
0.9813781782984476
2.3196739844078484
0.13518571524336476
0.13352069474478834
0.40587647365477997
0.03902342721869175
0.5249003897408147
0.5244627611577077
0.3999174144044078
0.6321769514536602
0.14669309541316686
1.5687133785260685
0.3621429298546489
12.349706876229625
1.9928593451077943
2.8048396047415745
0.1869247878567738
0.5110073671968854
2.400724397498576
4.209040133429529
0.9316784210998086
6.189863104634556
7.12208567317267
6.783167402074927
2.195908034802392
4.74215959431264
0.38004918925509135
45.116114375130195
619.5835492522782
4.002301174045422
10650.667303055527
1.0999999382339651
23.219060550331438
1.182581016289348
45.432992115919326
1.2594518601539668
1.3964713177735915
1.100084483607227
0.44585652904331524
1.1243359448179826
46.267769206055455
0
0.0013988864738941303
14130685261363524e-21
0
4948501244041048e-21
0.040662047073965736
0.06586516086300828
0.11041752889415578
0.053497963346182106
0.04830319604512832
0.08589782397047116
0.06520861716049917
0.09337050064512578
0.06290976298544636
0.05772072568100044
0.08960545421105397
0.06838912744513284
0.05240597431283469
0.061076102824003706
0.052219726990655004
0.06568306293645602
0.07024162372124425
0.09992438790637788
0.06510260572509168
0.049944140543632
0.0019047695943798166
0.007503536647890565
0.023507760810923258
0.07833297013563265
0.04356094356126407
0.1314919238503901
9120776074910558e-20
0.010219620959776741
0.31383972795296694
4806127381929798e-21
0.08053446126335527
0.011059050624530309
0.0012712656914207656
5486382083545212e-21
12044248264367248e-22
0.11578223674660626
0.09893949639932076
0.00416199269019954
0.04242336914031234
0.020712668098772376
0.005819419778893634
0.012267373616583357
0.00048312182484946785
0.6874600498883077
1569913002980227e-24
0.08634702076674072
0.00034203374651114847
0.009730120143498605
0.011046845735640373
0.00015708685477947015
0.00017090482764507066
0.800196793643021
0.0003936648045074876
0.060536551321980915
0.35083888035060656
13179246080030023e-22
25861727682149154e-22
0.00014474769372189197
12571634160520555e-21
0.000594845680920128
17003368010531696e-21
1443227893283185e-22
10044051083387534e-22
19077358146341608e-21
0.08369949353773533
0.08466993648239672
43501803812952345e-21
0.00021272933012948466
0.02005618746961632
0.008233567783309975
0.10199112052546315
0.02066023088066008
27829655617983996e-21
0.16386364412566765
0.040385633231116706
5573481649625238e-22
0.4422962409409843
44589655930402067e-23
0.003779712451910261
0.0009835767839772322
22994565953104474e-28
0.46131322329424523
0.7814324140377713
0.018474098968929837
0.4247971009555788
0.9953709968944905
0.007464449305927016
0.2516688589685046
2233218459837291e-25
463063951830786e-20
0.0006298369583023716
9121522562158633e-20
0.15532245504251285
8645608183187466e-22
0.00011182756189593268
0.20233790243712912
0.0009300788987326604
0.012008670978239726
12200899325424442e-21
0.16532341874869785
0.10911879726745745
0.021761942580822962
3147010732246373e-20
0.00015347404574506799
12006681085435198e-23
0.013889402726029678
0.20430788863116237
8333314590130219e-24
11103428344400594e-21
9106422298325084e-21
9651202928739761e-20
10586521615483073e-21
0.5440039812023659
0.20227225135245733
0.0051839706921922935
0.0015509128799032195
0.0439048740496832
0.00592095063036755
6760884263401287e-20
0.02933448426463006
8324413440469392e-20
0.0007215206169418698
0.08938752222830072
997038931008256e-21
0.8801730936498083
0.892260391185906
0.0018317076920193022
0.0005373919175520188
5829910130081919e-24
0.0010319284352468885
10390421410512357e-24
0.010395065624357871
0.030302067691035342
0.0009047805116512639
0.00033775515971617027
0.00015457497580307256
2618188237542789e-21
0.006164362589913122
0.0317121498692245
0.021990125558204395
11257176079162377e-24
0.9916986645190244
0.07305197778119568
0
0
817862998569958e-19
6662205550831244e-20
10336393222765711e-22
7596610392612804e-22
0.00019352323717661133
0.009858196991487975
0.005422338040650245
1520423391376614e-23
0.0001315171985617151
7328787396740102e-21
0.06035866670268075
0.013606080896852111
0.11389476419617997
38456373872416484e-23
0.0652508649345049
0.007753682332741699
0.00012015901614896991
0.14515894653385103
0.00029652009696020445
18549559457239284e-29
8515600311494912e-20
373617153722864e-20
0.00012473247815656622
0.01664377355275723
0.0039203926784821186
0.00016357975862764328
0.00015213994547286162
3799874526118011e-24
0.0005147641168619162
0.023537962800121947
13135133746611562e-24
0.0018094052327571443
0.0018043306466276072
44189460439841575e-21
0.12397681756584612
43374411249649754e-21
0.5709565918686473
0.0019146234673169588
0.235547423373227
0.003314469847520788
0.0007014066827765134
0.0005696372725991393
447533648376785e-19
0.7056926267838874
12102147431941874e-21
21568124307617538e-21
0.008377010744297192
0.006489499127975462
21715985266557324e-24
8723827108304465e-20
0.003065741723720477
0.15710509003552414
0.03130517621091389
0.00010012353535146916
0.023618710630629446
0.0003542555878994675
0
0.129939821956842
0.012507202512110589
0.6260020387114228
0.5306296822307547
0.5788200657797434
0.055588377704589256
0.030727175583769226
0.942735796197659
0.606913521802184
0.9688712733420537
0.5138975045892673
0.2889240488756699
0.0007658359731364132
0.016012775542831374
0.16922188482287057
0.42139781949529703
0.16332463384283055
0.0002993290382738897
0.02784970787707298
0.3806618959102407
0.13213236262703745
0.2083497961707034
