0.0047904568185582015
37.883564250424335
131.11183298073246
0
149.10700657958188
0.0043199937052550595
196.59902276649134
0
131.32038243509504
0
37.43462276787747
0
3.9954110168823234
0
33.52318865938185
0
30.345462130185805
13.283037922999302
75.11577371859886
0.1421897326491672
0.05412231532633763
1.6885889620733214
2.571490172506145
0.9774760140817967
0
6.363572838795957
0.5599206688379316
0.5313583623420683
0.006958369269173935
3.7140930506402645
4.5971975935558245
21.672155319538756
7.7372997667012635
0.8937632562338593
43.943415027207514
2.8151824373971235
3872402022890204e-21
39.82583488506366
55.776224345299894
0.0019023339661650184
38.54605079327597
0
2.9167824487487914
0
8.329540455842979
13.21909906689369
4.491806881333281
0
17.91289689882656
0
0.08757703342106493
0.008438292960168932
33.25035174025686
32.94030075570887
18.464436865396618
16.502630903110575
61.68673206713038
0.05168806643951231
0.15055292867905254
0.009042239604624781
20.28493068137922
49.93697110041141
1.089178820537223
0.602429728319606
0.0013731614985910085
0.09250009212348494
89.09970696218018
0
200.8005783021192
0
11.557083951951874
0.011045292671339453
23.945640653305098
15.860541934368946
0.2771639532062355
1.1445709350522357
3.0001263292600906
0
41013657850743953e-21
0.0005326817179239202
0.13234425014715517
0.0030987992632632543
0.012069422328497025
0.007859610337884985
0.0007266466405271857
0.0016665706755239946
0.41786332970471246
0.676732602428955
0.06201180568878855
0.13673434784240243
0.0001691873674260638
0.149985107150867
0.030735971500319828
2.2045340197430647
0.05444157917787682
0.09847269473330045
0.02584730383492187
0.055619410005867675
0.5959706926487202
0.0006334815957795465
0
1.2633626536209093
1.4380296608084016
0.05551375722559528
0
2.715807946350771
11911548296826171e-21
0.0025564031496023497
0
0.00015092222720915194
0
0.13416946198325308
1.2360828509441097
0
0
0
0
2.3052173953329427
0.5707943944183115
1.1762349300580923
5.7875002658518575
0.30338394458922785
1.5232023684349942
0.10678394045347002
0.009551960754134647
0.020751762193141697
4.994583923703352
0.0037812824047425385
1.6429290493717024
9059893616927675e-22
0.07106322920945254
1.9970757544372595
0.5011569008219479
0.6117364937542488
0.0031111434692850303
0.8629067591841
0.20041081164119678
0.0012767989149084777
0.028963614814018983
0.9807914856101239
2.3189023236176265
0.1352536617341327
0.13348489851396136
0.4058707296518776
0.03898065384347645
0.5248648165816208
0.5246278018943001
0.39997225637249056
0.6321602781090132
0.14671625188662618
1.5672177379271734
0.36205396449571686
12.35031624908418
1.9930406614295235
2.8048286639047233
0.18703155995840517
0.5110292076771281
2.4010931088686083
4.209012252683601
0.9320091412909303
6.186190858944765
7.130810907151018
6.760056181577088
2.1961836226811524
4.734672568802646
0.3801403603346995
45.00702852003438
619.5834960620361
4.0023011470513685
10649.53091031367
1.0999999362277029
23.219060474858782
1.1825795232572578
45.43294768063711
1.2595880537855466
1.3964909648939858
1.100050681373285
0.45153027658561035
1.1243306395753
46.69733841954681
0
0.0013995419611880558
14673313366888067e-21
0
5824900937629971e-21
0.04061602231268237
0.06578349283848656
0.110258560827485
0.05343661412279623
0.04824749014360813
0.08579079603537684
0.06511387327114292
0.09323918698611691
0.06282878671075479
0.05764941703451273
0.0894964802657698
0.06830225767315581
0.05234212891992004
0.06100647516322896
0.052156280047275495
0.06559049655258058
0.07015516648743016
0.09984618630308267
0.06502734313422114
0.04988173297773821
0.0019047690475889698
0.007503528162351226
0.02350767751923
0.07833204506033625
0.04356065753001343
0.13148931654721144
9120775949539778e-20
0.010219605219136379
0.3138248627299985
4806127378448645e-21
0.08053348345041912
0.011059032191778475
0.001271265447859774
54863820790088816e-22
1204424826218104e-21
0.11578021537543019
0.09893802046113699
0.004161990079580884
0.0424230978545608
0.02071260343728131
0.005819414674978223
0.012267350935694832
0.0004831217896734371
0.6873886011432011
15699130029798558e-25
0.08634589668340531
0.00034203372888038356
0.009730105874672186
0.01104682734355229
0.00015708685106058677
0.00017090482324315658
0.8000999394737416
0.0003936647811521302
0.06053599887837966
0.3508203003983698
13179246077412361e-22
25861727672069453e-22
0.00014474769056429897
12571634136701964e-21
0.0005948456275937159
17003367966960195e-21
14432278932517943e-23
1004405108186716e-21
19077358091492562e-21
0.08369843734250498
0.08466885564855359
4350180352775388e-20
0.000212729323309432
0.02005612684219703
0.008233557566271877
0.10198955211562177
0.020660166546170464
2782965550126319e-20
0.1638595944256785
0.04038538738326072
5573481649157087e-22
0.44226669909549293
4458965592740566e-22
0.003779710298843106
0.0009835766381794061
22994565953104466e-28
0.4612810836704468
0.7813400569821606
0.018474047529550907
0.4247698526572484
0.9952209991193488
0.0074644409085644755
0.25165930264187186
2233218459837216e-25
46306395150762826e-22
0.0006298368985176666
912152243676733e-19
0.1553188166531786
8645608182060985e-22
0.00011182756001128361
0.20233172670404645
0.0009300787683637647
0.012008649243909658
1220089930298995e-20
0.16531929654653804
0.1091170019216319
0.021761871201730253
3147010717320867e-20
0.00015347404219527726
1200668108521794e-22
0.013889373650526714
0.20430159200058193
8333314590119751e-24
11103428325820548e-21
910642228582744e-20
9651202788362862e-20
10586521598592702e-21
0.5439592698481781
0.2022660796281664
0.005183966642072098
0.0015509125174011918
0.043904583483491286
0.005920945346801054
6760884194513902e-20
0.029334354562343568
832441333603585e-19
0.0007215205384849089
0.08938631757070252
9970389308584405e-22
0.8800558685349594
0.8921399175885701
0.0018317071863710275
0.0005373918740293131
5829910130076797e-24
0.0010319282747621402
10390421410496088e-24
0.010395049338612577
0.030301929290692985
0.000904780388278064
0.0003377551425237423
0.00015457497220217105
26181882365097087e-22
0.006164356862992909
0.031711998287514205
0.021990052674309382
11257176079143277e-24
0.9915497740279067
0.07305117325280087
0
0
8178629884891848e-20
666220548394008e-19
10336393221155544e-22
7596610391743098e-22
0.00019352323153245306
0.009858182344541735
0.005422333609499882
152042339137313e-22
0.0001315171959549739
7328787388645475e-21
0.060358117501429415
0.013606052995475522
0.11389280820914367
38456373870187697e-23
0.06525022308310677
0.007753673271996051
0.00012015901397303688
0.14515576886880135
0.00029652008370942534
18549559457239284e-29
8515600202209229e-20
3736171535124929e-21
0.00012473247581184122
0.01664373180153895
0.0039203903621572445
0.00016357975459497953
0.00015213994198451706
37998745261158354e-25
0.0005147640769272451
0.0235378792942589
13135133746585562e-24
0.0018094047393472762
0.0018043301559814652
4418946014555527e-20
0.12397449985406582
4337441096611922e-20
0.5709073342336354
0.0019146229148540685
0.23553905277087364
0.003314468191875583
0.0007014066086328996
0.0005696372236967042
4475336453583346e-20
0.7056173315975633
12102147409869071e-21
21568124237511186e-21
0.008377000168154257
0.006489492780985935
21715985266486252e-24
8723826993608845e-20
0.0030657403072426957
0.15710136762105403
0.03130502849512071
0.00010012353384067565
0.023618626550812902
0.00035425556898619495
0
0.12993727586052156
0.012507178935698252
0.6259428105031635
0.5305871449128953
0.5787694401776302
0.055587911892473085
0.03072703327267317
0.9426012753601588
0.6068578554619417
0.9687291733681807
0.5138576106694106
0.288911451692444
0.0007658358847459106
0.016012736897455405
0.1692175658415344
0.4213710059586508
0.16332061075096485
0.00029932902477087137
0.027849590973156237
0.380640019941583
0.13212972985626972
0.20834324781698657
