0.00038678955415714125
32.66025737272471
142.11057293830578
0
274.261592456408
0.0055630480339037315
208.33575324595512
0
93.17154623715129
0
631.0269217749426
0
29.289886890967562
0
34.1734196641348
0
27.647220754198248
17.68624295012907
189.60057938192136
497.87359534366686
1.6434960805859387
54.47973637467273
1.4226678325347306
1.1084182247404026
0
6.453623520684817
0.6488012405938673
7.3692460957403805
0.006519178152082592
3.0078930865510576
53.75957407363814
15.426661751121463
36.513883971740306
0.42334007514872507
32.6430008238675
1.6059717582236357
11312971613439384e-21
45.05048913742201
61.13352780259499
58.88305993867467
46.71372432042454
0
2.679778544697306
0
228.45458079931032
35.427374508074074
4.860980984230448
0
15.228611370399289
0
3.6274441055409863
11.305088505173458
32.688986020531544
32.28289882043266
18.376688238523556
122.3445763688069
833.1944078796118
1.970088164156343
0.0914979416157174
0.16224568278631166
14.34206801793213
51.48640287771586
0.9988093715837333
2.1719991323346
0.005614604069396054
0.009353851681046303
333.4712979199827
0
273.7853420407173
0
7.163658984810873
0.03484054991309562
281.1291680152804
9.956644917611754
0.001007827290343478
0.9837434019366457
2.9882529196968757
0
6352695665262222e-20
5.335950436047605
0.0746887068311155
0.001917665241820642
0.046641885889293425
0.007960871102439182
0.000614585484238698
0.001735950428191342
0.1813262208194885
0.6787788538536195
0.8130358623457455
0.09896172109303948
0.010563677378491716
0.08626941600650545
0.01734434152725188
2.2848158532528
0.02464563186165042
3.2838465946846833
0.012311105595520809
0.026266321053320576
10.58742691138939
0.0004634562889801639
0
1.2640123775596883
1.5440545464861413
0.2209882962763392
0
2.741689074590991
0.007033352572127476
0.05140543494017726
0
0.0037298642330806124
0
0.13422093146150282
1.2390459226902035
0
0
0
0
1.4608908566480105
0.5659842900789299
1.2107128853509566
5.874247474635799
0.2966339807191747
1.1350121167177505
0.09958136012377868
0.37915141705212724
0.0077391660088937525
5.500905197794167
0.003700719614924287
1.6230350203052313
9047400940650699e-22
0.04786743589347942
1.8440430155230678
0.253471632999395
0.5174429291890565
0.06600835880337501
0.8719695143713441
0.19967833630526133
0.0004187830934264538
0.01722421367714602
0.9985309183974422
2.3255733853446925
0.1332653966721614
0.08329879371954214
0.22836444778709927
0.023089478664771845
0.2766666393053629
656.0345960054392
0.3703696731492878
0.6326534649700319
0.15547344576116806
41.753299288489
0.22679651625360595
6.789999126089371
1.990680085602308
2.812306289999858
0.1843794223621189
0.299024915175731
2.3963070202691235
4.227706665695659
0.9237428619656279
3.6960315104746244
3.5841443045302275
4.367753055100291
2.1699194794638768
2.5147514952310384
0.23914811970947994
29.562851344074268
619.585050288962
4.002301935820838
10682.786482765532
1.0999999948509191
23.219062680178613
1.1826231506053817
45.43424610265822
1.1978826460661867
1.3895230700765617
56.70424123539937
0.22964530088923993
1.1244856685374127
49.38182529944773
0
0.0008578460906105459
9921062280964372e-22
0
2611078235425761e-31
0.019687708012274516
0.031995811512982045
0.05488209815797931
0.026393763055630702
0.028786086313970675
0.04208419736244973
0.03194809981637172
0.04607122378208903
0.030579904107321025
0.02818291126659282
0.0434851065756388
0.03324194352828471
0.025715991439541085
0.029785830365905923
0.025718428176632106
0.03270291421410041
0.03450928562486813
0.04803834958321948
0.03170576089046892
0.02426034542259052
0.0019047850249456822
0.007503776114751877
0.023510111433852548
0.07835908037261305
0.04356901617075699
0.1315655235683827
9120779612889218e-20
0.01022006517247039
0.3142595167078587
4806127480168333e-21
0.08056206015334778
0.01105957081159328
0.0012712725647594525
5486382211560993e-21
12044248326062297e-22
0.11583929462826031
0.09898115662524244
0.004162066362836088
0.04243102557100184
0.020714492936784054
0.005819563813824444
0.012268013691179332
0.0004831228175221931
0.6894794066030407
15699130029906948e-25
0.08637874856308049
0.00034203424405375324
0.009730522820063323
0.011047364775125787
0.00015708695972682746
0.0001709049518676435
0.8029348688143674
0.00039366546359895547
0.06055214342329972
0.35136361466343957
1317924615390082e-21
25861727966599385e-22
0.0001447477828295616
12571634832683931e-21
0.000594847185799638
1700336924012457e-20
14432278941690376e-23
10044051126292644e-22
1907735969418818e-20
0.08372930498551218
0.08470044342813077
4350181186128662e-20
0.00021272952259225172
0.020057898457988197
0.008233856114538033
0.10203539117888336
0.020662046490022377
278296589118588e-19
0.16397796840383227
0.04039257170322535
5573481662836526e-22
0.4431307293250799
4458965601496116e-22
0.003779773212220902
0.0009835808984177167
2299456595310469e-27
0.4622211310571331
0.7840432467145818
0.01847555065322694
0.42556677218516364
0.9996132852392786
0.00746468628436737
0.25193868928320895
22332184598394125e-26
4630639609503356e-21
0.0006298386454360271
912152610071648e-19
0.1554251659594848
8645608214976893e-22
0.00011182761508096095
0.20251226008131626
0.0009300825777655603
0.012009284339775193
12200899958528464e-21
0.1654397901601268
0.10916947431589996
0.021763957003634347
3147011153445914e-20
0.00015347414592060724
12006681091566282e-23
0.01389022326519264
0.204485660311283
8333314590425567e-24
11103428868731644e-21
9106422651010058e-21
965120689019301e-19
10586522092131289e-21
0.5452672571718831
0.20244649579237609
0.0051840849883588325
0.001550923109787441
0.043913074654236064
0.0059210997351711175
6760886207411554e-20
0.029338144714660633
8324416387596615e-20
0.0007215228310099261
0.08942152450004891
9970389352360683e-22
0.8834876456464977
0.8956668858220838
0.001831721961529845
0.0005373931457692774
5829910130226453e-24
0.0010319329641554004
10390421410971534e-24
0.010395525220499753
0.03030597362539278
0.0009047839932642183
0.0003377556448888443
0.0001545750774209653
26181882666964557e-22
0.006164524206459785
0.031716427821424
0.021992182449779962
11257176079701374e-24
0.9959096018887146
0.07307468531936565
0
0
8178632830505985e-20
6662207438507897e-20
10336393268204724e-22
7596610417155993e-22
0.00019352339645548096
0.009858610338983104
0.005422463089720716
15204233914749254e-24
0.00013151727212427602
7328787625171408e-21
0.06037416728623324
0.013606868300527911
0.11394997622938223
38456373935313376e-23
0.06526898065881903
0.007753938032400878
0.000120159077554069
0.14524864929690315
0.0002965204708989738
18549559457239284e-29
851560339555011e-19
37361715965956096e-22
0.00012473254432499527
0.01664495182016468
0.0039204580460031205
0.00016357987242992302
0.00015214004391438248
3799874526179425e-24
0.0005147652438242449
0.023540319467417244
13135133747345313e-24
0.0018094191568963573
0.0018043444927736847
4418946874463599e-20
0.12404224152904336
433744192509151e-19
0.5723484016519215
0.0019146390579495628
0.2357837654307994
0.003314516570361593
0.0007014087751211285
0.0005696386526332666
4475337335578136e-20
0.7078207815421527
1210214805483893e-20
21568126286026982e-21
0.008377309209783494
0.006489678243315869
21715985268563045e-24
8723830345028792e-20
0.0030657816971576867
0.15721017337638432
0.031309345055127544
0.00010012357798624668
0.023621083496220448
0.00035425612163463114
0
0.13001169366376789
0.01250786785952646
0.627675778252042
0.531831497329204
0.5802505533640377
0.05560152458604172
0.03073119189117507
0.9465399153005764
0.6084865394133009
0.9728899565641598
0.5150245935091711
0.289279769398511
0.0007658384675308612
0.016013866158280703
0.16934381243728905
0.42215520450154653
0.1634382068304638
0.0002993294193308817
0.02785300712150292
0.38127975691409643
0.13220668135653244
0.20853467635526013
