0.005193709848179775
37.87918085860752
130.12007618428393
0
145.8180187006352
0.004194872439265495
195.1324619687192
0
132.62089051363415
0
38.0122415777989
0
4.374262602400762
0
33.41724609115637
0
30.512442499231373
12.868095985923793
75.16978326022956
0.12215738506972727
0.03560614362306277
1.6776411824103097
2.5711958757143534
0.9660948350084291
0
6.355151182213917
0.5521417069823987
0.4966256045648572
0.006974028465441838
3.747110022843773
4.300760149726097
19.1492858865021
7.490346604064478
0.9230240822830527
37.5894060999198
2.959370773276472
36939908978538664e-22
39.33195074469869
55.27098365961694
0.0014293142779413374
37.67503399461903
0
2.9299915148105646
0
8.428233699268834
14.131430534239831
4.49177480230024
0
17.853406361894077
0
0.087873670595347
0.007253128530219551
33.25007474106611
32.940300438494724
18.474758970068287
18.37174105443647
61.686421073684784
0.052003743901134006
0.15354652362675728
0.009042195332436541
20.273337340463584
49.88121511181019
1.095748666075492
0.5272420413482299
0.0014766189254705009
0.09825300585721604
78.03237013304114
0
188.88404517165657
0
11.669821901977853
0.009657770261639149
23.378497665950142
15.85962217425164
0.2781272112112984
1.1508197902569868
2.9999385825515548
0
3714223416923724e-20
0.0004578443251162437
0.13208200467513836
0.0031805510458457237
0.01056295024981841
0.00795634724603632
0.0007529112240485982
0.0016603644895065394
0.4271305799629715
0.6765379440772366
0.06260437282140453
0.13889014949285025
0.0001506887842326293
0.15124841101551129
0.030775244629855848
2.2016424799475685
0.055461442110631184
0.09848760156558803
0.026093640459162976
0.05589452042128663
0.5971788434982158
0.0006465728101511688
0
1.2632224630755018
1.4329937806709818
0.048521562393729185
0
2.7131032579558045
1193939478364804e-20
0.0025877534187970464
0
0.00016700484537667418
0
0.1341639675186929
1.2357918899770557
0
0
0
0
2.288227575723018
0.5713036285057294
1.1743916559400152
5.7794509221913755
0.3039862339030619
1.521576244002141
0.1072739734103608
0.009577027692830071
0.021291033093377442
4.950868897938602
0.0037872963814957555
1.6445831885150424
9061036260000347e-22
0.07090544563276888
2.0057627872755304
0.5056689509561962
0.6095392012368526
0.0031112215338283252
0.8621110229801938
0.2004772364552149
0.0013102280674918824
0.028925577094130017
0.979226640644474
2.316825999249536
0.13543541301177545
0.13331832255585016
0.4055819889823511
0.03884123885360919
0.5243609949717856
0.5246057052706238
0.4001190613287374
0.6321156847161313
0.146775982959695
1.5709024644440033
0.3616438854993192
12.343213743711395
1.9935223241896989
2.8048059777401204
0.18731431586180103
0.5107747748081083
2.4020727943810023
4.208954078969814
0.9328843266803626
6.172741652206054
7.148190362855904
6.694211873746224
2.196955077592871
4.7109453262534275
0.38019377901033813
44.70489527748315
619.5833537384179
4.002301074822106
10646.490806855887
1.0999999308594532
23.219060272913044
1.182575528290103
45.4328287832692
1.2599495647362824
1.396537757951827
1.1000124072880069
0.46622866615606035
1.1243164442121432
47.75687565043038
0
0.0014005356600345637
161251271182324e-19
0
8607246108847085e-21
0.040453931028795034
0.06550199583083789
0.10973164288026548
0.05322300362019269
0.04806864181360839
0.08542352262661337
0.06479841771552355
0.09280074767702144
0.06255203864255801
0.05740402016709137
0.089119216648992
0.06800448874602462
0.052122218108634856
0.06076252796853868
0.05193796415050326
0.06528274582412187
0.06985818532829283
0.09954065984718714
0.06476536294065845
0.04966701943626152
0.0019047675845156678
0.007503505457240351
0.023507454653166848
0.07832956984643238
0.04355989219193352
0.1314823403172872
9120775614079273e-20
0.010219563101281345
0.3137850906138212
48061273691339575e-22
0.08053086712858298
0.011058982870545587
0.001271264796152364
5486382066870806e-21
12044248256331292e-22
0.11577480687072245
0.09893407133195847
0.004161983094233399
0.04242237197100372
0.020712430420470787
0.005819401018212901
0.01226729024757724
0.00048312169555128414
0.6871974588795313
15699130029788626e-25
0.08634288899253843
0.0003420336817049184
0.009730067695002847
0.011046778131124806
0.0001570868411097954
0.00017090481146474792
0.7998408398484189
0.00039366471865910494
0.060534520703756554
0.35077058998203164
13179246070408163e-22
25861727645098713e-22
0.00014474768211537864
12571634072969442e-21
0.0005948454849057417
17003367850373876e-21
14432278931678007e-23
10044051077799023e-22
19077357944730378e-21
0.08369561129662456
0.08466596367828105
435018027646349e-19
0.00021272930506069637
0.020055964619451295
0.008233530228123216
0.10198535556599901
0.02065999440432562
27829655188947808e-21
0.1638487589444726
0.04038472956390991
5573481647904437e-22
0.44218766228835116
4458965591938805e-22
0.003779704537785741
0.0009835762480613884
22994565953104437e-28
0.4611950971733499
0.7810929865259258
0.01847390989148147
0.42469695169440497
0.9948197541433743
0.007464418439391686
0.25163373411215645
22332184598370142e-26
4630639506429398e-21
0.0006298367385489377
9121522101251913e-20
0.15530908166225077
8645608179046813e-22
0.00011182755496843931
0.20231520293052835
0.0009300784195296479
0.012008591088530427
12200899242960919e-21
0.16530826708113025
0.109112198175341
0.021761680210474615
3147010677383987e-20
0.00015347403269693515
12006681084636605e-23
0.013889295852130588
0.2042847447632795
8333314590091745e-24
11103428276105047e-21
9106422252386909e-21
9651202412749778e-20
10586521553398337e-21
0.543839651638384
0.20224956658025894
0.0051839558049899155
0.0015509115474378254
0.043903806011275505
0.005920931209336021
6760884010188677e-20
0.02933400751463472
8324413056598099e-20
0.000721520328553958
0.08938309429135313
9970389304575726e-22
0.8797422805347289
0.8918176406857838
0.001831705833384762
0.000537391757573573
5829910130063091e-24
0.001031927845345648
1039042141045255e-23
0.010395005762200793
0.030301558969473966
0.0009047800581626533
0.0003377550965211556
0.0001545749625670694
2618188233745446e-21
0.006164341539228386
0.03171159269674144
0.021989857656619826
11257176079092177e-24
0.9911514906346672
0.07304902058177883
0
0
8178629615155847e-20
6662205304956242e-20
10336393216847147e-22
7596610389415983e-22
0.0001935232164301132
0.009858143153123467
0.005422321752879544
1520423391363809e-23
0.00013151718897999362
7328787366986296e-21
0.06035664800229704
0.013605978338726793
0.1138875746475119
3845637386422403e-22
0.06524850568207835
0.0077536490277833854
0.00012015900815079034
0.14514726658254426
0.0002965200482536932
18549559457239284e-29
8515599909788378e-20
37361715294959296e-22
0.00012473246953795017
0.016643620086348884
0.003920384164264196
0.0001635797438045913
0.00015213993265058933
3799874526110011e-24
0.0005147639700721762
0.023537655855137122
13135133746515992e-24
0.0018094034191078682
0.0018043288431370834
4418945935811953e-20
0.1239682984563513
4337441020746321e-20
0.5707755541520068
0.0019146214366038243
0.23551665661792956
0.0033144637617916394
0.0007014064102433717
0.0005696370928461711
4475336372817247e-20
0.7054159002192495
12102147350807842e-21
21568124049924322e-21
0.008376971869135146
0.006489475798077051
21715985266296074e-24
8723826686712369e-20
0.003065736517109466
0.15709140781470887
0.03130463324842941
0.00010012352979817426
0.023618401575951728
0.00035425551837906395
0
0.12993046339577596
0.012507115851397672
0.6257843583473535
0.5304733425723659
0.5786340006387818
0.05558666551620608
0.030726652487398608
0.9422414259944657
0.6067089315154135
0.9683490522438227
0.5137508798545921
0.28887774751571615
0.0007658356482353217
0.01601263349265778
0.16920600988142379
0.42129926810321777
0.16330984646152738
0.0002993289886402112
0.027849278170242363
0.3805814915620349
0.13212268548525005
0.2083257270900113
