0.0006038387752499507
32.47837308613707
141.5522728083461
0
149.45721744380276
0.005565845979998697
208.2058306952739
0
97.80279773372091
0
450.6759674563037
0
29.454679588558697
0
34.158644509574216
0
27.818564454855537
18.283944440512908
195.33090876850926
387.16849424754133
1.849569928833171
47.50467668190619
1.3975328175280335
1.1021540194995874
0
6.449267608099217
0.6448797023099982
6.721084030839044
0.006551143834178236
3.063428666333003
49.77092815584028
11.319178704960397
23.377882127083545
0.4465326442284865
23.167882970339683
1.4855642531937474
6086482512483851e-21
44.801659984208065
60.876025653490885
43.01297961055255
46.75459322770099
0
2.6853218761744295
0
195.4570212332404
37.136520086231755
4.738147998454862
0
16.71434961475741
0
3.2480747722651104
10.81152087686702
33.21207868939281
32.892237917976495
18.367735112410237
154.88698068446834
145.4629493537368
1.7357107796741897
0.12966126741134928
0.023460531304157182
17.339280120444275
51.34572842652323
1.002895017250211
2.000429473166857
0.007836991895111705
0.015009000529982271
329.64577179911413
0
276.56211512801195
0
6.94554325185541
0.03877111207043947
260.2542495324998
12.712851917961123
0.007058777586766282
0.9673103364175727
2.994328534822971
0
6371357060826697e-20
3.699396752689803
0.07333428481503693
0.001956381960372662
0.04580781423808971
0.007747311111955842
0.0005932633439754406
0.0017332061397562527
0.18229470269406278
0.6786872552795851
0.7479001250296381
0.1041729273749144
0.00984560600288672
0.0866114222289137
0.017752342349962265
2.275291085418744
0.02458679449045169
2.951395809635527
0.01219710354779323
0.02612295043440256
9.983695604804742
0.0004741879833937662
0
1.2642058941865428
1.5361148874407722
0.21685917551285258
0
2.7410044207883133
0.0007499043711120461
0.04597821360870288
0
0.0038208343196766046
0
0.13421907866678687
1.2389185859293284
0
0
0
0
1.412503524175336
0.5661240674741901
1.2073836029570035
5.870028350065222
0.2969742703974889
1.122692140741921
0.09995423870989169
0.33364342557647114
0.0108141931103897
5.478918877541026
0.0037050939257193016
1.6240973108232883
9048026341847541e-22
0.05970668768175848
1.8523488768738505
0.2545668800712927
0.512850771571684
0.00869978660130894
0.8715041230731871
0.1997147528589156
0.00041989143295862764
0.016923708163951
0.9976017429477411
2.3238383061308743
0.13336386188702384
0.08199330643160002
0.22435893217232303
0.022668412462157835
0.2714683286548513
400.450850210724
0.3839964784316733
0.6326271704615922
0.15362850930939562
38.148912015401905
0.22515622395532173
6.6681242762708575
1.990519374528011
2.811363827215875
0.1844558381008217
0.29407223005890826
2.395979219208294
4.225348179711698
0.9239834974582307
3.637623683203698
3.5282808452666736
4.287341962904686
2.1915480910390803
2.467163658550657
0.2357083653685866
28.953329126258797
619.584973683686
4.002301896943737
10681.144942075178
1.099999991961482
23.219062571482194
1.1826210002503665
45.434182104790096
1.2246495456352113
1.3922274345203778
38.18916984000099
0.24417047371542605
1.1244780268981531
50.235217162866
0
0.0008450215956388777
14694946750409626e-22
0
36239583493502135e-30
0.019259761331897832
0.03129446396808682
0.053684012670373295
0.02583509566386395
0.028280778400362184
0.041165834716692246
0.031230179533686665
0.045060137454655376
0.029910784685866634
0.027568908565446842
0.04253520103808277
0.032512957494796074
0.025158912135083044
0.02914426877411856
0.025163146231998137
0.03200068406029768
0.03376235115944895
0.04700082583484171
0.03107644285983959
0.023729272940341193
0.0019047842374459805
0.007503763893410533
0.023509991464463247
0.07835774762975942
0.043568604150087405
0.13156176642015954
912077943232896e-19
0.010220042501672915
0.3142380792595176
4806127475154742e-21
0.08056065141902838
0.011059544263330034
0.0012712722139787168
54863822050277245e-22
12044248322913693e-22
0.11583638200683385
0.09897903007698458
0.004162062602932265
0.04243063479272156
0.020714399802549698
0.005819556462936467
0.01226798102425713
0.00048312276686123624
0.6893762055388913
15699130029901596e-25
0.08637712905736003
0.0003420342186617216
0.00973050226912014
0.011047338285430945
0.0001570869543708528
0.00017090494552796055
0.8027949049474072
0.0003936654299622921
0.060551347585447945
0.35133681592980925
13179246150130834e-22
25861727952082486e-22
0.0001447477782819633
12571634798380183e-21
0.0005948471089982399
17003369177372486e-21
14432278941238288e-23
10044051124102985e-22
1907735961519404e-20
0.08372778330554526
0.08469888624447781
4350181145054101e-20
0.00021272951276993815
0.02005781113441216
0.008233841399351433
0.10203313136729897
0.020661953826800288
27829658743756376e-21
0.1639721319500284
0.04039221757045057
5573481662162293e-22
0.4430881032320768
4458965601064573e-22
0.0037797701113036733
0.000983580688437431
2299456595310469e-27
0.46217475287810866
0.7839097922680369
0.018475476563968706
0.42552745837898076
0.999396343498693
0.007464674190025105
0.251924911529647
22332184598393044e-26
4630639604849206e-21
0.0006298385593332981
912152592012667e-19
0.15541992247852515
8645608213354533e-22
0.00011182761236667016
0.20250335812727022
0.0009300823900063014
0.012009253036200226
12200899926218088e-21
0.16543384917907397
0.10916688745031361
0.021763854193345252
3147011131950054e-20
0.0001534741408081617
12006681091253373e-23
0.013890181387922532
0.2044765840150501
8333314590410499e-24
11103428841972485e-21
9106422633010827e-21
9651206688020783e-20
10586522067805619e-21
0.5452027150885566
0.20243759961923544
0.005184079155209649
0.00155092258770516
0.04391265610049236
0.005921092125538327
6760886108199262e-20
0.02933795789306798
8324416237190388e-20
0.0007215227180151217
0.08941978888591617
9970389350203032e-22
0.8833181861158835
0.8954927213586256
0.0018317212332847673
0.0005373930830873213
5829910130219072e-24
0.0010319327330227347
10390421410948104e-24
0.010395501764585743
0.030305774274412296
0.0009047838155802854
0.00033775562012811083
0.0001545750722349094
26181882652086063e-22
0.006164515958280331
0.03171620948278471
0.02199207747196016
11257176079673879e-24
0.9956942649807831
0.07307352627257013
0
0
8178632685321683e-20
6662207342170581e-20
10336393265885747e-22
7596610415903432e-22
0.00019352338832670396
0.009858589243434399
0.005422456707789838
15204233914699064e-24
0.00013151726837002037
7328787613513451e-21
0.06037337611983218
0.013606828114392932
0.11394715784333047
3845637393210344e-22
0.06526805600369681
0.007753924982601937
0.00012015907442026808
0.1452440699874692
0.00029652045181505194
18549559457239284e-29
8515603238155777e-20
37361715935658245e-22
0.0001247325409480983
0.01664489168543985
0.0039204547099548435
0.00016357986662203828
0.00015214003889043226
3799874526176291e-24
0.0005147651863098273
0.023540199189532644
13135133747307865e-24
0.0018094184462773518
0.0018043437861350693
44189468320801986e-21
0.12403890179076671
43374418842571644e-21
0.5722772887561787
0.0019146382622808316
0.2357716980080704
0.0033145141858522886
0.0007014086683384755
0.0005696385822033456
4475337292106119e-20
0.7077120162292585
1210214802304948e-20
21568126185059164e-21
0.0083772939773835
0.006489669102070927
21715985268460696e-24
8723830179843003e-20
0.0030657796571065374
0.15720480876181384
0.03130913228532957
0.00010012357581038653
0.023620962391599182
0.00035425609439551555
0
0.13000802473925793
0.01250783390276122
0.62759025093594
0.5317700970104919
0.5801774631056924
0.05560085356158168
0.03073098690680181
0.9463454014513532
0.6084061620537634
0.9726844606034988
0.514967012878081
0.2892616046529068
0.0007658383402296083
0.016013810497081896
0.16933758775250674
0.4221165185260186
0.16343240873766743
0.00029932939988368203
0.027852838735581368
0.3812482001973172
0.13220288749901016
0.20852523705068504
