0.001437570372453786
34.66672057767876
139.42079136719036
0
143.6249564415604
0.005257779710506593
205.3789731858946
0
110.3552353795372
0
260.5356264724819
0
27.694428035719035
0
34.10489328506333
0
28.459299973997247
18.436078360190628
190.19812349680356
61.92468926499276
0.9605108033283268
21.892988289719995
1.7488668138279242
1.0771150282630597
0
6.432457699273319
0.6284543903267404
4.228936896100468
0.006638313445353901
3.223340951804493
33.244693610190424
13.675452210354768
17.92650956195708
0.5190846181844931
28.354548232217205
1.1209187763528874
740080860347674e-20
43.836568084273644
59.880896949238
4.185193741551945
45.72302500057807
0
2.7310747458545483
0
87.02605252756749
39.76818186769385
4.49648250139839
0
18.280737787282025
0
1.3487523694076229
3.8505262476151647
33.252071841858395
32.93962208537142
18.37514462855234
182.3848310392143
61.87661846969159
0.7479535190990343
0.15602405099676248
0.00918334613377564
19.92995908947064
50.833758193079824
1.0211070236985602
1.7551527272087544
0.007671076633079791
0.035833415223449405
298.9303496880072
0
282.78813073567864
0
7.5992328882105165
0.03792648877600763
172.4503781946655
15.37302523016471
0.1849839288858467
0.9563063686443992
2.9997372164434197
0
7601069484612226e-20
0.3411683072111413
0.09152375095665283
0.00223694014129297
0.041194240354810535
0.0072170388921767295
0.000549996063478254
0.0017209882614691743
0.24002771117597754
0.6783324939408015
0.5021194359307979
0.11374984260717558
0.005476605850155284
0.10644270560097407
0.022875538618948688
2.2446786548532414
0.031878691368471185
1.3905759612712951
0.015787398686492867
0.03398705138349163
6.163549458694134
0.0005081585455669514
0
1.2643711121353562
1.5063628063803545
0.1942011247788414
0
2.737473937749071
0.00014833246360853962
0.023835872704232493
0
0.003079490840939852
0
0.1342114466345464
1.2384180269321352
0
0
0
0
1.3772525277767793
0.5667389099193538
1.1963239652829278
5.853759063867132
0.2982739335268619
1.272408320997762
0.10149025724298479
0.1431309286716869
0.015391700174215555
5.385674909871529
0.003722105331007536
1.6281018713114435
9050396330107926e-22
0.07039753266756556
1.8871145152757431
0.32241565704258973
0.5563627909828837
0.0031907980521653136
0.869711373148683
0.19985432539823697
0.0005981139578038431
0.02074114121808051
0.9941019321141152
2.326883266867732
0.13374034083081265
0.09897185204865713
0.2797543836908698
0.027931639066828495
0.3454070337312765
35.0386473275313
0.39772655943237084
0.6325323420983325
0.14848406638992226
19.8172668727319
0.27352835515799234
8.37212596660481
1.9901141261801207
2.8081381958708262
0.1847925711704179
0.36207426161197986
2.3951515586321204
4.21728370859168
0.9250413452958727
4.466470067047697
4.54000051160063
5.192742781441567
2.2049677161311134
3.1563564782223383
0.28312086928362706
34.7790898316689
619.5846794268366
4.00230174760864
10674.841784897806
1.0999999808625445
23.219062153956358
1.1826127403219444
45.43393627638944
1.2526514614264348
1.3950550863739408
4.67711637415556
0.295644240458191
1.1244486744853615
47.15177529744653
0
0.0010224829643643509
34538004866985855e-22
0
322954920338568e-24
0.025197439531996085
0.040913398242271054
0.06977902582541812
0.03363124223210759
0.034793510921454086
0.05369080689312111
0.040738320462286
0.05868056748060129
0.03910768822102174
0.03599339555357096
0.05562469384613541
0.042504233272891496
0.03280040755977297
0.038058180167490165
0.032772508555959486
0.041585823506424015
0.044004711992555526
0.061533453843915925
0.04069537572149598
0.031025928776308248
0.001904781212497428
0.007503716948859364
0.023509530642560398
0.07835262849559661
0.04356702152847802
0.1315473354231451
912077873875915e-19
0.010219955418850861
0.31415574711898736
4806127455896494e-21
0.08055524040398222
0.011059442286473344
0.0012712708665572128
548638217993208e-20
12044248310819242e-22
0.11582519469775554
0.09897086198375268
0.004162048160384402
0.04242913376482104
0.020714042058308544
0.005819528226719793
0.012267855544563907
0.000483122572261921
0.6889799322065316
15699130029881051e-25
0.08637090847842051
0.0003420341211256178
0.009730423329039157
0.011047236533545854
0.00015708693379743176
0.00017090492117591004
0.802257501183674
0.00039366530075683694
0.06054829070253867
0.35123389537475075
1317924613564954e-21
25861727896320058e-22
0.00014474776081368563
12571634666612227e-21
0.0005948468139880484
17003368936328526e-21
14432278939501706e-23
1004405111569206e-21
1907735931176107e-20
0.08372193847066003
0.08469290504153683
4350180987278093e-20
0.0002127294750403757
0.02005747570977011
0.008233784875476838
0.10202445142221986
0.020661597891786572
2782965809803972e-20
0.1639497148379031
0.040390857301030356
5573481659572412e-22
0.4429244055871316
4458965599406911e-22
0.003779758200053649
0.000983579881859514
2299456595310468e-27
0.46199664782605193
0.783397376916525
0.018475191974345703
0.42537647956677366
0.9985634624368622
0.007464627733301157
0.25187199529288773
22332184598388877e-26
46306395869716455e-22
0.0006298382285947602
9121525226443331e-20
0.15539978281276276
8645608207122678e-22
0.00011182760194051036
0.2024691674923207
0.0009300816687839462
0.012009132793359687
12200899802107173e-21
0.16541103060797313
0.10915695132678689
0.02176345928196998
314701104937995e-19
0.00015347412117018702
12006681090051457e-23
0.013890020529715715
0.20444172380258452
8333314590352601e-24
11103428739184951e-21
9106422563872001e-21
9651205911434885e-20
10586521974365594e-21
0.544954866431356
0.202403431186413
0.005184056748920811
0.001550920582279216
0.043911048384839634
0.005921062895433135
6760885727104043e-20
0.02933724028319508
8324415659448524e-20
0.0007215222839785353
0.08941312234110313
9970389341915037e-22
0.8826675586698595
0.8948240339492322
0.001831718435945323
0.0005373928423128437
5829910130190741e-24
0.001031931845194154
10390421410858098e-24
0.010395411665990876
0.030305008537663176
0.0009047831330593437
0.00033775552501695555
0.00015457505231418204
26181882594934493e-22
0.006164484275395119
0.03171537081223716
0.021991674234788205
11257176079568246e-24
0.994867543570358
0.07306907430158037
0
0
817863212763833e-19
6662206972118759e-20
10336393256978065e-22
7596610411092086e-22
0.00019352335710236916
0.009858508211425499
0.005422432193524194
1520423391450632e-23
0.00013151725394913808
7328787568732787e-21
0.060370337180090196
0.01360667375212056
0.1139363324793209
38456373919773424e-23
0.06526450433116864
0.007753874855790444
0.00012015906238268173
0.14522648124150414
0.0002965203785097155
18549559457239284e-29
8515602633571147e-20
37361715819277836e-22
0.00012473252797672943
0.01664466069736499
0.003920441895519872
0.0001635798443127368
0.00015214001959238697
3799874526164252e-24
0.000514764965384942
0.023539737182656582
13135133747164035e-24
0.0018094157166432528
0.001804341071790461
4418946669276667e-20
0.12402607399139476
4337441727403891e-20
0.5720042113477048
0.0019146352059533698
0.23572535024781094
0.0033145050264677097
0.0007014082581640529
0.0005696383116673228
4475337125120982e-20
0.7072943812192667
12102147900939494e-21
2156812579722051e-20
0.008377235466796753
0.006489633988750906
2171598526806757e-23
8723829545329782e-20
0.003065771820854674
0.1571842038537593
0.03130831500533857
0.00010012356745245192
0.023620497209113155
0.00035425598976437727
0
0.12999393259310574
0.012507703468558645
0.6272618309156831
0.53153431140793
0.5798967936824051
0.05559827609114023
0.030730199531529515
0.9455986045403587
0.6080975144602448
0.9718955110076661
0.5147458934440203
0.28919184065880765
0.0007658378512389837
0.0160135966925379
0.16931367955962584
0.42196795053748304
0.1634101389592092
0.0002993293251829194
0.027852191939392878
0.3811270085100141
0.13218831550853213
0.2084889826739581
