0.002889040140662444
37.32392062415169
135.7970409712262
0
161.31294144201212
0.0048534182774448605
201.99608249154315
0
122.58863391352347
0
49.250379466761714
0
16.731706692201126
0
33.96058491467548
0
29.407069870966904
15.880841945237236
148.76249279682276
0.5671303110499895
0.2977872746397074
2.603905599750476
2.3861059369390363
1.0325403203640366
0
6.4028890042596345
0.5976433027734025
1.3789721577091512
0.006812781696234402
3.4687804002259783
11.661736286254747
25.730537692717256
9.42689586572274
0.6859035003858015
57.226349678294454
1.6118394115888608
5781103768991371e-21
42.12369785632547
58.124723074789244
0.01757221637604547
42.65628095243747
0
2.8272919885704395
0
11.34043905377582
32.723933781943174
4.4915369788863195
0
18.19583135961041
0
0.13264517486139982
0.03579156920265738
33.25164207205056
32.94028378524086
18.41331526826211
87.35408540683433
61.694932610656586
0.07707537605657507
0.13855830772620023
0.009046403203553408
20.329595481536252
50.26806609552101
1.0535644754019378
1.285324243245594
0.001352947580059677
0.06265156546942886
190.05743140955184
0
269.9442062723316
0
10.133124081887651
0.023945563585249057
34.75180164700777
15.851022796572536
0.23303686900025833
1.0714725821295987
3.000718306562247
0
7017919816749693e-20
0.002263666873600325
0.12395397466327632
0.0026755068487787966
0.025936433370646494
0.007338928375755182
0.0006019155906569384
0.0016964980864193468
0.3495275555356425
0.677654597544642
0.08331089339037176
0.1252933099776996
0.0005051305891412462
0.13701443959255188
0.029201738162734022
2.2192352435366236
0.04618704196667423
0.15080529192950692
0.022744836533153234
0.04918810929597116
0.8932663985720797
0.0005672080993097376
0
1.264003414564345
1.467419411719256
0.12069860142547152
0
2.728585301233223
17986344066542632e-21
0.00344552028532626
0
0.0009794768706477901
0
0.134194792999405
1.2374502082167802
0
0
0
0
1.871880108310344
0.568336638166275
1.1852584488709725
5.825224941219028
0.30050871289730097
1.479996010743011
0.1041220841527671
0.014524188935488066
0.018136314706750686
5.208658013696127
0.00375020574909381
1.6347666594717893
9054506750686935e-22
0.07175673778158885
1.9453042948451782
0.4420440239194678
0.6087865401924184
0.0031129031079203673
0.8667047095298406
0.20009615796830788
0.0010075692925903957
0.027279698567947094
0.9882553362008497
2.3271802073674595
0.1343956807635217
0.12666968712823945
0.3784759977683643
0.03696832152034342
0.4846489447541319
0.7857932211501308
0.3992752938237783
0.6323709426318883
0.1464165546221057
2.3682494427410283
0.345388618885477
11.469057423942603
1.9908458334283239
2.8054000975216407
0.18567169975727998
0.479153559793466
2.3966333102242983
4.2104447881467895
0.9277865852912439
5.855420505687796
6.471711787640995
6.627860661796033
2.19548732764684
4.439342411058857
0.3595885370825134
43.913805350036796
619.5841671460927
4.002301487626453
10663.877292046413
1.099999961540055
23.21906142707243
1.1825983604883445
45.43350830910701
1.2578191375175036
1.3960875930480894
1.1293809347071964
0.37164187268153137
1.124397575774794
42.2928825349411
0
0.0013159945477642543
7923513654111228e-21
0
22464063643724607e-23
0.037297360424968826
0.060491672107477405
0.10196321953974437
0.04924375673862623
0.04585031142289081
0.07900964353651714
0.06004867606034634
0.08608778480283305
0.057808468546275076
0.05306006469538132
0.08227132014296311
0.06283129078890652
0.04821155759114015
0.056101199087924235
0.04807021723851209
0.06067172568573584
0.06463987552143292
0.09129629509374947
0.05988487271848225
0.04587405843940373
0.0019047759462800593
0.0075036352223027255
0.02350872840465163
0.07834371723055797
0.0435642664295063
0.13152221581955828
9120777531301623e-20
0.010219803815375638
0.31401246394927657
4806127422369196e-21
0.08054582106346665
0.011059264753974146
0.0012712685207918106
5486382136242285e-21
1204424828976363e-21
0.11580572093450558
0.09895664349950069
0.004162023017014548
0.04242652070445456
0.020713419264758854
0.005819479069721917
0.012267637096050197
0.0004831222334779909
0.6882905908022996
15699130029845315e-25
0.08636007994416352
0.0003420339513219891
0.009730285901277596
0.011047059392699418
0.00015708689798051738
0.00017090487878066162
0.8013227761080104
0.00039366507581906546
0.060542969246369156
0.35105478964588765
13179246110438572e-22
25861727799241557e-22
0.00014474773040261234
12571634437213213e-21
0.0005948463003958025
1700336851668749e-20
14432278936478463e-23
10044051101049198e-22
1907735878350499e-20
0.083711763985776
0.08468249318344737
43501807126008636e-21
0.00021272940935580028
0.020056891771760302
0.008233686472197438
0.10200934199236998
0.020660978247866606
27829656973891095e-21
0.16391069548855014
0.04038848927416853
5573481655063619e-22
0.4426395634472222
44589655965210404e-23
0.003779737463470432
0.0009835784776640272
22994565953104567e-28
0.46168674283474215
0.782506095807339
0.018474696533708083
0.42511376356205133
0.997115129119784
0.007464546856007505
0.25177989825638314
22332184598381678e-26
4630639555848046e-21
0.000629837652801969
9121524018788148e-20
0.15536472725653208
8645608196273449e-22
0.00011182758378928066
0.20240965770457559
0.0009300804131864188
0.012008923461659136
12200899586038526e-21
0.16537131254325446
0.1091396553720091
0.021762771785334114
3147010905631051e-20
0.00015347408698182036
1200668108795903e-22
0.013889740491008547
0.2043810487326612
8333314590251807e-24
1110342856023886e-20
910642244350606e-20
9651204559452021e-20
1058652181169292e-20
0.5445236476388207
0.2023439600376421
0.005184017741333316
0.0015509170909758015
0.04390824960212743
0.005921012008160643
6760885063643337e-20
0.029335991015296763
8324414653639483e-20
0.000721521528351105
0.08940151752769375
9970389327486182e-22
0.8815360039134154
0.8936610859558031
0.0018317135659785965
0.0005373924231411803
5829910130141415e-24
0.0010319302995470542
1039042141070141e-23
0.010395254812353908
0.030303675488443142
0.0009047819448382274
0.00033775535943499405
0.00015457501763356255
26181882495437518e-22
0.006164429118044362
0.03171391079700504
0.021990972244052453
11257176079384301e-24
0.9934299154527344
0.07306132437127434
0
0
8178631156749806e-20
6662206327883847e-20
10336393241470425e-22
7596610402715886e-22
0.0001935233027429468
0.009858367141821445
0.00542238951612641
1520423391417076e-23
0.00013151722884337073
73287874907726924e-22
0.06036504695851238
0.013606405022125116
0.11391748871363422
38456373898307756e-23
0.06525832157298558
0.007753787589208368
0.00012015904142606874
0.1451958655177536
0.00029652025089017456
18549559457239284e-29
8515601581030693e-20
373617156166675e-20
0.00012473250539446536
0.016644258570550744
0.003920419586563724
0.00016357980547377374
0.00015213998599581419
3799874526143295e-24
0.0005147645807700316
0.023538932881873562
13135133746913599e-24
0.0018094109645465407
0.0018043363463116256
4418946385846857e-20
0.12400374483389037
433744145433306e-19
0.5715291130895517
0.0019146298851076412
0.2356446836994307
0.0033144890806651194
0.0007014075440789695
0.0005696378406828913
4475336834411283e-20
0.7065678951183034
12102147688354376e-21
2156812512201994e-20
0.008377133604836424
0.006489572859312214
21715985267383128e-24
8723828440685716e-20
0.0030657581785231707
0.15714833855946408
0.031306892227593176
0.00010012355290186015
0.023619687380033515
0.0003542558076087853
0
0.1299694027734954
0.01250747639476567
0.6266904840843825
0.531124074187175
0.5794084912980069
0.05559378917620831
0.03072882881308894
0.9442998879139753
0.6075605536119811
0.9705235301195363
0.5143611661166905
0.28907042645156816
0.0007658369999404487
0.016013224480239934
0.16927206508203096
0.4217094285634619
0.16337137603574298
0.00029932919513403825
0.027851065947239313
0.38091611396770086
0.13216295050043658
0.20842588131831277
