0.005441361266042102
37.874342058271
129.5112745517992
0
143.73909675291827
0.004114499766595975
194.1537898735448
0
133.35134216979333
0
38.57894519680403
0
4.685129801260909
0
33.352348721827084
0
30.610386832668627
12.611772180357713
75.47574604858598
0.11343215530364094
0.027090196483860747
1.6857878922223795
2.5702993721353757
0.9591331719263315
0
6.349964905217798
0.5473768516955838
0.4829544318048161
0.00698159346327954
3.763809250976155
4.183925557125599
17.533934860681214
7.320608102445134
0.9378612844969983
33.75567683423605
3.0243614482809753
35930501806297877e-22
39.0276757654708
54.95944597262186
0.001232436633362092
37.14119330887129
0
2.9375026332964813
0
8.5219312127957
14.86747590508498
4.491760444574662
0
17.816993970123857
0
0.08866040126431733
0.006738725234567642
33.249904457645094
32.940300045125184
18.480658181116368
19.900005077266165
61.686226727949766
0.052553408743235996
0.15515519039911332
0.00904220567715879
20.266489724217184
49.84698547041116
1.099666506154315
0.4896489152331776
0.001550454180703433
0.10168627199596723
72.48519534750258
0
181.48320069255288
0
11.723047261738504
0.008964326763257468
22.898644038696936
15.858857441195429
0.272189482989312
1.1536818627712389
2.999810255665107
0
3519831866911371e-20
0.0004253677636202198
0.1318833928559078
0.003230517831275974
0.009808925492556216
0.00800238903933606
0.0007672733239222732
0.0016565443295701642
0.43266948937421845
0.676419160428325
0.06332917038318839
0.1401787493009415
0.00014237262184464176
0.15199763967568844
0.03081184749989551
2.1995663741215634
0.0560659596400671
0.09917060159266007
0.026233122302742017
0.05599806834497822
0.601847245027195
0.0006545208655819347
0
1.2631361295366723
1.429952196990366
0.045028111497728715
0
2.7114659375470396
12037461280929828e-21
0.00262094265648973
0
0.00018045571288787405
0
0.13416059247839215
1.2356135100563976
0
0
0
0
2.2630361211098085
0.5716124793455649
1.1731672055203661
5.774497833788494
0.3043548351195081
1.5203880896523925
0.10756615279235607
0.009658414749484456
0.021627367393969612
4.924155987188887
0.003790913991983472
1.645586636024447
9061737995517985e-22
0.07080809806578274
2.010829445433788
0.5078241196684806
0.6081400452538324
0.0031112915010107424
0.8616233290694726
0.20051797737267338
0.001330186021739041
0.028894846523634117
0.9782641230344578
2.315545252585071
0.13554699120657993
0.13318666394356238
0.4052928337438066
0.03874545615097475
0.5238845040499716
0.5243479066710475
0.4002099756142086
0.6320883142047892
0.1467490450053516
1.583448052869724
0.36139881545265784
12.335278583559445
1.9938160971356764
2.804797724935301
0.18748597169684283
0.5104904536278267
2.4026704713474207
4.208932513292414
0.9334151856528707
6.163011276419445
7.156266487403419
6.6521321017590544
2.197436597396549
4.694904085433329
0.38014920916799017
44.515594643701284
619.5832663326532
4.002301030463663
10644.624205959753
1.099999927562634
23.219060148891355
1.1825730748514176
45.43275576450086
1.260235650535967
1.3965629106749915
1.1000048233189654
0.4749227146542915
1.124307726444808
48.353045136373524
0
0.001400829183854708
1701698810773131e-20
0
10640199655907609e-21
0.04033862956727697
0.0653037069368951
0.10936725447483094
0.05307181425892223
0.047946753022856836
0.08516532174818486
0.06457941069738624
0.09249640966508058
0.06235806463128385
0.057231278011148384
0.0888529433048098
0.0677952781651874
0.05196735331513486
0.06058936923026334
0.05178429064191696
0.06507011182069901
0.06964930525281844
0.09931388788507009
0.06458388064708842
0.04951590314367675
0.0019047666859930848
0.0075034915132926126
0.02350731778457523
0.07832804977204992
0.04355942217842062
0.13147805616037625
912077540806154e-19
0.010219537235358327
0.313760667701208
4806127363413482e-21
0.08052926039837617
0.011058952580805938
0.001271264395916816
5486382059416429e-21
12044248252738659e-22
0.11577148544902648
0.09893164611537578
0.004161978804299441
0.04242192618734814
0.020712324165671873
0.00581939263114413
0.012267252977086349
0.0004831216377476739
0.6870800982513312
15699130029782422e-25
0.08634104191908105
0.0003420336527328615
0.009730044247641982
0.011046747908205867
0.00015708683499867618
0.00017090480423122666
0.7996817595342987
0.00039366468028001505
0.060533612924272805
0.3507400646138503
1317924606610669e-21
25861727628534903e-22
0.00014474767692660895
12571634033829052e-21
0.0005948453972762154
1700336777877435e-20
14432278931162227e-23
10044051075300644e-22
19077357854598853e-21
0.08369387577290635
0.0846641876698134
43501802295977384e-21
0.00021272929385352676
0.020055864993589172
0.008233513438880142
0.10198277840755256
0.02065988868686747
27829654997144295e-21
0.16384210486161382
0.04038432557995603
5573481647135155e-22
0.44213913009452216
44589655914464136e-23
0.0037797009997285807
0.0009835760084767062
2299456595310442e-27
0.46114229788201005
0.7809412908700696
0.01847382536376418
0.4246521869320329
0.9945734161249802
0.007464404640341028
0.2516180328949363
2233218459836896e-25
463063950111908e-20
0.0006298366403067149
9121521895200498e-20
0.1553031033752356
8645608177195742e-22
0.0001118275518714566
0.20230505578736496
0.0009300782052988018
0.012008555373471218
12200899206095011e-21
0.16530149387554824
0.10910924813597676
0.021761562917071337
3147010652857384e-20
0.0001534740268636798
12006681084279626e-23
0.013889248073702162
0.20427439898973004
8333314590074572e-24
1110342824557308e-20
9106422231849909e-21
9651202182073009e-20
10586521525642943e-21
0.543766203060341
0.20223942602340741
0.00518394914957993
0.001550910951750591
0.04390332854593571
0.005920922527054033
676088389698828e-19
0.029333794382853388
8324412884985875e-20
0.0007215201996282409
0.08938111482334944
9970389302113912e-22
0.8795497508510347
0.8916197771706217
0.001831705002470316
0.0005373916860541505
582991013005467e-23
0.0010319275816264453
1039042141042586e-23
0.010394979000532906
0.03030133154484562
0.0009047798554275961
0.00033775506826940334
0.0001545749566498257
26181882320478187e-22
0.006164332128401639
0.03171134361220708
0.021989737890472778
11257176079060882e-24
0.9909069705382669
0.07304769858463864
0
0
8178629449501787e-20
6662205195036168e-20
10336393214201175e-22
7596610387986818e-22
0.00019352320715525267
0.009858119084416115
0.005422314471338079
1520423391358073e-23
0.0001315171846964206
7328787353684666e-21
0.06035574555057026
0.013605932489678068
0.11388436065828954
384563738605617e-21
0.06524745099002693
0.007753634138624354
0.0001201590045751509
0.14514204528585542
0.0002965200264791232
18549559457239284e-29
8515599730202771e-20
3736171526038947e-21
0.0001247324656849402
0.016643551478617957
0.003920380357931873
0.00016357973717784672
0.00015213992691830646
37998745261064494e-25
0.0005147639044488496
0.02353751863461476
1313513374647323e-23
0.0018094026083043642
0.0018043280368751102
4418945887452849e-20
0.12396449012058504
4337440974154685e-20
0.570694638593404
0.0019146205287605765
0.23550290343323774
0.0033144610411291573
0.0007014062884056342
0.0005696370124864174
44753363232160424e-21
0.7052922228521824
12102147314536392e-21
215681239347209e-19
0.0083769544897912
0.0064894653683164
2171598526617949e-23
8723826498236786e-20
0.0030657341894619046
0.15708529147142797
0.03130439051644994
0.0001001235273155365
0.023618263412290355
0.0003542554872995057
0
0.12992627980621568
0.012507077109338125
0.6256870673640174
0.5304034647780925
0.5785508383155387
0.05558590008794775
0.03072641863653319
0.9420204983384899
0.6066174903629893
0.9681156808493782
0.5136853438146689
0.2888570505818923
0.0007658355029861531
0.016012569988581183
0.16919891336394322
0.4212552174968468
0.16330323609646347
0.000299328966451144
0.027849086069062192
0.38054555175169824
0.1321183594832665
0.2083149677452269
