0.006826318239201051
37.8149507823501
126.11090240542117
0
132.51255216029898
0.003619484255958765
187.45710801978956
0
136.6656722604629
0
42.42293312246409
0
7.369889328424139
0
33.00884114013247
0
31.09482474339367
11.0643781126557
75.33665614247612
0.09330270193972524
0.004583869397519211
1.7368942605188227
2.5549484941130562
0.9201461763432223
0
6.320756424808027
0.5204329502055509
0.45502215212696184
0.00700679477721511
3.824698298974935
3.9449447002919156
9.02762063899407
6.286293441908824
0.9915375211643797
15.88482604234417
3.124133726044923
31531049918100006e-22
37.31473406839537
53.19973058395303
0.0007218671291678188
34.17284087398631
0
2.9712581103223554
0
9.300626754236253
20.105152664359455
4.4917227787138545
0
17.614948536370747
0
0.0952057711364362
0.005579632374446454
33.24895159435367
32.94029715300603
18.51464838490047
33.83101315141447
61.685081275840716
0.05691783218780753
0.1604680162233094
0.00904239127494841
20.226462654003438
49.658602707437794
1.120213863950042
0.34749457759787006
0.002024130756387795
0.11967188614055481
51.42432019995615
0
134.33583577520233
0
11.950727998874882
0.006343721606551876
19.61464941411191
15.854038306639117
0.3105816610311051
1.166847745347238
2.999119301125658
0
27693817100701157e-21
0.0003522226427471971
0.1302328162092265
0.0035043795855694113
0.0069522471393851
0.008309645624080049
0.0008570977546266504
0.0016343628693670758
0.46106992018933285
0.6757554201211505
0.06823987896637723
0.14731544607852182
0.00011339810156931959
0.15533332315776188
0.030679494270655607
2.1888004047571186
0.05922296920340116
0.10537012353600711
0.026866164379281493
0.05593972573394941
0.6420489787940313
0.0006992608354408761
0
1.2626531284369822
1.4142258701568136
0.0318324247381774
0
2.7022247148953378
1287236260561e-17
0.002862707816630793
0
0.0003073140364158341
0
0.13414171773095138
1.234622367620391
0
0
0
0
1.9632148920301058
0.5732739700298921
1.1666303249422791
5.746686771756
0.306398325958899
1.5109172241881792
0.10912616846385258
0.010348967421828021
0.023445284869990077
4.773130616390411
0.003810297458975797
1.6510153199045134
9065662069318596e-22
0.07026208786402235
2.036855992715124
0.5136200520428011
0.5996315655571511
0.0031117517997864106
0.858908019790231
0.2007450766366454
0.001431595622983366
0.028616439518301284
0.9729547839535448
2.3083269169456107
0.13617037789546713
0.13202424966887183
0.40201172235676
0.0380611967050831
0.5187432706091252
0.5201411113446585
0.4007148731959348
0.6319354477117567
0.1469017266432368
1.69339176789859
0.3585780974947832
12.23769873216141
1.9954028547308338
2.8047618891512656
0.18841151166021416
0.506989986753809
2.4059006027046483
4.208837633649078
0.9362718240164548
6.08739109357086
7.163369634768132
6.394904404433072
2.2000651600779944
4.584747933130714
0.37872441954353153
43.45110037262922
619.5827775279948
4.002300782395058
10634.191524518646
1.0999999091255857
23.21905945531653
1.1825593544220794
45.43234741910339
1.2614514458965949
1.396669208909957
1.099998959545683
0.5193763897484215
1.124258974811176
50.84237038151431
0
0.0013976849661978925
21987668277013965e-21
0
2650018580857962e-20
0.03946748618618492
0.06382973915163137
0.10674509133280413
0.05193846224568208
0.047091627631761654
0.0832521108378056
0.06300002403240802
0.09029288040730381
0.060924716331067906
0.05594894580063964
0.08686714637738112
0.06624718880043075
0.050816653525757226
0.059286351418549654
0.05064330360828382
0.0635319384846682
0.0681006633520473
0.09747751029605838
0.06319652584042144
0.04839441966958288
0.001904761661135202
0.007503413534133343
0.023506552380225296
0.07831954950593463
0.043556793785066134
0.13145410016682835
9120774255935496e-20
0.010219392584897992
0.3136241209103821
4806127331422552e-21
0.08052027556846937
0.011058783191073306
0.001271262157656107
5486382017728685e-21
12044248232647929e-22
0.11575291260496558
0.0989180845163294
0.004161954813506995
0.04241943328905047
0.02071172996016468
0.005819345727822148
0.01226704454900726
0.00048312131448894914
0.6864241442176825
15699130029748276e-25
0.08633071313957126
0.0003420334907106098
0.009729913122497364
0.01104657889215413
0.00015708680082307335
0.00017090476377874442
0.7987927074959433
0.00039366446565022726
0.060528536541534915
0.3505694045921796
13179246042051023e-22
2586172753590498e-21
0.00014474764790912287
12571633814942149e-21
0.0005948449072202062
17003367378363157e-21
14432278928277487e-23
1004405106132879e-21
19077357350549834e-21
0.08368417075521016
0.08465425626999287
4350179967507483e-20
0.00021272923117896336
0.02005530785858664
0.00823341954794592
0.10196836719882425
0.02065929748628969
27829653924509232e-21
0.16380489778647106
0.04038206642896605
5573481642832963e-22
0.4418678185532835
4458965588692791e-22
0.0037796812136847062
0.0009835746686329293
22994565953104353e-28
0.4608471364090436
0.7800934963860314
0.01847335266109625
0.42440193303061535
0.993196928145333
0.007464327471491617
0.25153024402442015
22332184598362056e-26
4630639471421693e-21
0.0006298360909006822
912152074288586e-19
0.15526967485743073
864560816684367e-21
0.00011182753455200457
0.20224831864580448
0.000930077007242757
0.01200835564380348
12200898999927619e-21
0.16526362075709505
0.10909275191103587
0.021760906981271852
3147010515695712e-20
0.00015347399424199594
1200668108228307e-22
0.013888980882349558
0.20421655131149208
8333314589978398e-24
11103428074827093e-21
9106422116999678e-21
9651200892044502e-20
1058652137042467e-20
0.5433556346625927
0.20218272570576803
0.005183911930259558
0.0015509076204547284
0.0439006584814817
0.005920873972804032
6760883263930461e-20
0.029332602500811628
8324411925267791e-20
0.000721519478629083
0.0893700457249934
9970389288346247e-22
0.8784738311296373
0.8905140612288802
0.001831700355700903
0.000537391286091649
5829910130007604e-24
0.001031926106813807
10390421410276339e-24
0.010394829340804112
0.030300059734913926
0.0009047787216601244
0.00033775491027535504
0.00015457492355844659
26181882225540638e-22
0.006164279499893988
0.03170995067678833
0.021989068126559475
11257176078885384e-24
0.9895406366127967
0.07304030593589597
0
0
817862852310399e-19
6662204580323126e-20
1033639319940415e-21
7596610379994444e-22
0.0001935231552868605
0.009857984484517125
0.005422273750485054
1520423391326057e-23
0.00013151716074112359
7328787279297071e-21
0.06035069896038516
0.013605676087938185
0.11386638853123837
3845637384007966e-22
0.06524155308199561
0.007753550873548431
0.00012015898457887258
0.14511284935415492
0.0002965199047078202
18549559457239284e-29
851559872589474e-19
3736171506706364e-21
0.00012473244413750646
0.01664316780439916
0.0039203590716025884
0.0001635797001186816
0.00015213989486129723
37998745260864515e-25
0.0005147635374594537
0.023536751262196398
13135133746234277e-24
0.0018093980740024186
0.001804323527971018
4418945617011098e-20
0.12394319467570138
43374407135972175e-21
0.5702423407069662
0.0019146154517782408
0.2354260054158667
0.00331444582623434
0.0007014056070450002
0.0005696365630856016
4475336045828002e-20
0.7046009735472245
12102147111692857e-21
2156812329046107e-20
0.008376857298831426
0.006489407041603203
21715985265526362e-24
8723825444212784e-20
0.003065721172441111
0.157051091040468
0.03130303310546247
0.00010012351343172302
0.023617490765647293
0.0003542553134913369
0
0.1299028861318646
0.012506860451835612
0.6251432594879777
0.5300128523311737
0.5780859845720764
0.05558161972848785
0.030725110890084877
0.9407859449081912
0.6061063721031925
0.9668116193287394
0.5133189964721182
0.28874133311705275
0.0007658346907003701
0.01601221485528632
0.16915923253818435
0.4210089553426942
0.16326627345814604
0.000299328842361828
0.02784801179368636
0.3803446257887354
0.13209416951461841
0.2082548078108592
