0.013173500069052897
37.16242705257771
110.75129754342763
0
111.20419398511498
0.0015034768398658445
133.2731056068697
0
141.3833873928609
0
74.33968687002559
0
19.579481556076892
0
31.93836147660059
0
32.347817692345686
6.3254946021288205
35.83068097946652
0.15144673728584188
944860654048607e-22
2.575716750887172
2.366716826236914
0.7403217839561521
0
6.182342428145441
0.39193638281072674
0.44298310803511565
0.007019802786717632
3.872102839078823
3.8418336855538335
1.7102882777429844
3.1138790120703144
1.0277562373634292
2.856916880340018
1.7557451220246272
2642207304542685e-21
29.43056366213857
44.79635376523555
0.00043261668147916323
21.618649645997888
0
2.8815031106223454
0
15.712502959319831
30.337875939711246
4.491227248061532
0
16.722379189656415
0
0.16257652875671177
0.009725915558015719
33.24457355468784
32.940270495440075
18.648914861196154
126.47617843884231
61.68144938125353
0.10014763104408207
0.1305597268361855
0.009045895146800462
20.05177473292189
48.565507355188764
1.1833068519558934
0.12069608795483132
0.006097706879747351
0.17574356067729244
17.67209125393489
0
23.18729099062496
0
12.237012205103058
0.0021792010606572526
0.012563985642884403
15.820290412776112
0.5531808559037721
1.2021118207520505
2.9955436441991736
0
13457333531170386e-21
0.0006145746201500565
0.1172875054790046
0.004673272357455652
0.0023918311414192883
0.009137873455402972
0.0011974952538782212
0.0015101463253477641
0.5504341021723372
0.672798637190503
0.10763043593958654
0.1777972769937138
7892270264040306e-20
0.1607306837475584
0.027829321592234953
2.1139086834502256
0.070333503081459
0.17346558892557967
0.027758746632662097
0.050090479002573574
1.0438362717885175
0.0009111308482393963
0
1.2605000431638693
1.3470949805579622
0.01089869529506052
0
2.660994481602376
2147462639039509e-20
0.005067360450867547
0
0.0013061698037805107
0
0.13405808718400183
1.230261280124352
0
0
0
0
0.6546471077978928
0.5793637001434326
1.1297131096368471
5.616575352982591
0.31538842184578436
1.4364223999590415
0.11503373740722493
0.0175406578742492
0.03144827548315448
4.038224047851589
0.0038831253786538113
1.671983694468102
9083611136776371e-22
0.06777661562840301
2.11778520493576
0.48929674865160266
0.553706082682255
0.0031152624874874312
0.8465769476659462
0.20176999209090898
0.0017371393268743717
0.026202962132643073
0.9494540700092498
2.274695120592231
0.13901268716809592
0.1222086957535782
0.36966839859472
0.03350648551549754
0.47017700498582826
0.4721074906559753
0.4030359516957018
0.6312393517280503
0.14586214158871008
2.8140378662000605
0.3359234083814985
11.238013513138185
2.001001227071472
2.803189715044794
0.19183315266423667
0.4706949873883847
2.4173191026654126
4.204893994733162
0.9467572644424589
5.545359018601299
6.770618379970843
5.091461690879176
2.210752157394325
3.9346469596107174
0.35929646405337756
38.687039834668646
619.5805373679951
4.002299645510451
10586.50977437545
1.0999998246296079
23.21905627670133
1.1824964764835988
45.43047604150099
1.2673824890956547
1.396865472427843
1.0999988175368027
0.6611135506717949
1.124035577213457
49.266520931886134
0
0.0013278701713712723
43953604343428726e-21
0
0.00016927121404797777
0.033565294189570466
0.05403102847320721
0.08997076359723875
0.04429630514685567
0.04162269462002595
0.07055452896111136
0.05284952975806546
0.07608864536377119
0.05148571667389988
0.047433532578723125
0.07362260599833413
0.056018234865272354
0.04315782897949184
0.050490413180321374
0.04305090998877997
0.053649563255305344
0.05782071231708733
0.08399638406188158
0.05393931788835538
0.04095863390999898
0.0019047386326567694
0.007503056170291627
0.023503044892895127
0.07828060505230848
0.04354475003134353
0.13134436699145557
9120768975806918e-20
0.01021872968596635
0.31299909428955053
4806127184809875e-21
0.08047911140880744
0.01105800692041306
0.001271251899880483
5486381826676041e-21
12044248140573237e-22
0.11566783239050522
0.09885595623087788
0.004161844866790492
0.04240801034689732
0.020709006966998983
0.0058191307773067915
0.01226608937985884
0.0004831198330147145
0.6834259453045681
15699130029591809e-25
0.08628339271479031
0.00034203274817250044
0.009729312205759287
0.011045804333943138
0.00015708664419825542
0.00017090457838735994
0.7947308588935963
0.0003936634820151814
0.06050527720354671
0.3497883407802091
13179245931805219e-22
258617271113871e-20
0.0001447475149236505
12571632811795553e-21
0.0005948426613255642
17003365543300727e-21
14432278915056902e-23
10044050997296518e-22
19077355040521e-18
0.08363970758669366
0.08460875611123528
4350178766362429e-20
0.00021272894394511402
0.02005275473742414
0.00823298926464248
0.10190234746807438
0.02065658826289846
27829649008682172e-21
0.16363448786743515
0.04037171448060473
5573481623116261e-22
0.4406265409658231
445896557607309e-21
0.003779590536656141
0.0009835685282257524
2299456595310406e-27
0.45949684264474383
0.7762198599746851
0.01847118644543476
0.42325691851712377
0.9869128907105787
0.007463973821094358
0.2511283041294499
22332184598330341e-26
46306393353201965e-22
0.0006298335730091053
9121515461892942e-20
0.1551165658223117
864560811940067e-21
0.00011182745517794048
0.20198849893687984
0.0009300715166373726
0.012007440336190866
12200898055073798e-21
0.16509016131288065
0.10901718251831924
0.021757901116414027
31470098870913676e-21
0.0001534738447386972
12006681073132926e-23
0.013887756424794374
0.20395164807805638
8333314589537636e-24
11103427292307673e-21
910642159064741e-20
9651194979916827e-20
10586520659067833e-21
0.5414779844999482
0.20192307456076253
0.00518374135957475
0.0015508923534000847
0.04388842379983547
0.005920651456433701
6760880362661968e-20
0.02932714079032026
8324407526933875e-20
0.0007215161743387131
0.0893193341889384
997038922524978e-21
0.8735597629814359
0.885464142023158
0.0018316790599624086
0.0005373894530892543
5829910129791885e-24
0.001031919347855358
10390421409591074e-24
0.010394143486042251
0.030294231782639347
0.000904773525684177
0.0003377541861982447
0.00015457477190256228
2618188179044711e-21
0.0061640383120787744
0.03170356771289308
0.021985998896254803
11257176078081018e-24
0.9833028658520309
0.07300643540242441
0
0
8178624277475046e-20
6662201763127697e-20
10336393131590194e-22
7596610343365832e-22
0.00019352291757704249
0.00985736764407487
0.005422087132961782
15204233911793265e-24
0.0001315170509553674
7328786938382794e-21
0.060327576112162454
0.013604501074643687
0.11378405953587903
3845637374621158e-22
0.0652145301127182
0.007753169285712486
0.00012015889293706862
0.14497912111558056
0.00029651934663725853
18549559457239284e-29
8515594123207642e-20
37361714181062008e-22
0.00012473234538684744
0.016641409559650204
0.00392026151900183
0.00016357953027866846
0.00015213974794586917
3799874525994797e-24
0.0005147618555705325
0.023533234756547082
13135133745139176e-24
0.0018093772936907105
0.001804302864055066
44189443775916005e-21
0.12384564561135251
4337439519476833e-20
0.5681740658547555
0.0019145921844189475
0.23507390712260315
0.0033143760980995874
0.000701402484415062
0.0005696345035108535
4475334774574057e-20
0.7014416729559318
12102146182072095e-21
21568120337853767e-21
0.008376411892420384
0.006489139740182951
2171598526253308e-23
8723820613680239e-20
0.003065661516855996
0.15689444757575394
0.03129681291833577
0.00010012344980299217
0.023613950091820733
0.00035425451693912516
0
0.12979572808033638
0.01250586757040054
0.622657058160387
0.528226373816112
0.5759603590378166
0.05556200729222534
0.03071911827187284
0.9351487203267242
0.6037694490372715
0.960857613068194
0.5116433863187606
0.28821159909236393
0.0007658309680502093
0.016010587399638454
0.1689774965106779
0.4198821898536301
0.16309698271645762
0.00029932827366795816
0.027843088978698204
0.3794251494665134
0.13198336486412657
0.2079793203209539
