0.012075533060394108
37.26524874684742
113.36735403972337
0
113.82683844143729
0.0017513560059427469
143.36857486925786
0
141.48745114440266
0
73.79025196460032
0
18.504236570100847
0
32.07645425516196
0
32.20301267885924
6.6725052253175114
40.652420633649214
0.15039850985188427
5401952115573806e-22
2.6045084031837242
2.395882062364117
0.770834449984071
0
6.206830158434932
0.41387356898146305
0.4449614748551688
0.007019404536030259
3.8695126189148183
3.858782463857235
1.9151799182702807
3.556570879541036
1.0260669473599338
3.1991704854775493
1.9964971785494232
2695019779526442e-21
30.775954103289706
46.28286613671285
0.00046640653814376815
23.609125740596834
0
2.925150778864111
0
15.745166922406078
30.227311451220046
4.491471925167591
0
16.872947784111933
0
0.16177409381417093
0.009552077231433054
33.245327819138005
32.94027156660692
18.627984553232338
115.71293053184255
61.68189774373137
0.09922182056592592
0.14036439580068683
0.009045950013486985
20.077215320201653
48.78992237144446
1.176046046941151
0.13228811955372413
0.005630026365349805
0.16878914421396002
19.416040240669815
0
29.105340001864104
0
12.222682396548135
0.0023924543972245814
0.07886130083695701
15.823137363728819
0.5489571989574219
1.1978997591475915
2.9961875766656756
0
14052323939704419e-21
0.0006035152997670875
0.11923558394687647
0.004476898227116589
0.0026264313160543375
0.00906718984504715
0.0011492135807923307
0.0015335689375707243
0.5367147054991362
0.6733006825294012
0.10833956066028645
0.17301565853542553
8383781711563815e-20
0.16026939635563286
0.028348805792528138
2.1289741775616444
0.06857952090812339
0.17329265347706055
0.027661999676466344
0.05106264697057642
1.0434812314465107
0.0008755178860811241
0
1.2608633786458259
1.3589644915120354
0.011972258094718973
0
2.6680044067705913
21400987394219747e-21
0.005014138714375565
0
0.0011726457744543415
0
0.1340721363732069
1.2309942312431414
0
0
0
0
0.7703389219353338
0.5784840364335474
1.136657038933953
5.639402746400149
0.3138761408634432
1.4481452914032649
0.11416691291135356
0.017466111247307185
0.030098573602354305
4.165946149175287
0.003872388635534972
1.6688112435857896
9080512988243588e-22
0.06818605687533551
2.10857393915893
0.4936619999391079
0.561237224353268
0.0031150925853432447
0.8487015120897989
0.20159454877373173
0.001688282029147595
0.02657430754752006
0.9534237761908844
2.2804362663854656
0.13852285970610384
0.12370529757751249
0.3745032818735854
0.034209594130043625
0.47736723651866725
0.4797047244749998
0.40263499821690685
0.6313592378123911
0.14621010597315678
2.80811659409593
0.3392606959178174
11.386704820582601
2.000236277254418
2.803692299269602
0.1913361675781427
0.4761438876642751
2.4157572993734
4.20615063864219
0.9452407989582408
5.624641746391554
6.829163156862512
5.290941931625644
2.2090537609073757
4.026643665401361
0.3622026281875217
39.31572746889911
619.5809248814086
4.002299842174369
10594.74268027959
1.0999998392461408
23.21905682655393
1.1825073531822554
45.430799756170856
1.2663809990102872
1.3968465919842232
1.0999988321567549
0.6418885365437481
1.1240742183071426
50.90541712163165
0
0.0013387211161851936
4026827110518037e-20
0
0.00013910287467889745
0.03442422714071516
0.055459259796530866
0.09242249242322918
0.045414206734243984
0.042447590594931334
0.0724099008025516
0.05433311088257618
0.07816392868473904
0.0528603885751503
0.04867470593766791
0.07555077634991854
0.05750822657869044
0.04427547176535126
0.05177141511654171
0.04415944192797018
0.05509545241126862
0.05932090189795975
0.08596567031910773
0.05528263325948799
0.042041420756032254
0.0019047426162173246
0.007503117987644782
0.023503651598019544
0.07828734047167489
0.04354683318138996
0.1313633426262094
9120769889189542e-20
0.010218844354437056
0.3131071253260654
4806127210171663e-21
0.08048623068380115
0.011058141199666022
0.0012712536743154903
54863818597252746e-22
12044248156500776e-22
0.11568254551371185
0.09886670069807538
0.0041618638857113255
0.04240998612405978
0.02070947797825982
0.005819167959945619
0.012266254604437664
0.0004831200892871539
0.6839436502842967
15699130029618872e-25
0.08629157658094185
0.00034203287662031186
0.009729416152663744
0.01104593831698102
0.00015708667129198242
0.0001709046104572672
0.7954320172508651
0.00039366365216907676
0.06050930007982061
0.34992332848812063
13179245950876085e-22
258617271848223e-20
0.00014474753792812866
1257163298532482e-20
0.0005948430498309574
17003365860738914e-21
14432278917343862e-23
10044051008373134e-22
19077355440121235e-21
0.08364739735601154
0.08461662520479041
4350178974142437e-20
0.00021272899363222286
0.02005319636574162
0.008233063695574912
0.10191376483037405
0.020657056892389395
2782964985904627e-20
0.1636639535346376
0.04037350502215889
5573481626526954e-22
0.4408410136245301
4458965578256109e-22
0.003779606222262887
0.0009835695904211134
2299456595310412e-27
0.45973013983250305
0.7768885622570265
0.018471561149998393
0.423454767604406
0.987997083600092
0.007464034996096391
0.2511977877147729
22332184598335824e-26
46306393588637085e-22
0.0006298340085657644
9121516375425084e-20
0.15514304057921474
8645608127607596e-22
0.00011182746890845593
0.20203341995197538
0.0009300724664272189
0.012007598665652968
12200898218519291e-21
0.16512015415994608
0.10903025114139688
0.021758421056131304
31470099958304575e-21
0.00015347387060050925
12006681074715764e-23
0.013887968229816331
0.203997447761763
8333314589613884e-24
11103427427671763e-21
9106421681698437e-21
9651196002625749e-20
10586520782121867e-21
0.5418023249868813
0.2019679664400841
0.005183770865336742
0.0015508949943602046
0.043890539971853715
0.005920689947821416
67608808645377e-18
0.029328085511353415
8324408287779335e-20
0.0007215167459301752
0.08932810446330516
997038923616452e-21
0.8744078522807478
0.8863356491260311
0.0018316827437872157
0.000537389770170657
5829910129829201e-24
0.0010319205170503628
10390421409709614e-24
0.010394262125365225
0.030295239850554375
0.000904774424507745
0.00033775431145258524
0.00015457479813673906
2618188186571175e-21
0.006164080033268827
0.03170467177774834
0.021986529796297356
11257176078220158e-24
0.9843790867766709
0.07301229337167112
0
0
8178625011904851e-20
6662202250460057e-20
10336393143320988e-22
7596610349702033e-22
0.00019352295869724546
0.009857474345434474
0.005422119414527552
15204233912047083e-24
0.00013151706994664572
7328786997355836e-21
0.06033157538338007
0.013604704327015054
0.11379829695485907
38456373762449346e-23
0.06521920387927319
0.0077532352933265
0.00012015890878971762
0.14500224527149277
0.00029651944317499835
18549559457239284e-29
8515594919403118e-20
3736171433432697e-21
0.00012473236246922088
0.016641713696264403
0.003920278393961142
0.0001635795596584241
0.0001521397733600188
3799874526010651e-24
0.0005147621465116308
0.02353384302156061
1313513374532861e-23
0.0018093808883550735
0.001804306438584857
4418944591992511e-20
0.12386251463905959
4337439726041679e-20
0.56853130894163
0.0019145962093019887
0.23513477714313677
0.003314388159913409
0.0007014030245820893
0.0005696348597857807
44753349944818474e-21
0.701987169386178
121021463428825e-19
215681208486104e-19
0.00837648893933747
0.0064891859785214355
21715985263050872e-24
8723821449289536e-20
0.003065671836292094
0.15692153335949321
0.03129788882875143
0.00010012346080980288
0.023614562537177357
0.00035425465473055127
0
0.1298142584867936
0.012506039318319671
0.6230864252314994
0.5285349764398749
0.5763275004064745
0.05556539945368073
0.030720154821096253
0.9361214535353816
0.6041730560986457
0.9618849374592454
0.5119328499310605
0.28830316554445845
0.0007658316120114122
0.016010868913159632
0.16900892013845356
0.420076887404444
0.16312625490760874
0.00029932837204336846
0.027843940489410465
0.3795840458933984
0.13200252575171112
0.2080269494329118
