0.01774430163137763
36.940942389092285
100.17955366453052
0
100.68117507744248
0.00100309043383408
106.54410935823529
0
138.10288591170905
0
74.9373518733521
0
21.440761260711707
0
31.44375113342663
0
32.82783733080403
6.0033968825334245
27.315190836521502
0.15169030573940484
11148883440595292e-25
2.449183552369629
2.3043379820048275
0.6213586012004123
0
6.077961013661054
0.3074810866692166
0.4346035770867788
0.0070208060354677426
3.876631912878719
3.7700253747787853
1.1054576549024682
1.6784702473719515
1.031400201037046
1.8456602894469674
0.9803935501713537
2416669681484529e-21
24.084557336321232
38.5508653953946
0.0004027182780061748
14.44287061833018
0
2.639016974431426
0
15.184583641594697
28.848899724440265
4.489933106187679
0
16.113039426896894
0
0.1627938914027527
0.009973034233843943
33.24143464029147
32.94026706531278
18.727425562905108
142.204223822935
61.67960527754439
0.10163620279989714
0.06732048433325594
0.009045472714755249
19.95435511174738
47.55459313932162
1.2022949076982303
0.1102182501777593
0.007876815715018071
0.19608276001938307
15.967376670453309
0
16.36986461108114
0
12.34831579798393
0.0019771993419475187
0.0019900523235456295
15.809227243485422
0.5573920230422423
1.2164778360676043
2.992826668378146
0
14742948876483917e-21
0.0006304902870818207
0.1124559279390101
0.005484876911885979
0.0021670837680381047
0.009231101312970159
0.0013676440186835813
0.0014111080738610927
0.6121087814188603
0.6707387027993926
0.10490638578404807
0.1945919706342478
7878832047332995e-20
0.1627714720197924
0.026030458380640463
2.049004718599105
0.07768671905744774
0.171308022137714
0.028472744397097006
0.04741142927624835
1.0258427241537573
0.0010442074682844745
0
1.258999215151529
1.297737179326161
0.009865237999160134
0
2.6321376048512883
21390524209912498e-21
0.005174028228151341
0
0.0015729675759415009
0
0.13400104616426672
1.22727116528987
0
0
0
0
0.3823875566489145
0.5824190867704064
1.1003843920721235
5.5200810597593275
0.3214994979223506
1.4055201760040434
0.11802704407225349
0.017523659664585512
0.036830167054945386
3.5363679880263987
0.003920387070572691
1.6832994447618888
9096459845492952e-22
0.06612186982194848
2.1370593591599394
0.4799850096503438
0.5271772693242224
0.003115726624676153
0.837785111878393
0.20249211777709095
0.001980226216551002
0.025285505251112887
0.9333387608113024
2.2515133442431687
0.14104288329688738
0.11860706502481562
0.359303411663057
0.031467200269693706
0.4545611556267766
0.4551686501736949
0.40469707712876213
0.6307426398738384
0.14419112139652493
2.7869632844024714
0.328452088718169
10.92884871035102
2.0036368658672425
2.8006948368080553
0.19356588541119168
0.459308295974935
2.4227031908436794
4.198663812938105
0.9520310973105238
5.357190198093864
6.708389536405511
4.433844965545394
2.2171575037933713
3.6993763355871923
0.35423330536674513
37.22638806300772
619.578924164646
4.002298826804953
10552.305146429699
1.09999976378145
23.219053987682678
1.1824511982098718
45.42912845246547
1.2710063566697225
1.3969186014477375
1.099998756674419
0.7259983473663422
1.1238747301194107
31.659033368112762
0
0.0013083667394441652
5897247561076986e-20
0
0.00030892733364449925
0.03134602003080783
0.05028466099083284
0.08337821634639705
0.04137382070649395
0.03931792183759479
0.06566160691349501
0.048859976852350814
0.07052825638374743
0.04786709261241442
0.04418061193644141
0.06859020181590535
0.05210244552221954
0.040227334716985745
0.04717193205406778
0.040142870061064664
0.049762452672000586
0.053881392121438866
0.07909132338783466
0.05046762519866071
0.03812101064963737
0.001904722049311039
0.007502798832099613
0.02350051936715318
0.07825257194365805
0.04353607901515077
0.13126540148317994
9120765173425235e-20
0.010218252338615818
0.3125497649602554
4806127079229567e-21
0.08044948086134317
0.011057447937697766
0.0012712445129908806
5486381689093142e-21
12044248074267398e-22
0.11560660223628948
0.09881123990443876
0.004161765692564989
0.042399786238865235
0.020707046277296477
0.005818975989723064
0.012265401579135162
0.00048311876616220117
0.6812749639688366
1569913002947915e-24
0.0862493318818095
0.00034203221344888545
0.009728879490053013
0.011045246584303805
0.00015708653140798597
0.00017090444488142585
0.7918185949366618
0.0003936627736707439
0.06048853297224637
0.3492269506526272
13179245852413811e-22
25861726805678656e-22
0.00014474741915678247
12571632089398772e-21
0.0005948410439927576
1700336422181575e-20
14432278905536357e-23
10044050951184932e-22
1907735337699811e-20
0.0836077029191581
0.08457600518992849
4350177901381004e-20
0.0002127287370993929
0.020050916357372807
0.008232679418281083
0.10185483109797311
0.020654637487555822
27829645468643904e-21
0.16351188023600374
0.04036426136669137
5573481608917661e-22
0.439734818900338
4458965566985253e-22
0.0037795252386761857
0.000983564106352743
22994565953103795e-28
0.4585269055256622
0.7734422537018364
0.018469626643997306
0.42243427202303396
0.9824122014423922
0.007463719156904443
0.25083925267252427
22332184598307522e-26
46306392373093094e-22
0.0006298317598038921
9121511658888824e-20
0.15500640079848305
8645608085235505e-22
0.00011182739801826167
0.20180160149845072
0.000930067562703025
0.012006781238136274
12200897374655441e-21
0.16496536058543582
0.10896279508995356
0.021755736757508158
31470094344140534e-21
0.00015347373707684704
12006681066543632e-23
0.013886874721971545
0.2037610959352065
8333314589220209e-24
1110342672879132e-20
9106421211604907e-21
9651190722413434e-20
1058652014679784e-20
0.5401298506782537
0.20173629830920992
0.005183618529835516
0.0015508813592158507
0.04387961533979486
0.005920491220706162
676087827336974e-19
0.029323208273880904
8324404359559293e-20
0.0007215137948265923
0.08928283306972007
9970389179812063e-22
0.8700380250851006
0.8818452853465925
0.0018316637243971027
0.0005373881330915206
58299101296365415e-25
0.0010319144805481606
10390421409097603e-24
0.010393649608885096
0.030290035588594763
0.0009047697839199878
0.000337753664768928
0.00015457466269057078
26181881477122828e-22
0.006163864631132831
0.03169897193935424
0.02198378891410928
112571760775018e-22
0.9788352228056431
0.07298205391418602
0
0
8178621220067955e-20
6662199734379045e-20
10336393082755278e-22
7596610316988417e-22
0.00019352274639504566
0.009856923462137379
0.005421952747900735
15204233910736654e-24
0.00013151697189531223
7328786692879913e-21
0.060310930122695686
0.013603654974150621
0.11372480875574384
3845637367861429e-22
0.06519507697107503
0.007752894504164291
0.00012015882694301996
0.14488289561748258
0.00029651894475407083
18549559457239284e-29
8515590808672122e-20
37361713543024847e-22
0.00012473227427349808
0.016640143508378027
0.003920191269866215
0.00016357940797174153
0.0001521396421476223
3799874525928798e-24
0.0005147606443938067
0.023530702737686145
13135133744350568e-24
0.0018093623292946132
0.0018042879834779019
4418943485047577e-20
0.12377544507417859
43374386595540874e-21
0.566689285085576
0.0019145754290504245
0.23482067646768592
0.003314325885625914
0.0007014002357214636
0.0005696330203521138
4475333859105074e-20
0.6991753404289287
12102145512623532e-21
2156811821159036e-20
0.008376091156183063
0.006488947254998427
21715985260377533e-24
8723817135066298e-20
0.003065618557746663
0.15678174055733649
0.03129233433512557
0.00010012340398200403
0.023611400672069814
0.00035425394331839867
0
0.12971861501255003
0.01250515261465001
0.6208727941255153
0.5269436061787874
0.5744344730151184
0.055547888057834935
0.030714803526436487
0.9311101136275077
0.602092141236251
0.9565926725737796
0.5104401164303431
0.2878307233074298
0.0007658282872661243
0.016009415521040134
0.16884674372818448
0.4190726394600002
0.16297517995902663
0.00029932786413461705
0.027839544446659103
0.3787643832184835
0.13190362858668228
0.20778115901395217
