0.01972961702221763
36.8696955030087
95.79298094045734
0
96.30545877559827
0.0009124981009771537
100.42245353082154
0
135.52918767137984
0
75.15255207846583
0
21.930151828206156
0
31.249742727835226
0
33.00218984601134
6.109721168808881
26.314130232248797
0.15167443662649882
4109885598350146e-25
2.408094622700102
2.2840014034005596
0.574742473137885
0
6.031422731296486
0.275152151052201
0.4311191246257784
0.007021007760044404
3.8762144617332908
3.7401557542402597
0.9274989117444523
1.2605334229300662
1.0317050806792893
1.5481803326304489
0.7548875695538935
23188202626040244e-22
21.945347637112956
35.85405062005094
0.00040501794644556935
11.923123658124092
0
2.523722813925722
0
14.92998513104269
28.012116699749388
4.489295252354923
0
15.857232948994554
0
0.16296629698208084
0.010046538322443706
33.24007129946303
32.94026551220443
18.75757051808973
128.33245841597264
61.67887564193622
0.10214598155043396
0.02412613684819629
0.00904530596203192
19.915622568246373
47.10585892893602
1.2068067607316912
0.11030305203138714
0.00862590627115003
0.20170554826321824
15.905955351039283
0
16.02223752125508
0
12.393716367431528
0.0019734214856986965
0.001979256601558806
15.804371549944696
0.5587393097808868
1.2217484737934132
2.9916366986588985
0
1576437021142378e-20
0.000635267100795679
0.11078595726272096
0.005828235024420608
0.0021614930818546264
0.009185319919655979
0.0014261580383258827
0.0013690766945254856
0.6372686461077892
0.66985685440701
0.1040220790809618
0.20039763029283034
8119540266390593e-20
0.16298903653263255
0.025279256559746516
2.020332114442301
0.0803407477854148
0.17056102683923802
0.02870140671086747
0.046409460278352514
1.0182761618183036
0.0010934148881609944
0
1.258345494186057
1.2770734387844598
0.009836609076935753
0
2.619743803624441
21366578321046347e-21
0.0052163857474442936
0
0.0016519586906183859
0
0.13397682552506954
1.2259938847651555
0
0
0
0
0.31028390457675603
0.5834880142590873
1.0875847467456676
5.477431179474606
0.32406388931009217
1.3943609281873153
0.11908069425300166
0.017527309072444746
0.039047375652413396
3.3389731503743554
0.00393333345886958
1.6873447744125056
9102010462107161e-22
0.06542718922392589
2.1378528625398037
0.47680869728342434
0.516349456093077
0.0031158652337486253
0.8339979820003718
0.20280166743085168
0.00208531826094851
0.024966033327452116
0.9265288034763968
2.2415824508093154
0.14191999664586158
0.11737876215338298
0.35600002830515726
0.030697856231262557
0.44954531314500684
0.45064307275402327
0.40541531878227416
0.6305280832662593
0.143373383394542
2.776722585288301
0.326003093621496
10.832440458844996
2.0046067198737063
2.799598553705862
0.19417421595639925
0.4557416508250789
2.4246855529570195
4.195928599509515
0.9538792536659912
5.295074791494055
6.696722555126077
4.185967779799328
2.2195002724425277
3.6199784340728147
0.3528776638662345
36.784305878593756
619.5782234754093
4.00229847120247
10537.482904436803
1.0999997373522166
23.219052993453644
1.1824315322532657
45.42854314323652
1.2723478836500814
1.3969339037082802
1.0999987302390064
0.7483864375957104
1.1238048737764286
13.077250378996219
0
0.0013024637752439708
653939969934842e-19
0
0.00037498263965679145
0.030568525170887064
0.04896357285140579
0.08103283574642232
0.04034265933916573
0.03847631766776954
0.0639307371979712
0.04744180087789497
0.06855117251737616
0.046589941990087216
0.04303444205316627
0.06682037754777363
0.050721285000678386
0.03919396285596794
0.04600687303088174
0.039117195608912594
0.04837765206763189
0.05249149507125414
0.07739410908168712
0.0492501082237059
0.03712139620049209
0.0019047148464243042
0.007502687060695971
0.023499422496363092
0.07824039896552404
0.043532313320415676
0.1312311178168019
9120763521871448e-20
0.010218045011021326
0.3123548009579202
4806127033371043e-21
0.08043661431108283
0.01105720515385774
0.0012712413045285783
54863816293343805e-22
1204424804546763e-21
0.11558001718085492
0.09879182378933328
0.004161731303921827
0.04239621461644367
0.020706194714813164
0.0058189087594340706
0.01226510284675078
0.00048311830277840927
0.6803428010901333
15699130029430221e-25
0.08623454183910087
0.00034203198119337884
0.009728691547142364
0.011045004336017902
0.00015708648241786035
0.00017090438689351415
0.7905569875238386
0.00039366246600363577
0.060481261603836614
0.34898339310577203
13179245817930376e-22
2586172667289502e-21
0.00014474737756072008
12571631775627677e-21
0.0005948403415099638
17003363647832332e-21
1443227890140112e-22
1004405093115648e-21
1907735265445145e-20
0.08359380559282156
0.08456178386450386
4350177525678697e-20
0.00021272864725657177
0.020050117914432362
0.008232544840978072
0.10183419939258027
0.02065379023091004
27829643931037924e-21
0.16345865456124448
0.040361024555289254
5573481602750536e-22
0.43934806417613026
4458965563037978e-22
0.0037794968770252604
0.000983562185730262
22994565953103674e-28
0.458106253968246
0.7722389060862319
0.01846894918946037
0.4220774559714968
0.9804637381757607
0.0074636085469036925
0.25071380760781753
2233218459829761e-25
4630639194738547e-21
0.0006298309722447003
9121510007064688e-20
0.15495857529130067
8645608070395953e-22
0.0001118273731911177
0.2017204769764164
0.0009300658453274896
0.012006494971935025
12200897079117564e-21
0.1649111831169212
0.10893918050929005
0.021754796741093756
3147009237794897e-20
0.0001534736903142349
12006681063681595e-23
0.013886491774154177
0.20367838559087253
8333314589082338e-24
11103426484029506e-21
9106421046968811e-21
9651188873178848e-20
10586519924294757e-21
0.5395453384169179
0.2016552263719528
0.005183565179974572
0.001550876583945714
0.04387578995953387
0.005920421624098837
676087736589147e-19
0.029321500360184646
8324402983819018e-20
0.0007215127612943337
0.08926698355343832
9970389160076304e-22
0.8685127937025664
0.8802780553775158
0.0018316570634754673
0.0005373875597550578
5829910129569066e-24
0.0010319123664534943
10390421408883272e-24
0.010393435101977376
0.03028821316403445
0.0009047681586995751
0.00033775343828775455
0.0001545746152546594
26181881341031243e-22
0.0061637891948045235
0.03169697598498317
0.02198282908349502
11257176077250221e-24
0.9769010425811737
0.07297146641678542
0
0
8178619892091746e-20
6662198853197707e-20
10336393061543965e-22
7596610305531466e-22
0.00019352267204265195
0.009856730539139836
0.005421894379147678
15204233910277718e-24
0.00013151693755580427
7328786586246395e-21
0.06030370141267562
0.013603287489064185
0.11369908295035297
3845637364925363e-22
0.06518662935889118
0.0077527751565699445
0.00012015879827869339
0.14484112022778942
0.00029651877019735664
18549559457239284e-29
851558936901292e-19
3736171326589511e-21
0.00012473224338561828
0.016639593632410035
0.003920160757734835
0.0001635793548480846
0.00015213959619446064
3799874525900134e-24
0.0005147601183233344
0.023529603046953496
13135133744008041e-24
0.0018093558295878844
0.001804281520177378
4418943097373533e-20
0.12374496605602626
4337438286049003e-20
0.5660455838013233
0.0019145681514467535
0.23471077140433794
0.0033143040762097066
0.0007013992590096806
0.000569632376147299
4475333461473637e-20
0.6981932473272324
12102145221850353e-21
21568117288053623e-21
0.008375951849084845
0.00648886365135372
21715985259441294e-24
8723815624140102e-20
0.0030655998987603444
0.15673281179042625
0.031290389274171604
0.00010012338407978733
0.023610293424183665
0.00035425369416806505
0
0.12968513543120927
0.012504842088271077
0.6200993973806651
0.5263874103131684
0.5737729683994415
0.05554175652397625
0.03071292961712482
0.929361393131269
0.6013650593518949
0.954746109023543
0.5099183612707668
0.28766544776099473
0.0007658271228776752
0.016008906545435526
0.1687899831288865
0.41872149980385576
0.16292230359766743
0.00029932768625508407
0.027838005029244647
0.37847773974193305
0.13186901035591986
0.20769514700645073
