0.01922693540047573
36.89667141980243
96.89028907009578
0
97.4010094444536
0.0009326614902472747
101.82884874449753
0
136.24325715327797
0
75.09803813126167
0
21.751759440520626
0
31.29774121609108
0
32.95932827499461
6.076830567899113
26.4985047698285
0.15171785972250773
5167351649098107e-25
2.4178910080794895
2.291652701679358
0.5862293520579206
0
6.0432734321809125
0.28306520828336346
0.43198590457314945
0.007020967419251839
3.876426884779757
3.7475865407601043
0.9682183071067552
1.3555110150131167
1.0316855606788582
1.6162288903947326
0.806255719248817
23433896117137955e-22
22.474358029331867
36.533715689239806
0.00040397566449147134
12.526803573360342
0
2.5528517661263574
0
14.995382400964424
28.196315322409895
4.489459494389313
0
15.921499035420426
0
0.16291619825168055
0.010020916750993663
33.24041649500355
32.940265909063896
18.750148640913707
135.49342899110817
61.679057629917956
0.10202149962255525
0.035416248120328175
0.009045347315329754
19.925236155244765
47.220042763890916
1.2058180952381705
0.1102340021395095
0.008437362153583485
0.2004212406148943
15.914511164427969
0
16.07358256151582
0
12.387738495395046
0.001973508908590339
0.0019800875424344725
15.805603887573554
0.5584003130507654
1.2204548120668486
2.991938361119369
0
1551481353793686e-20
0.000633613836292284
0.11132690403728684
0.005742954642070682
0.0021619570482054344
0.009201123290086804
0.001412198999076191
0.0013795988993971675
0.6316495465048243
0.6700794313226898
0.10433675123780982
0.19900574221128148
8057966220409804e-20
0.16309229818163667
0.02549023774628906
2.0276047067322516
0.07978404917976914
0.17073792975530014
0.028682830331058656
0.04671551426811844
1.02016462560448
0.001081453746012032
0
1.2585110733202372
1.2822760417499146
0.009839509682741616
0
2.6228739722566687
21371716517509068e-21
0.0052057270866585304
0
0.0016225881416748644
0
0.13398292650927826
1.226316130118619
0
0
0
0
0.3272599434621515
0.583231299458804
1.0908251146987498
5.488272402574448
0.3234196152012909
1.3979010609742077
0.11882547423933965
0.01752557886324435
0.0384927350666063
3.387624544470441
0.0039302191549276545
1.6863663949513876
9100607010307684e-22
0.0656017102970538
2.1380001356431526
0.47801908755980294
0.5192550895171922
0.003115833589219818
0.834955126810707
0.2027235228141078
0.002062118170867461
0.025071039258813942
0.9282425308495205
2.2441165939516217
0.1416981922827281
0.1177900053745964
0.35721516146004895
0.030923207148808918
0.45135690827161945
0.4521319068888442
0.4052336635479733
0.6305823409611386
0.14358534989344598
2.7792030452732397
0.32687728619110196
10.868889010944565
2.004370817163809
2.799878421180912
0.19402803640387445
0.45709098174270113
2.4242033369142004
4.1966267144611
0.9534352039756032
5.31564423451073
6.708180016109076
4.251252940103523
2.2189704483375885
3.6441890936027943
0.3535105951095022
36.927889330757004
619.5784008897662
4.002298561240973
10541.233924774777
1.0999997440440954
23.219053245192317
1.182436511640225
45.428691342750966
1.272019770768867
1.3969303316790542
1.0999987369324498
0.7429860404344458
1.1238225609948806
18.47586750611452
0
0.0013051238019446962
6377420843378507e-20
0
0.0003580334635714984
0.030808021955711435
0.04936604367953085
0.08173479778508902
0.040658344169017265
0.03872593098344953
0.06445660838409178
0.047865856965791785
0.06914448172623897
0.04697784093774987
0.043383857397015155
0.06736132038695902
0.05114128913821281
0.03950911073098881
0.04636530250696283
0.03942996749271835
0.04879261730982866
0.05291490532833307
0.07793356500774604
0.04962559464221013
0.0374259874163958
0.0019047166701917967
0.007502715361044703
0.0234997002190768
0.07824348098310074
0.04353326676308043
0.131239797590406
9120763940044643e-20
0.010218097505945966
0.3124041543190757
4806127044982416e-21
0.08043987192551791
0.011057266626193276
0.0012712421169100876
5486381644465292e-21
12044248052759728e-22
0.11558674793568226
0.0987967395866396
0.004161740011095336
0.04239711892237169
0.02070641032702204
0.00581892578206184
0.012265178485067212
0.0004831184201070885
0.6805787039649998
1569913002944261e-24
0.08623828643636076
0.0003420320400004307
0.009728739133921808
0.011045065672752864
0.00015708649482215292
0.00017090440157604465
0.7908762361978489
0.00039366254390488844
0.06048310263081102
0.34904504578355094
13179245826661577e-22
2586172670651582e-21
0.000144747388092837
12571631855074481e-21
0.0005948405193784454
17003363793164863e-21
14432278902448165e-23
1004405093622768e-21
19077352837400177e-21
0.08359732417578752
0.08456538447631602
4350177620806474e-20
0.00021272867000475984
0.020050320077084217
0.008232578915727259
0.10183942294279016
0.020654004752906442
27829644320359566e-21
0.16347212965750038
0.040361844091011886
5573481604312051e-22
0.4394459582544898
44589655640374274e-23
0.0037795040581717933
0.000983562672031292
22994565953103706e-28
0.45821272639344435
0.7725434164370761
0.018469120718519513
0.42216777324848764
0.9809567231745944
0.007463636553187798
0.250745564350804
22332184598300118e-26
4630639205517458e-21
0.0006298311716545012
9121510425306335e-20
0.1549706833087664
8645608074153326e-22
0.00011182737947734709
0.20174101461195332
0.000930066280166472
0.012006567453857973
1220089715394772e-20
0.16492489916308037
0.10894515923441195
0.021755034749298404
3147009287578843e-20
0.0001534737021545214
12006681064406264e-23
0.013886588735497732
0.20369932466550558
8333314589117247e-24
11103426546003168e-21
9106421088654651e-21
9651189341404793e-20
10586519980632511e-21
0.5396932770216359
0.2016757506960301
0.005183578688101129
0.0015508777930421567
0.04387675851383155
0.0059204392458742155
676087759566485e-19
0.02932193279432497
832440333215627e-19
0.0007215130229844392
0.08927099638305086
9970389165073398e-22
0.8688987291260746
0.8806746142878771
0.001831658750017746
0.0005373877049237245
58299101295861505e-25
0.001031912901741604
1039042140893754e-23
0.010393489414682437
0.03028867459135032
0.000904768570204915
0.0003377534956327465
0.0001545746272654252
2618188137548962e-21
0.006163808295186627
0.03169748134851101
0.021983072108530666
11257176077313921e-24
0.9773904151411479
0.07297414702465008
0
0
8178620228335144e-20
6662199076312706e-20
10336393066914667e-22
7596610308432364e-22
0.00019352269086866654
0.009856779386862958
0.005421909158049628
15204233910393923e-24
0.00013151694625056277
732878661324599e-20
0.060305531639277134
0.013603380535305963
0.11370559617097792
38456373656687743e-23
0.06518876818980142
0.007752805375192991
0.00012015880553649685
0.14485169661253544
0.00029651881439508626
18549559457239284e-29
8515589733534437e-20
3736171333606433e-21
0.00012473225120642506
0.01663973285922201
0.003920168483380432
0.00016357936829898662
0.00015213960782979442
3799874525907392e-24
0.0005147602515242648
0.023529881483657648
1313513374409477e-23
0.0018093574753106506
0.0018042831566821161
4418943195532552e-20
0.12375268263015182
4337438380620443e-20
0.566208499728192
0.0019145699941325255
0.23473859448903914
0.0033143095983377375
0.0007013995063128597
0.000569632539259813
4475333562153866e-20
0.6984417826837603
12102145295474088e-21
21568117521893012e-21
0.008375987121406558
0.006488884819684815
21715985259678347e-24
872381600670641e-19
0.003065604623202732
0.15674519910454265
0.031290881751943875
0.00010012338911902586
0.023610573774308013
0.0003542537572528834
0
0.1296936116401998
0.012504920712784393
0.6202951302138546
0.5265281835113222
0.5739403892334249
0.05554330896363037
0.030713404079931193
0.929803858198398
0.6015490733448332
0.9552133214163028
0.510050419171055
0.28770728653502514
0.0007658274177005252
0.016009035416468413
0.16880435310163958
0.41881038049657315
0.1629356902639212
0.0002993277312941507
0.0278383948015034
0.3785502973203518
0.1318777748287577
0.20771692186969995
