0.020482588059675393
36.791084201460286
94.16642250981543
0
94.68000086280574
0.0008846419083460393
98.43677737659925
0
134.3771455266262
0
75.23623840813148
0
22.41544178230053
0
31.180418093993822
0
33.06497692649983
6.163845861282481
26.120861783900178
0.15145989545429253
2974112460398629e-25
2.394189791525406
2.262055021930043
0.5579325679458423
0
6.013587228288768
0.2636442719122373
0.42984289386114577
0.007021056030634675
3.875778324085628
3.729214168378557
0.871695251647
1.1311451769264758
1.0316701739746805
1.4549464655211286
0.6846856217968627
22825307581582653e-22
21.169975764388276
34.841379172764476
0.0004078262471496688
11.061635955529836
0
2.4803503908385633
0
14.831444937330925
27.835353203695238
4.489046426064004
0
15.761594105398414
0
0.1630527613492145
0.010116129957133686
33.23955423039601
32.94026491252726
18.768428758944047
107.52509632415462
61.678605551253916
0.10232984013563068
0.011156377024917702
0.009045245175894171
19.90146081592892
46.93135016397146
1.20811094272928
0.1104007790513424
0.008907158508534522
0.2034691682160828
15.892656274913005
0
15.97169629881592
0
12.381253674814792
0.0019732306327604576
0.001978794170215618
15.80252124599396
0.5592605416079476
1.2236497243244517
2.9911844483544137
0
16082063249160256e-21
0.0006397191790727125
0.10947268510551017
0.005950626689865174
0.0021607336588460894
0.00915682145970719
0.0014460199019693835
0.0013534783670492705
0.6429139546400505
0.669524452979269
0.10316185450948867
0.20239096153303723
8208377277937071e-20
0.16230412330587968
0.024878620198445278
2.0094265972326024
0.08079987585228975
0.17031997773709312
0.02858724734313397
0.04573268253135335
1.0155008977848548
0.001110729753609045
0
1.2580981686323118
1.2692062397763593
0.009831983264998614
0
2.6150667863186703
21360450830709548e-21
0.005232488806295738
0
0.0017351275310266872
0
0.133967742343299
1.2255132438720304
0
0
0
0
0.28555933930944755
0.5838533583753711
1.082734284221325
5.461138403767302
0.32502263909879553
1.3860029729123995
0.119449584002275
0.017531260688681116
0.039869981744798576
3.267760209585889
0.003937803081477582
1.6887543392163773
9104110091532344e-22
0.06516748980190182
2.1372409851138356
0.4733178129635992
0.5112814871126048
0.003115909507823535
0.8325658765051298
0.20291842579426372
0.002106456998260855
0.024706459730717372
0.9239756386257236
2.2376912141915906
0.14225187069207548
0.11633558017824656
0.3525794020121488
0.030230790490733662
0.4445472952478729
0.4467753887036045
0.40568705364305585
0.6304468964242
0.14304925983260877
2.7731998946093914
0.3236133546111984
10.727019364865614
2.004940112919612
2.799155033108945
0.19438231789044863
0.4518327771072473
2.4253669995016955
4.194822623344657
0.9545114736577247
5.243369287041644
6.645076985834255
4.074243087298715
2.220111965988688
3.565569367498561
0.3507024643184836
36.42549728829842
619.5779577250443
4.00229833633304
10531.866716432678
1.0999997273283955
23.219052616372178
1.1824240736268055
45.42832115483938
1.2728255579878336
1.3969389257331646
1.0999987202128414
0.7561637419285
1.1237783804254589
6.358592682214902
0
0.001293656656110701
6780611429076555e-20
0
0.0004005331074871476
0.03002793226418542
0.04807010385142212
0.07951586661162625
0.03963680467668747
0.03794479870604838
0.06276832939062596
0.046526726938886195
0.0672640915469932
0.04573268833803359
0.04225779145386434
0.06561334875799942
0.04979134796726056
0.03849312448031694
0.04519949264605824
0.038421689433772645
0.04747952124197648
0.05155145152557665
0.07612177925855482
0.048401051234628276
0.036444902276852105
0.0019047121145908748
0.007502644669564818
0.0234990064993101
0.0782357826125405
0.04353088518967912
0.13121811738470887
9120762895486333e-20
0.010217966378935859
0.3122808887283583
4806127015978273e-21
0.08043173494977426
0.011057113074567653
0.001271240087656441
5486381606669658e-21
12044248034544736e-22
0.11556993585971853
0.09878446083270803
0.004161718261407331
0.04239486008505806
0.020705871751668693
0.005818883261189642
0.012264989548351821
0.0004831181270308452
0.6799895931518448
15699130029411665e-25
0.0862289330794941
0.00034203189310581924
0.009728620266939868
0.011044912459842942
0.00015708646383736787
0.0001709043649004303
0.7900790233197368
0.0003936623493147218
0.060478504018854067
0.3488910634125267
13179245804851831e-22
25861726622534154e-22
0.0001447473617845748
12571631656623647e-21
0.0005948400750793656
1700336343013751e-20
14432278899832758e-23
10044050923560284e-22
1907735238041101e-20
0.0835885353548035
0.08455639076453327
43501773831860016e-21
0.00021272861318187368
0.020049815097105857
0.008232493800387958
0.10182637549393812
0.020653468900772198
27829643347869763e-21
0.16343847217900553
0.04035979699695499
5573481600411534e-22
0.43920146860769016
4458965561540893e-22
0.003779486120350878
0.0009835614572963009
2299456595310364e-27
0.45794681430833795
0.7717830020007826
0.018468692257617457
0.4219422051082189
0.9797257552523883
0.007463566596251316
0.2506662464390913
22332184598293863e-26
46306391785927255e-22
0.000629830673547197
9121509380577033e-20
0.1549404403596947
864560806476776e-21
0.00011182736377492237
0.20168971739045888
0.0009300651939788939
0.012006386401470415
12200896967028847e-21
0.16489063986980496
0.10893022554035982
0.021754440231469652
3147009163223106e-20
0.00015347367257857167
12006681062596107e-23
0.01388634653620712
0.2036470248012242
8333314589030045e-24
11103426391198644e-21
9106420984527245e-21
9651188171819302e-20
10586519839905957e-21
0.5393238157968442
0.2016244867215382
0.00518354494610382
0.0015508747728317262
0.04387433919388756
0.005920395228391116
6760877021712003e-20
0.029320852625372637
8324402462041738e-20
0.000721512369306697
0.08926097303960226
997038915259112e-21
0.8679350184504467
0.8796843804843741
0.0018316545371924802
0.000537387342305762
58299101295434754e-25
0.0010319115646414433
10390421408801984e-24
0.010393353747049727
0.030287522001320368
0.0009047675423026087
0.00033775335239022604
0.0001545745972636339
26181881289415774e-22
0.006163760584291937
0.03169621901176943
0.02198246505927234
11257176077154801e-24
0.9761684656596342
0.07296745129589037
0
0
8178619388429952e-20
6662198518991882e-20
10336393053499143e-22
759661030118618e-21
0.00019352264384300946
0.009856657370176602
0.005421872241781264
15204233910103656e-24
0.00013151692453185334
7328786545803478e-21
0.06030096000474126
0.013603148115505146
0.11368932744026099
38456373638118007e-23
0.06518342571732946
0.007752729892060176
0.00012015878740716926
0.14482527921664706
0.00029651870399321725
18549559457239284e-29
8515588822993099e-20
37361713160788063e-22
0.00012473223167076678
0.016639385085574443
0.003920149185453673
0.00016357933469986717
0.00015213957876579777
379987452588926e-23
0.0005147599188006027
0.023529185980431896
13135133743878136e-24
0.0018093533644486842
0.0018042790688459166
4418942950340315e-20
0.1237334082347779
43374381443896504e-21
0.5658016383538818
0.0019145653912755242
0.23466910114078082
0.0033142958045848043
0.0007013988885723274
0.000569632131819777
4475333310663877e-20
0.6978211295666855
12102145111568744e-21
2156811693778364e-20
0.008375899014654785
0.006488831943261373
217159852590862e-22
8723815051090835e-20
0.003065592821991899
0.15671425855963206
0.03128965160206688
0.00010012337653146993
0.023609873491597492
0.0003542535996728049
0
0.12967243988269359
0.012504724316874827
0.6198063230618379
0.5261766153627473
0.5735222786827582
0.0555394311927114
0.030712218929000903
0.9286990148585942
0.6010895285440396
0.9540466951320045
0.5097206145920272
0.28760278849104226
0.000765826681260256
0.016008713510370108
0.16876846051411518
0.4185883999521424
0.16290225365504185
0.0002993276187906992
0.027837421196303117
0.3783690811509177
0.13185588306789525
0.20766253452563385
