0.02007851925668346
36.84091208897758
95.03676231125274
0
95.54997533098515
0.0008992810879076695
99.4865023586729
0
135.0078694042256
0
75.19083206406859
0
22.11330545774543
0
31.217136949486832
0
33.03148555603422
6.134204309663132
26.211995190595495
0.15160195502861756
35289281067408283e-26
2.4015325197717345
2.2759130731407184
0.5668952815357275
0
6.023170853729749
0.2697688503298939
0.43052437474325583
0.00702103187252251
3.876029085902256
3.7350568431352804
0.9008828178809938
1.1986996697585575
1.031698027295323
1.5037080326270955
0.7213773025557043
230191166407339e-20
21.58348255280035
35.38394090277895
0.00040607519146785485
11.517607003972158
0
2.5035831706896405
0
14.884356908603445
27.911866551528366
4.489180341408464
0
15.812824844417868
0
0.1630042743322043
0.010072341110482651
33.239831706268
32.940265235217154
18.76264012021451
120.09590226656736
61.67875016988161
0.1022312581806084
0.017161907268871693
0.009045277606638235
19.909025284976273
47.02576470433162
1.2074368933181752
0.11035312511577955
0.008756378551902083
0.20254629332354104
15.900415611984975
0
15.995624814832604
0
12.392178640998363
0.001973410524880457
0.0019789859393161548
15.803514932714402
0.5589773468626044
1.222633813262261
2.9914271951074114
0
1592314200847886e-20
0.0006369221854507891
0.1102773281438756
0.0058859864317894126
0.0021612257029305524
0.009172805096840153
0.0014355148593565036
0.0013618255267441792
0.6404297803259107
0.6697026717987307
0.10370083499834609
0.20133442078604602
8161455614609974e-20
0.16277446136294194
0.025110364761570903
2.0152805026186575
0.08062585128418032
0.17044492052839996
0.028676251635236367
0.046139091077925395
1.016980016320685
0.001101524906642926
0
1.2582307199993774
1.273448827133159
0.009834848808111488
0
2.6175747372894476
21363456883034154e-21
0.0052238061067479994
0
0.0016827898108043977
0
0.13397260700997607
1.2257708122765674
0
0
0
0
0.2987762787826305
0.5836603171942056
1.0853365381864373
5.469889631658736
0.32450908113805566
1.3910978019553462
0.11925356444390225
0.01752889641864243
0.03942973585754548
3.3057335469436633
0.003935433047298682
1.6880061624169427
9102983756995893e-22
0.06530659833395622
2.1376249482358847
0.4755242092516446
0.5141441049334264
0.003115886101429857
0.833334205693843
0.20285581342086742
0.002097812469691201
0.024866085887219593
0.9253436405257499
2.239798695018905
0.14207383207987298
0.11698039930644032
0.3547329120139152
0.03050711913666369
0.4476825303840087
0.44919075880932363
0.40554129626940616
0.6304904510788609
0.14322422359280618
2.775055361075338
0.32511087939403754
10.793683397587111
2.0047648816217625
2.799398559647591
0.19427235270449733
0.45430565417141466
2.4250088482396555
4.1954298223276005
0.954177376217347
5.275274390350104
6.679607951988515
4.137015148889007
2.2198119443886544
3.5983738966198513
0.35211407427943675
36.64680436143785
619.5781003353385
4.002298408708371
10534.880173731897
1.0999997327075048
23.219052818726382
1.1824280761630404
45.42844028091449
1.2725712434621161
1.3969362773997134
1.0999987255932087
0.7520354904610138
1.1237925975509004
9.540315822634081
0
0.001299340405941357
6651437861091228e-20
0
0.00038680703041987644
0.03035401732242566
0.048607078547193865
0.08042210770314981
0.040061708795669275
0.03826135764078562
0.06346627851059143
0.04707319812958433
0.06803364904169992
0.04624738499723665
0.042724695114631714
0.0663395967347704
0.05034991525602413
0.03891450254445053
0.0456862881042406
0.03883985932671136
0.04801625142615049
0.052116446145072486
0.07689639944990148
0.04891341465454407
0.0368515188827262
0.0019047135805812547
0.007502667417997822
0.023499229735973234
0.07823825986416373
0.043531651565359444
0.1312250936802096
9120763231624999e-20
0.010218008575400825
0.31232055026527694
4806127025311801e-21
0.08043435333730213
0.01105716248722085
0.0012712407406695512
54863816188322875e-22
12044248040406318e-22
0.11557534571592587
0.0987884119670109
0.004161725260440669
0.04239558696537209
0.020706045063593217
0.005818896944364866
0.012265050347835723
0.00048311822134270896
0.6801791132403748
1569913002942162e-24
0.08623194287736907
0.00034203194037647224
0.009728658518155088
0.011044961763498258
0.0001570864738082655
0.00017090437670263563
0.7903354785527769
0.00039366241193379244
0.0604799838132114
0.3489406074981038
13179245811870205e-22
25861726649559434e-22
0.0001447473702505684
12571631720485088e-21
0.0005948402180546945
17003363546959646e-21
14432278900674396e-23
10044050927636651e-22
19077352527470042e-21
0.08359136349500412
0.08455928483500909
4350177459652227e-20
0.00021272863146746672
0.020049977598185453
0.008232521190393019
0.1018305739782438
0.020653641336376878
27829643660816806e-21
0.16344930239335229
0.04036045574012942
5573481601666718e-22
0.439280130485765
4458965562344277e-22
0.003779491892729177
0.0009835618481976417
22994565953103658e-28
0.4580323679265997
0.7720276215206054
0.018468830135175068
0.422014779740879
0.9801217118570416
0.007463589108309514
0.2506917681906946
22332184598295874e-26
4630639187257099e-21
0.0006298308338379961
9121509716770724e-20
0.15495017189124646
8645608067788032e-22
0.00011182736882795963
0.20170622340374156
0.0009300655435137253
0.01200644466379869
12200897027179306e-21
0.16490166372765613
0.1089350309770653
0.021754631545428567
314700920324076e-19
0.00015347368209610643
12006681063178616e-23
0.013886424475434913
0.2036638534228112
8333314589058108e-24
1110342644101471e-20
9106421018035424e-21
9651188548191689e-20
10586519885191737e-21
0.5394426807454118
0.20164098203732597
0.005183555804248601
0.001550875744734265
0.043875117716059224
0.0059204093931736574
6760877206409922e-20
0.02932120021920767
8324402742044431e-20
0.0007215125796600138
0.08926419842693137
9970389156607915e-22
0.868245023680464
0.8800029159871688
0.001831655892877846
0.0005373874589961313
5829910129557208e-24
0.0010319119949198487
10390421408845604e-24
0.010393397404676622
0.030287892899801352
0.0009047678730812612
0.00033775339848563706
0.00015457460691820437
2618188131711432e-21
0.006163775937609086
0.03169662522602306
0.021982660405786714
11257176077206005e-24
0.9765615219877839
0.0729696059131738
0
0
8178619658711285e-20
666219869833762e-19
10336393057816258e-22
7596610303518002e-22
0.0001935226589758563
0.009856696634959803
0.005421884121402446
15204233910197064e-24
0.0001315169315209298
7328786567506466e-21
0.06030243111810459
0.013603222907722493
0.1136945624609006
38456373644093745e-23
0.06518514487624379
0.00775275418243873
0.00012015879324118336
0.14483377980417664
0.0002965187395205146
18549559457239284e-29
851558911600513e-19
37361713217191928e-22
0.00012473223795733782
0.01663949699827937
0.0039201553955127135
0.0001635793455120571
0.0001521395881185861
3799874525895096e-24
0.0005147600258709946
0.023529409791003215
13135133743947846e-24
0.0018093546873223165
0.0018042803843098696
44189430292431304e-21
0.12373961040418524
43374382204086754e-21
0.5659325343589516
0.0019145668724728836
0.2346914618426336
0.003314300243405787
0.0007013990873610618
0.0005696322629338765
4475333391593309e-20
0.6980207954220424
12102145170749452e-21
21568117125749926e-21
0.008375927367290741
0.006488848958838039
2171598525927675e-23
8723815358607747e-20
0.003065596619614494
0.15672421455497584
0.031290047458801686
0.00010012338058214303
0.023610098840182992
0.0003542536503820386
0
0.12967925257333082
0.012504787516707097
0.6199635790690428
0.5262897243070668
0.5736567933355591
0.05554067902916192
0.030712600305369583
0.929054409914692
0.6012373716577339
0.9544219596987905
0.5098267223694809
0.2876364118006912
0.0007658269182465267
0.016008817098989107
0.1687800099095377
0.41865982041011524
0.1629130128010215
0.00029932765499428527
0.02783773449856815
0.3784273870137172
0.1318629274360734
0.2076800348091756
