0.02260039398487741
36.370695616251794
89.69684583792231
0
90.2116913812781
0.0008162193087254181
93.34682264750771
0
130.5630210707922
0
75.50040744986367
0
24.41765613611602
0
31.014755025419383
0
33.23390362107294
6.331654562259934
25.80700527476712
0.15105341981552198
12914069764084038e-26
2.360167503033656
2.1503785692652553
0.5129997048451728
0
5.96288914587021
0.23339399499786848
0.4264051092028407
0.007021124751384127
3.8739342230108558
3.699737058489725
0.745117844588745
0.8409927823313872
1.0312317383335852
1.2435868740513463
0.5261779560882202
21835169680004244e-22
19.105209033127505
32.038999305778646
0.0004233524610463798
8.904143860303355
0
2.3602579931080885
0
14.554948902430702
27.52260299036048
4.4883325372715674
0
15.496388763969392
0
0.16339726289271647
0.010543748663586334
33.238099929507065
32.940263183981564
18.797366204266144
90.04638147663411
61.67786008252326
0.10285818712813517
0.005072231020941006
0.009045083105925448
19.863109272439633
46.37845789141862
1.2107285981342872
0.11019682487831355
0.009693103817198621
0.2074343600265285
15.790972367451781
0
15.870962568840245
0
12.236057863496109
0.0019646738516465256
0.001972916356011108
15.79728223282863
0.5609357582500707
1.2288793248581318
2.9899104281668
0
16595980681034703e-21
0.0006669237397937399
0.10341865857641844
0.00626407157473048
0.002149848526570315
0.009050304431886364
0.0014955807386949189
0.0013104471377792346
0.6440758534095677
0.6685974531878689
0.09888027525527499
0.20749457156994658
8408542518359741e-20
0.15766428625640908
0.023339931301858373
1.978700674842176
0.08013500885382768
0.16988202799464328
0.02756612499841616
0.04282193631961842
1.0081948386662647
0.0011560713702836658
0
1.257417369787112
1.2451069934870391
0.00977921182110547
0
2.602009820049706
21356751760348508e-21
0.0052805110414184415
0
0.0021338085388089402
0
0.1339427693543697
1.2241826254569927
0
0
0
0
0.22315460208238236
0.5847356933949144
1.0691400308009704
5.414968963447094
0.32767912637814106
1.3471725303879676
0.12041049668709078
0.01755406880030566
0.04213583952341924
3.076981311614813
0.00394921584865867
1.6923753421928687
9109997811478048e-22
0.06444792714037706
2.1334422580847683
0.45527186173536494
0.49353824661464984
0.0031160300075190445
0.8285394462118714
0.20324492689022827
0.002095229334144434
0.023485002157423305
0.9168896075417446
2.2262632003681486
0.14318278767272488
0.11133452240207667
0.3353229701773357
0.02832083864851961
0.419781460370522
0.42337424554194264
0.4064470669640626
0.6302191033460068
0.14208919391368371
2.76496079227502
0.31159620042004255
10.188741197816027
2.0056393268676653
2.797451606602514
0.19488492721044307
0.43173104419626607
2.426794319437507
4.190580144525268
0.9560403671671801
5.0003146048376115
6.336969104679883
3.70762135925348
2.222149572029504
3.3334128036042223
0.33853015197062614
34.72540650983237
619.577210276325
4.002297956999381
10516.086672885394
1.0999996991354024
23.219051555793072
1.1824030957503864
45.42769679621194
1.2740865252436704
1.396951242655294
1.099998692013257
0.7762250795770426
1.1237038683908631
3.1056290569688345
0
0.0012450743940561387
74407117433961e-18
0
0.00047192188444102897
0.02770986633060148
0.044287067351735404
0.07322008384420327
0.03662565582493057
0.035726525828640665
0.05785838248572467
0.042736967493246764
0.06190847029659332
0.04211626034893909
0.03896485400647793
0.06048323411270099
0.0458625276500529
0.035518794216321856
0.04174098336882459
0.0354690418523363
0.04374569190415319
0.047566962791310126
0.07048006182607353
0.04475025514625275
0.033580024886718844
0.0019047044310586834
0.007502525441576879
0.02349783650571168
0.07822280012101025
0.043526868681153234
0.13118155928137645
912076113371613e-19
0.010217745221619941
0.3120730969930256
48061269670593776e-22
0.08041801284776652
0.011056854096518336
0.0012712366650887822
5486381542922882e-21
12044248003823007e-22
0.11554158585586392
0.09876375472709725
0.004161681578257394
0.04239105056285772
0.020704963412714952
0.005818811545440479
0.01226467089094874
0.00048311763272368625
0.6789971435688867
15699130029359487e-25
0.08621315984115835
0.0003420316453509191
0.009728419787081732
0.011044654053061528
0.0001570864115778966
0.0001709043030427101
0.7887362502719707
0.0003936620211157322
0.06047074871095069
0.3486315079188163
13179245768067135e-22
2586172648088921e-21
0.00014474731741260654
12571631321912991e-21
0.0005948393257174517
17003362817849166e-21
14432278895421582e-23
10044050902195229e-22
19077351609645063e-21
0.08357371406768735
0.08454122397862948
4350176982411154e-20
0.00021272851734342594
0.02004896341778121
0.008232350245348977
0.10180437322371441
0.0206525651546074
27829641707651376e-21
0.16338172058174955
0.04035634456723673
5573481593832845e-22
0.43878941619976425
44589655573301896e-23
0.003779455866298578
0.000983559408506235
22994565953103525e-28
0.457498671872585
0.770502168999621
0.018467969630421723
0.42156203093339384
0.9776530817776042
0.007463448607133783
0.2505325242921284
223321845982833e-24
4630639133180995e-21
0.0006298298334315237
9121507618518435e-20
0.15488944543953775
864560804893789e-21
0.00011182733729094086
0.20160322814200338
0.0009300633619986378
0.012006081041505306
12200896651768188e-21
0.16483287366429236
0.10890504274626518
0.02175343754402164
3147008953482539e-20
0.00015347362269526598
1200668105954307e-22
0.013885938048181725
0.20355884534889
833331458888297e-23
11103426130102598e-21
9106420808904128e-21
9651186199176101e-20
10586519602554083e-21
0.5387012489256271
0.2015380535193223
0.005183488036753565
0.0015508696789048625
0.04387025902842334
0.0059203209884690945
676087605367312e-19
0.029319030883515916
8324400994491425e-20
0.0007215112668036275
0.08924407004146795
9970389131538288e-22
0.866312028089513
0.8780167566580325
0.001831647431789022
0.0005373867307084644
58299101294714925e-25
0.0010319093094686514
10390421408573348e-24
0.010393124931639363
0.03028557812201437
0.0009047658086270922
0.0003377531107950019
0.0001545745466620967
26181881144242107e-22
0.006163680115092029
0.03169409004625052
0.02198144123726416
11257176076886408e-24
0.9741109643517248
0.07295615955355551
0
0
8178617971831231e-20
6662197579004856e-20
10336393030872288e-22
7596610288964655e-22
0.0001935225645287326
0.009856451578103092
0.005421809978721297
1520423390961407e-23
0.00013151688790070297
7328786432053751e-21
0.06029325019047055
0.013602756121165958
0.11366189358560588
3845637360679791e-22
0.06517441600097963
0.007752602582541888
0.00012015875682993176
0.14478073408590608
0.0002965185177875704
18549559457239284e-29
8515587287258234e-20
3736171286516403e-21
0.00012473219872158786
0.016638798540873467
0.003920116637445208
0.0001635792780310153
0.00015213952974596094
3799874525858681e-24
0.0005147593576234917
0.023528012978999032
13135133743512744e-24
0.0018093464310175358
0.0018042721742502557
44189425367947944e-21
0.1237009065007071
43374377459586585e-21
0.5651160810566318
0.001914557628040783
0.23455193904221092
0.0033142725399278464
0.0007013978466814808
0.0005696314446248857
4475332886496457e-20
0.6967755743855137
12102144801390764e-21
21568115952614495e-21
0.00837575041435279
0.006488742761929049
21715985258087484e-24
8723813439332985e-20
0.0030655729179644552
0.1566620875275473
0.031287576919152786
0.00010012335530107967
0.023608692429482273
0.0003542533338956233
0
0.1296367390531816
0.012504393079057607
0.6189827648476526
0.5255841860912148
0.5728177760308588
0.05553289148923787
0.03071022013614686
0.9268385402046881
0.6003152474219584
0.9520822699231535
0.5091648434616383
0.2874266262315099
0.0007658254391687117
0.01600817059253122
0.16870794073292777
0.41821427018382906
0.16284587442601509
0.000299327429040489
0.027835779173743053
0.37806363528665665
0.13181896827099093
0.20757083613364516
