0.023074948964452214
36.2763094554367
88.71702245571892
0
89.2318353038399
0.0008022738251580202
92.27137656196903
0
129.58140989908483
0
75.56247584701177
0
24.766734192278946
0
30.983357166644474
0
33.270463106010205
6.371537066036187
25.734131185787906
0.15104139689656376
10811522228994043e-26
2.353380901740691
2.1264596445375834
0.5033947093826475
0
5.951422245418556
0.22703926839038058
0.42566704736788646
0.00702112865844235
3.873417891199712
3.693407874364505
0.7221810235350172
0.7888366925226921
1.0310763025552692
1.2053075182458513
0.4975558844800712
2161640712800356e-21
18.667075534871735
31.422541079328134
0.0004268191916498171
8.47208199716661
0
2.3338416993991964
0
14.492298057077655
27.391635441592914
4.48817009379188
0
15.4377036531388
0
0.16348731503461847
0.010646437194505769
33.23777405555482
32.940262790834474
18.803538496265872
89.89998747338336
61.67769584113239
0.10297543118863839
0.004755763850963438
0.009045048079893786
19.854807685207003
46.24010272696252
1.2111259491152124
0.11007572626005721
0.009867912352542597
0.20813981899900671
15.758324727860975
0
15.843264176731699
0
12.203037535322617
0.0019615206819945013
0.0019701218385046147
15.79610357619143
0.5613330247745206
1.2300209078367388
2.9896245969799358
0
16689014209073943e-21
0.0006734563429890134
0.10212789033679957
0.006332784209328412
0.0021460639019951168
0.00902170777073613
0.001505456089950205
0.0013009773976523375
0.6440649453663044
0.6683913737281741
0.09796036770452046
0.20854614908541277
8444752568211711e-20
0.15658664025729907
0.02300194364698663
1.9718130496072042
0.07993927132176991
0.16982354590869783
0.02733815992758609
0.04220179231579831
1.0066145854921353
0.0011655996025871245
0
1.2572681875903948
1.2392494387469868
0.009761282151774738
0
2.599104588394435
2135767303071806e-20
0.005291536702650229
0
0.0022140637885565604
0
0.13393729909527713
1.2238889908158053
0
0
0
0
0.21167565838433883
0.5849043329243723
1.0661063738308867
5.40455380627828
0.3282663755026207
1.3386256444322535
0.12061180527303954
0.017560714670709025
0.04263420479106668
3.036085321683342
0.003951553788169805
1.6931202463826616
9111313373199607e-22
0.06428886844496305
2.1322282841473235
0.45133903559690364
0.48963884303747435
0.0031160563256792356
0.8276370110055461
0.20331770624300866
0.002092133331197032
0.023221403755282064
0.9153207235999126
2.223711451621236
0.14339086363627318
0.11025394068653517
0.33162562717247174
0.027913243931090608
0.41451983342774423
0.4179690158990009
0.4066163245109548
0.6301681712643139
0.14186446620114887
2.763321349642541
0.30898574987773586
10.073636097044536
2.0057430871350155
2.7969628605521932
0.19498094023577767
0.4274012027841577
2.4270054821816127
4.189364054364351
0.9563330433875394
4.948945569600879
6.27157054141396
3.6325118097346656
2.222609491638785
3.2857296594865923
0.3358819745792967
34.36189793600845
619.5770427891886
4.002297871998831
10512.553946710752
1.0999996928179558
23.21905131814
1.1823983951083215
45.42755689198379
1.2743535485622932
1.3969536846875805
1.0999986856943327
0.7803880656205774
1.1236871725106827
2.951187129242381
0
0.001234448627103398
758440549631447e-19
0
0.00048770254780158986
0.027228819800830414
0.04350221117688352
0.07191315169952238
0.03599928210437015
0.035256203196594796
0.056838572578621356
0.04195095978776697
0.060797025170904205
0.04136628114559861
0.03828140680985574
0.059419100148444426
0.045047703246553696
0.03490103110108674
0.041022841931932355
0.0348555207446029
0.0429699753638457
0.046739436397129665
0.06930479972188085
0.04399133572296451
0.03298585094620855
0.0019047027093478238
0.007502498725396517
0.02349757434317731
0.07821989131799488
0.043525968718386016
0.13117336878984934
9120760738941182e-20
0.010217695665655443
0.3120265542781446
4806126956097699e-21
0.0804149383394859
0.011056796065912389
0.0012712358981658884
5486381528638594e-21
12044247996938927e-22
0.1155352341806116
0.0987591155272776
0.004161673358392982
0.04239019697741743
0.02070475987886193
0.005818795475597273
0.012264599487780501
0.0004831175219601011
0.6787749555868189
1569913002934779e-24
0.08620962579176922
0.0003420315898343734
0.00972837486440307
0.01104459615046174
0.00015708639986767
0.00017090428918172201
0.7884356766879776
0.0003936619475734007
0.06046901104883227
0.34857337357511503
1317924575982447e-21
25861726449149597e-22
0.00014474730746980003
12571631246911493e-21
0.0005948391578016151
17003362680648463e-21
14432278894433126e-23
1004405089740778e-21
19077351436932914e-21
0.08357039329490382
0.08453782579964245
43501768926060935e-21
0.00021272849586808696
0.020048772579635048
0.008232318078080617
0.10179944363792746
0.020652362649858678
27829641340113555e-21
0.16336900646632355
0.040355570992133896
5573481592358701e-22
0.4386971371050353
4458965556386662e-22
0.003779449087046211
0.0009835589494168178
229945659531035e-26
0.45739831290435695
0.7702154533842375
0.018467807709011564
0.4214768890265108
0.9771892417068625
0.007463422168553725
0.2505025698058695
22332184598280933e-26
4630639123005197e-21
0.0006298296451797362
9121507223678865e-20
0.15487802087139765
8645608045390755e-22
0.00011182733135644833
0.20158385283966654
0.0009300629514915679
0.01200601261793798
12200896581125023e-21
0.16481993226971908
0.10889940061958808
0.0217532128695637
3147008906484169e-20
0.0001534736115174871
1200668105885895e-22
0.013885846516406258
0.2035390914579925
8333314588850016e-24
11103426071596563e-21
9106420769550748e-21
9651185757149035e-20
10586519549368607e-21
0.5385618436045998
0.20151869077080084
0.0051834752846719135
0.0015508685374671742
0.043869344802711985
0.005920304353019232
6760875836756346e-20
0.029318622685680598
8324400665644847e-20
0.0007215110197565179
0.08924028288037013
9970389126820801e-22
0.8659487671099724
0.8776435116239173
0.0018316458396239676
0.0005373865936626958
5829910129455363e-24
0.001031908804133373
10390421408522112e-24
0.010393073659694203
0.030285142557378002
0.0009047654201479711
0.0003377530566587068
0.00015457453532337755
26181881111711794e-22
0.006163662083810722
0.031693613010256624
0.0219812118272051
11257176076826271e-24
0.9736505174216482
0.07295362955543687
0
0
8178617654401811e-20
6662197368373901e-20
10336393025802093e-22
759661028622607e-21
0.00019352254675610522
0.00985640546509333
0.00542179602700026
1520423390950437e-23
0.0001315168796924476
7328786406564872e-21
0.060291522721302844
0.013602668285173744
0.11365574715390318
3845637359977975e-22
0.06517239728718126
0.007752574055490411
0.00012015874997822835
0.1447707543547131
0.0002965184760628865
18549559457239284e-29
8515586943132959e-20
37361712798921006e-22
0.0001247321913383833
0.016638667111595656
0.003920109344170212
0.0001635792653327412
0.00015213951876166687
3799874525851828e-24
0.0005147592318757963
0.02352775014250418
13135133743430868e-24
0.0018093448773876582
0.0018042706293225491
4418942444128099e-20
0.12369362472869143
43374376566788055e-21
0.5649625762960934
0.0019145558884703542
0.23452569354691014
0.0033142673268385615
0.0007013976132162543
0.0005696312906393324
4475332791449621e-20
0.6965415027782655
12102144731886517e-21
21568115731859183e-21
0.008375717116567235
0.006488722778469358
21715985257863692e-24
8723813078172588e-20
0.0030655684579156428
0.15665039949803575
0.03128711204598346
0.00010012335054380423
0.023608427786843838
0.00035425327434067286
0
0.1296287406094994
0.012504318856955726
0.6187983732067723
0.5254515268770694
0.5726600307877312
0.05553142618727201
0.03070977226728993
0.9264221590748604
0.6001418844251593
0.9516426393041655
0.5090403901775158
0.28738716684028365
0.0007658251608428578
0.016008048938789016
0.1686943825219131
0.41813048158132177
0.16283324372376662
0.0002993273865215447
0.027835411244915814
0.37799522522992385
0.1318106978725729
0.20755029404051412
