0.025356652879093368
35.857679468864504
84.12596029485599
0
84.6388286061823
0.0007401009744919259
87.31215570083563
0
124.12058411939971
0
75.86609784541376
0
26.023013700259764
0
30.85332717061312
0
33.44116843944305
6.574230425358042
25.37045653014349
0.1510672175809001
4722672211790122e-26
2.324113739442611
2.025019805244265
0.45961829696638495
0
5.895755551802831
0.1986653165430442
0.4222975736575905
0.007021101953307183
3.870528001687899
3.664510075231528
0.6341872793783205
0.5899763547580928
1.0301031475349645
1.058526242470877
0.3880183681398955
2058159771207516e-21
16.69105575604929
28.533261753246947
0.0004420232700616904
6.636468801345681
0
2.210491346706999
0
14.184118246396249
26.56535202288686
4.487378372877156
0
15.15934417101736
0
0.16395885678804872
0.011113833062271533
33.236207252134314
32.94026088167201
18.831707674841446
89.58136077129183
61.67691716764049
0.10352260071779998
0.003766483191848574
0.009044883985830735
19.816326718415173
45.512202786754145
1.2122452378745219
0.10941110001931609
0.010700922339417999
0.2107849567211572
15.593329552620926
0
15.688174771471163
0
12.06001412045839
0.001945314903269552
0.0019540832659498426
15.790421110035345
0.5632904683946612
1.2352758879104342
2.988248797763853
0
17117648171455337e-21
0.000703207806396682
0.09662830303876922
0.006660199754066201
0.0021267524638229115
0.008863209269213423
0.0015468709171240797
0.0012565627310579329
0.6450773527051223
0.6674082093686545
0.09403884358767528
0.21317007945901084
8596800863249023e-20
0.15168342884222938
0.021490077493423236
1.9387494657525695
0.07907824533912042
0.1696787335315176
0.02636003312099142
0.039540404429954004
0.9991595200878276
0.0012082962742634596
0
1.2565641578985987
1.2092567280154816
0.009670131014152901
0
2.585232419701405
21367461739312435e-21
0.005344375024368793
0
0.002536000757107385
0
0.13391156903235182
1.2224967877094297
0
0
0
0
0.167764960744181
0.585586015790529
1.0515929856776303
5.35412220598364
0.3310496870992006
1.3010105974191484
0.12151691617807772
0.017597494871511986
0.044981951683470474
2.84911606555677
0.00396176393110227
1.6963839040410524
9117618378736132e-22
0.06353499275069661
2.12481556891015
0.43437765974977477
0.47191696338708145
0.0031161717428253113
0.8232987818712476
0.20366568476002384
0.0020856105782788782
0.02208557713336578
0.9078673905546408
2.2115829664978026
0.14438859953470146
0.10560492593362011
0.3159289511399633
0.026151523289956704
0.39233590252328765
0.39509693535572943
0.40742501558815347
0.6299238516433638
0.14074149361372695
2.7560245140551762
0.29774525041988603
9.586475243398167
2.0060084079044587
2.7941437511117426
0.19536854415784088
0.40895230649711284
2.427540812950578
4.182356867726916
0.9575184581966463
4.733325820333811
6.000793853489629
3.3153482583109146
2.22456652075562
3.089669353494083
0.32456981903374693
32.819624226054174
619.5762374962904
4.002297463308412
10495.58483857423
1.0999996624430943
23.21905017548225
1.1823757942505972
45.42688422562516
1.275565649010449
1.396964111528051
1.0999986553123697
0.7989240838196395
1.1236069006495522
2.4871187293010997
0
0.0011886657458310848
825571865774839e-19
0
0.000562436425771305
0.02522094409147785
0.040222427010312596
0.06643761247313101
0.03337685871468051
0.03324472842852724
0.05257077984757518
0.03865928227286066
0.05614257102560556
0.03823245984512645
0.03542489964354587
0.0549752430739226
0.0416431966101941
0.03231745978542439
0.0380232501480342
0.032288711487832814
0.03971770079591069
0.04327840161497842
0.06439534005535409
0.0408192148266475
0.030503933950796022
0.001904694431225657
0.00750237027287666
0.023496313882480534
0.07820590703627303
0.04352164187457854
0.13113399529439734
9120758840827227e-20
0.0102174573993839
0.3118028695353888
4806126903392941e-21
0.08040015746254496
0.01105651705368333
0.0012712322107366573
5486381459958427e-21
12044247963839643e-22
0.11550469961790537
0.09873681287113935
0.004161633836756848
0.0423860931002312
0.020703781297344806
0.005818718210935302
0.012264256180595822
0.0004831169893989685
0.6777076701413843
1569913002929156e-24
0.08619263578048701
0.00034203132290585014
0.009728158874935765
0.01104431775368398
0.00015708634356383756
0.00017090422253683435
0.7869920898838517
0.0003936615939753103
0.06046065690699892
0.3482939936394159
1317924572019298e-21
25861726296542623e-22
0.0001447472596638829
12571630886297416e-21
0.000594838350447517
1700336202097489e-20
14432278889680552e-23
10044050874389274e-22
19077350606517062e-21
0.08355442855676379
0.08452148895017775
4350176460815142e-20
0.00021272839261271572
0.02004785503766937
0.008232163416655811
0.10177574506959686
0.020651389016157897
27829639572958038e-21
0.16330788964541657
0.040351851779053254
5573481585270885e-22
0.438253721645788
44589655518500935e-23
0.003779416491948159
0.0009835567420757383
22994565953103375e-28
0.45691608508113507
0.7688383873976439
0.018467029195826778
0.42106775896423904
0.9749621269631579
0.007463295050740962
0.25035859588556025
22332184598269562e-26
4630639074079029e-21
0.0006298287400486431
9121505325254193e-20
0.1548231022638332
8645608028335805e-22
0.00011182730282286765
0.20149072060399376
0.0009300609777384136
0.012005683636588549
12200896241466202e-21
0.16475772304207
0.1088722768376501
0.021752132646541075
31470086805117e-18
0.0001534735577737112
1200668105556963e-22
0.013885406431649955
0.20344413969998926
8333314588691561e-24
11103425790294182e-21
9106420580336083e-21
9651183631842606e-20
10586519293647955e-21
0.5378920735730987
0.2014256188697446
0.005183413971930504
0.001550863049341695
0.04386494938756124
0.00592022436890153
676087479380067e-19
0.029316660112360796
8324399084520481e-20
0.0007215098319325132
0.08922207610596825
997038910413869e-21
0.8642043006969571
0.8758511294817444
0.00183163818436752
0.0005373859347345446
5829910129377809e-24
0.0010319063744384108
1039042140827578e-23
0.01039282714300589
0.030283048410079193
0.0009047635523070164
0.0003377527963665506
0.00015457448080578626
2618188095530307e-21
0.00616357538849112
0.031691319477649076
0.02198010883600731
11257176076537126e-24
0.971439683455411
0.07294146631718071
0
0
8178616128172191e-20
6662196355641018e-20
10336393001424135e-22
75966102730587e-20
0.0001935224613037037
0.009856183752520705
0.005421728946345779
1520423390897692e-23
0.00013151684022640932
7328786284012001e-21
0.06028321758198579
0.0136022459695776
0.11362619918655913
3845637356603579e-22
0.06516269199891851
0.007752436896273287
0.00012015871703461475
0.1447227804951022
0.0002965182754468569
18549559457239284e-29
8515585288547232e-20
37361712480418487e-22
0.0001247321558392639
0.016638035202055854
0.0039200742776238345
0.0001635792042782871
0.00015213946594818344
37998745258188826e-25
0.0005147586272697592
0.02352648644150109
13135133743037198e-24
0.0018093374074111825
0.0018042632011867543
441894199857815e-19
0.12365861928497665
4337437227413102e-20
0.5642250933256503
0.0019145475244780775
0.23439954379580047
0.0033142422619411153
0.0007013964906950941
0.0005696305502632353
44753323344557404e-21
0.6954171624759817
12102144397703723e-21
215681146704474e-19
0.00837555701960527
0.0064886266970196355
21715985256787685e-24
8723811341680449e-20
0.0030655470136820417
0.15659421455354336
0.0312848769895432
0.00010012332767039024
0.023607155402159952
0.0003542529879951427
0
0.1295902902479649
0.012503961996426371
0.6179125679500267
0.5248141565743891
0.5719021835208121
0.05552438142071934
0.030707618963901576
0.9244227707682844
0.5993090380147432
0.9495316877685919
0.5084424319758198
0.2871975180907267
0.0007658238226280093
0.016007464029335106
0.16862920861098288
0.41772785262195994
0.16277252782528298
0.0002993271820866408
0.027833642277235494
0.3776664761989333
0.13177094028224146
0.20745155415271244
