3221272211267205e-23
37.071250560438486
143.08902680962953
0
4545.642891669779
0.0026078883786788158
166.22547741151692
0
83.24396060415675
0
414.10235214897517
0
15.13656399362496
0
34.208649104281406
0
27.349901001635878
15.122132638738309
106.71532857038218
1018.906702837105
1981793677917244e-20
2.7649976712284183
0.12376892714050934
1.1189373146528823
0
6.461365217946054
0.6551485408916669
8.468266540866292
0.00641815248699903
2.872045644577303
60.25839001788829
21.733752388499727
654.6944358396971
0.364875303553403
47.47641010756524
3.0738898150378438
0.00011019315413033032
45.49130848414916
61.59081133623217
88.5069969597092
46.23680605862063
0
2.690700741468397
0
270.69608164343225
21.707307146135108
0.031876206427933436
0
10.092798283655535
0
0.0037549848144800085
11.657701043036978
26.890426997971215
25.752702657735853
18.417657132696913
1.264419942530907
1783.5395198650142
2.0714677017178933
0.03542932270061928
0.5056759582238373
10.671827619405581
51.68694446396059
0.9938062364495404
2.4330782315109194
5098910475042432e-22
8037786193967377e-22
152.67368995022096
0
266.9999781408064
0
9.22022011389177
0.028848795989613964
311.1490172384174
0.2468855977449679
26151647146231774e-40
0.053886390184552366
0.04897915891430323
0
7910291095660464e-20
9.085578757286685
0.1210987393703429
0.002015140758219758
0.047602142740083266
0.008373684714488214
0.0006575323777171623
0.0017400965036831323
0.266107316364423
0.6789521277980775
1.2187723397713208
8638279276822753e-20
0.0003543802020961913
0.006179789416338906
0.022807695924760212
2.3018361793274096
0.036987926665637605
3.4355932963970943
0.019651950678926236
0.041698596383422076
10.876662632841674
18818722416621834e-22
0
1.2634600136637237
1.5564080877681632
0.22577171283461844
0
2.7428389072574166
0.04683503051536405
0.05681023023490535
0
0.00040812886003424885
0
0.13422459634666933
1.2392862765463648
0
0
0
0
2.906052433886575
0.5656535173799242
1.216735479990131
5.881748135472309
0.2960256221221
1.4661162084817638
0.09898407744677154
0.4003768014374297
0.0014021810052667527
5.536125667380473
0.0036932338023139806
1.6211233499502695
9046254260135583e-22
0.03440351866048835
1.831406518838417
0.3540982576795811
0.6163237905432593
0.2401802990118943
0.872728648658103
0.19961336637058258
0.0007323395819101744
0.02679377901909828
1.0002592313557075
2.3412164557898767
0.13308775041151505
0.1242605606141606
0.36725097055110045
0.0365739649690175
0.4680600203197528
1234.3416276534858
0.30836070002631616
0.6327062981971598
0.15892648658181474
43.76930133929187
0.3228448723907881
11.102721179883108
1.9907705751543392
2.8136406566187615
0.1841983865501794
0.46572070736236043
2.3964927542754797
4.2310479949602
0.923174194428278
5.700455199280325
6.01976338651174
6.732943834211302
0.00584374473577532
4.3168385163934
0.34979625635515854
45.85637087153441
619.5851867909862
4.00230200509547
10685.712149267873
1.0999999999995713
23.219062873863418
1.1826269823062656
45.43436013989691
0.7375301985125345
1.005450558119498
90.13680729887605
0.2024735498897677
1.1244992853550015
32.28513910835386
0
0.001276395700403917
10690559089192844e-26
0
21695569544887936e-110
0.03624763586365235
0.05892665532542159
0.0997931884665864
0.04787960451010649
0.045213828564931904
0.07704653909940729
0.058872338983144146
0.08418924225428943
0.05631438582187217
0.05169090764607462
0.08007686199710987
0.06122365272718306
0.046970832330105884
0.0545262937265035
0.04684369293026476
0.05926489182598906
0.06298565125524401
0.0884084477840349
0.057563203683985834
0.04467868132849921
0.0019047864281825375
0.007503797891859255
0.023510325207351284
0.07836145522691895
0.043569750354985275
0.131572218650597
9120779934627359e-20
0.01022010556941063
0.31429771945858764
48061274891019875e-22
0.08056457042078637
0.011059618117775467
0.0012712731898115778
5486382223202537e-21
12044248331672761e-22
0.11584448477412598
0.0989849460087065
0.004162073062570952
0.04243172190294041
0.020714658892570296
0.005819576912304468
0.012268071900182408
0.00048312290779434263
0.6896633376047733
1569913002991652e-24
0.08638163441569323
0.00034203428929950776
0.009730559439644173
0.011047411976945138
0.00015708696927057336
0.00017090496316424732
0.8031843291934783
0.0003936655235357203
0.06055356154291883
0.3514113720642204
13179246160618485e-22
25861727992466835e-22
0.0001447477909328715
12571634893809374e-21
0.0005948473226511302
17003369351941735e-21
14432278942495946e-23
10044051130194365e-22
1907735983494682e-20
0.08373201651690104
0.08470321822551453
43501812593189205e-21
0.00021272954009451283
0.02005805405973815
0.008233882335413504
0.10203941803344205
0.0206622116065098
27829659211398505e-21
0.1639883688240855
0.040393202735762836
5573481664037927e-22
0.44320669440063465
44589656022650736e-23
0.003779778737713534
0.0009835812725791195
2299456595310469e-27
0.4623037832998854
0.7842811038669671
0.018475682672702654
0.4256368339760767
0.9999999677872784
0.007464707835175882
0.25196324156066446
22332184598396069e-26
4630639617796535e-21
0.0006298387988614514
9121526422507278e-20
0.1554345096922669
864560821786776e-21
0.00011182761991752267
0.20252812333381845
0.0009300829123315723
0.012009340119433217
12200900016101932e-21
0.16545037685009564
0.10917408397185047
0.021764140201229566
3147011191749118e-20
0.00015347415503041184
1200668109212383e-22
0.013890297886098867
0.20450183425061985
8333314590452417e-24
11103428916413463e-21
9106422683082678e-21
9651207250441218e-20
10586522135476895e-21
0.5453822828553835
0.2024623487430092
0.005184095382391993
0.001550924040079879
0.04391382047989951
0.005921113294706575
6760886384196734e-20
0.02933847761271078
8324416655603629e-20
0.0007215230323540241
0.0894246172530524
9970389356205383e-22
0.8837896840827824
0.895977311299901
0.001831723259181525
0.0005373932574615033
5829910130239614e-24
0.0010319333760079868
10390421411013279e-24
0.010395567016436028
0.030306328849706778
0.0009047843098771238
0.0003377556890096955
0.0001545750866619352
26181882693476375e-22
0.006164538903816808
0.03171681688008926
0.021992369509709786
11257176079750378e-24
0.9962934235121261
0.07307675065618127
0
0
817863308920813e-19
6662207610170186e-20
10336393272336877e-22
7596610419387918e-22
0.0001935234109400496
0.009858647928994137
0.005422474461623584
15204233914838666e-24
0.0001315172788139382
7328787645944579e-21
0.060375577081623735
0.013606939908002465
0.11395499844965334
38456373941033035e-23
0.06527062832289304
0.007753961285731781
0.00012015908313815071
0.1452568094699891
0.00029652050490438283
18549559457239284e-29
8515603676009143e-20
37361716019943444e-22
0.0001247325503422467
0.016645058974030794
0.003920463990473614
0.00016357988277892208
0.00015214005286649817
379987452618501e-23
0.0005147653463084957
0.023540533790625828
1313513374741202e-23
0.0018094204231403265
0.0018043457519250413
4418946949986054e-20
0.12404819279053673
4337441997853726e-20
0.5724751387500188
0.0019146404757427223
0.23580526975400892
0.003314520819293689
0.000701408965395866
0.0005696387781314998
4475337413040395e-20
0.7080146305490161
1210214811148416e-20
21568126465940287e-21
0.008377336352278622
0.006489694532019882
2171598526874544e-23
8723830639371325e-20
0.0030657853323031387
0.1572197329709413
0.03130972419060128
0.00010012358186338521
0.023621299292596667
0.0003542561701716816
0
0.1300182315319192
0.0125079283668979
0.6278282072156464
0.531940923375012
0.5803808148201991
0.055602720296357884
0.030731557153701194
0.9468866162375679
0.6086297891626962
0.973256234901684
0.5151272116864604
0.28931213976287234
0.0007658386943674521
0.016013965340766784
0.1693549046937766
0.4222241473539252
0.1634485388906409
0.00029932945398361137
0.027853307168831613
0.3813359939142063
0.1322134418545031
0.20855149719520627
