6821899709976668e-22
37.05738550428885
143.08742687956462
0
4523.944157350165
0.0026305383128194175
166.7756635224434
0
83.25779667800539
0
440.61265474015534
0
15.3440728245569
0
34.20852371699144
0
27.350376344285028
15.130721921175969
107.38771531090612
1016.9598897568125
22298227209671886e-21
29.117426567132107
1.1914131069677352
1.1189211861786832
0
6.461352228153341
0.655139331963074
8.466495012713855
0.006418355608431437
2.872300701970662
60.2481715925199
21.758071496307874
650.8506094675326
0.3649802712200764
47.5478057965037
3.0672562293029633
0.00010995055252009001
45.4905704505467
61.59004448480917
88.46188534132818
46.238068409690804
0
2.6906181479974807
0
270.64241243487453
22.269895373279994
0.597768152196627
0
10.104701921969976
0
0.0780306548926672
11.65514963078467
26.909192997856657
25.773198543738044
18.417574875783824
1.4381306569033847
1780.167203248822
2.071766585917953
0.035449941080404855
0.5048602873532257
10.6575998020797
51.686778637979685
0.9938077047560234
2.433121176599173
10785336172682891e-21
1699890245134454e-20
162.8638934616517
0
267.0268755453712
0
9.213165863894424
0.028822664487547105
311.08816629206547
2.8499082729937646
8648398308517974e-32
0.5242176076427136
0.7150885718539369
0
7914865854375251e-20
9.077465610224703
0.12089084807404468
0.0020147406040654354
0.04760623636035892
0.008372943018883895
0.0006574547851657809
0.0017400912007579144
0.2657371740781396
0.6789518120705639
1.217256604713329
0.001605229961189789
0.0042272666206884775
0.05953046128833513
0.02278417595056439
2.3018096208500207
0.036934380066616763
3.4359631264417008
0.019618715254351472
0.04162725846441191
10.877196773172319
33070690565727506e-21
0
1.2634611892900478
1.5563926923111724
0.22579180968257745
0
2.7428368653519093
0.04676270650558453
0.056804403254939774
0
0.00044687336105566353
0
0.13422458882563695
1.2392858014441404
0
0
0
0
2.8999467035613886
0.5656543594341954
1.2167256625759364
5.881735548575864
0.29602664666792977
1.4649340585446162
0.0989849008348819
0.400430737982478
0.0014196371600688547
5.5360753674467045
0.0036932454208557903
1.6211265814289881
9046256249144354e-22
0.03435231642408664
1.831421870342164
0.3536743549970186
0.6160001581026479
0.23999156843167785
0.8727274651059524
0.1996134756389469
0.0007307193922109195
0.026752729209548454
1.0002561052740244
2.3411749456108293
0.13308805331889345
0.12409173543596119
0.36663334779888496
0.03651510893587078
0.46716431058235086
1233.3517382091595
0.3085414635209646
0.6327061980059375
0.1589207613550531
43.772053578570734
0.32245641806021225
11.083219037784481
1.9907711208362728
2.8136397303863765
0.18419884804117853
0.4650025703588014
2.396493861417408
4.231045673362713
0.9231756400667611
5.691870624911284
6.0083437886602775
6.7229242176138415
0.11896952884668396
4.308273951895198
0.34934802085742994
45.78726167203899
619.5851865615834
4.002302004979048
10685.707231774668
1.0999999999909187
23.219062873537915
1.1826269758667691
45.43435994824779
0.7427750161741414
1.0379686045865937
90.0861111296666
0.20252066969113022
1.1244992624704648
32.354127022264336
0
0.0012746715393438834
22624790671766825e-25
0
14293716734011924e-82
0.03616350415979204
0.05878989212632794
0.09956814106189953
0.04777198025305307
0.04514261122396151
0.07687006296322811
0.05873574120381205
0.08399728464591087
0.05618369368929518
0.05157200430110439
0.0798910215745373
0.061081550440830246
0.04686376301644815
0.05440132444642012
0.04673757274069678
0.05913212598577158
0.0628423094523728
0.08820341374417667
0.05743309321285345
0.04457498571229701
0.0019047864258242822
0.007503797855260997
0.02351032484808586
0.07836145123572226
0.04356974912111844
0.13157220739867964
9120779934086651e-20
0.010220105501520147
0.3142976552518542
4806127489086975e-21
0.08056456620201165
0.0110596180382734
0.001271273188761126
5486382223182972e-21
12044248331663332e-22
0.11584447605146757
0.09898493964021689
0.004162073051311494
0.042431720732688215
0.02071465861366695
0.005819576890291379
0.012268071802357198
0.0004831229076426329
0.6896630284525694
15699130029916504e-25
0.08638162956570172
0.0003420342892234685
0.009730559378101866
0.011047411897618459
0.00015708696925453432
0.00017090496314526245
0.8031839098899602
0.00039366552343499155
0.060553559159625306
0.3514112917985691
13179246160607196e-22
25861727992423366e-22
0.00014474779091925322
12571634893706651e-21
0.00059484732242114
17003369351753822e-21
14432278942494588e-23
10044051130187807e-22
19077359834710264e-21
0.08373201195987778
0.08470321356216501
43501812591959184e-21
0.0002127295400650988
0.020058053798235716
0.008233882291347113
0.10203941126585128
0.020662211329016973
27829659210895107e-21
0.16398835134477782
0.04039320167525293
5573481664035908e-22
0.44320656672420716
4458965602263781e-22
0.003779778728427487
0.0009835812719503107
2299456595310469e-27
0.4623036443836544
0.7842807040681007
0.018475682450832375
0.4256367162218488
0.9999993178102614
0.00746470779895794
0.251963200296553
22332184598396069e-26
4630639617782598e-21
0.0006298387986036075
9121526421966484e-20
0.15543449398889086
8645608217862902e-22
0.00011182761990939442
0.20252809667328675
0.0009300829117693068
0.012009340025690735
12200900016005177e-21
0.16545035905773162
0.10917407622478449
0.021764139893349778
3147011191684747e-20
0.0001534741550151021
12006681092122894e-23
0.01389029776069201
0.20450180706792281
833331459045237e-23
11103428916333332e-21
9106422683028776e-21
9651207249835792e-20
10586522135404049e-21
0.545382089524989
0.20246232209979162
0.005184095364923955
0.0015509240385164465
0.04391381922646804
0.005921113271918643
6760886383899633e-20
0.029338477053245292
8324416655153221e-20
0.0007215230320156491
0.08942461205533905
9970389356198922e-22
0.8837891763959503
0.8959767895143295
0.0018317232570007143
0.0005373932572737953
58299101302395934e-25
0.0010319333753158345
1039042141101321e-23
0.010395566946194406
0.030306328252719856
0.0009047843093450298
0.0003377556889355468
0.00015457508664640498
26181882693431816e-22
0.006164538879116672
0.03171681622624045
0.02199236919533899
11257176079750297e-24
0.9962927783445165
0.07307674718516538
0
0
8178633088773361e-20
6662207609881692e-20
10336393272329933e-22
7596610419384167e-22
0.00019352341091570706
0.009858647865820937
0.005422474442512154
15204233914838514e-24
0.00013151727880269571
7328787645909668e-21
0.06037557471232001
0.01360693978765995
0.11395499000921698
3845637394102343e-22
0.06527062555382432
0.007753961246652604
0.00012015908312876623
0.14525679575576828
0.00029652050484723394
18549559457239284e-29
8515603675537807e-20
37361716019852714e-22
0.00012473255033213418
0.016645058793949407
0.003920463980483437
0.00016357988276152971
0.0001521400528514534
3799874526185001e-24
0.0005147653461362625
0.023540533430436564
1313513374741191e-23
0.001809420421012299
0.0018043457498089336
44189469498591324e-21
0.12404818278871703
43374419977314436e-21
0.5724749257344507
0.0019146404733600044
0.2358052336125951
0.0033145208121530077
0.000701408965076094
0.0005696387779205898
44753374129102126e-21
0.7080143047254224
12102148111388965e-21
21568126465637927e-21
0.008377336306663371
0.006489694504645352
21715985268745137e-24
8723830638876659e-20
0.003065785326193977
0.1572197169047755
0.03130972355342935
0.00010012358185686937
0.023621298929931606
0.00035425617009011105
0
0.13001822054422288
0.012507928265210085
0.6278279510152937
0.5319407394567334
0.5803805958806713
0.05560271828684763
0.030731556539844093
0.9468860334718563
0.6086295483915236
0.9732556192254057
0.5151270392110948
0.28931208535879704
0.0007658386939862345
0.016013965174082018
0.16935488605172563
0.4222240314803956
0.16344852152622336
0.00029932945392537464
0.027853306664574896
0.3813358993963841
0.13221343049264497
0.20855146892527499
