29664189081114798e-22
37.00868459670088
143.0818025372837
0
4448.234282116535
0.002708626361948823
168.6282228643561
0
83.30707436017424
0
514.0556769757397
0
16.064483345232308
0
34.20809221436347
0
27.352048081312443
15.160688367070746
109.67809488047575
1010.158836194221
3328798547412869e-20
47.93204614285878
1.8394507271976912
1.1188648615594419
0
6.461306577316771
0.6551074000215628
8.460267081996772
0.006419070977911264
2.8731979047838117
60.2122415766872
21.836335984739414
637.4814664999477
0.36535004106916813
47.779746362339104
3.044055616737027
0.00010906774328178012
45.487976687755996
61.58734947875339
88.30436896375188
46.2424934770266
0
2.690333160126692
0
270.4363582225447
23.70370784966436
1.852940035734387
0
10.146470352457602
0
0.3183920278836682
11.647274147017873
26.97458110728297
25.844645642436234
18.41728477497632
2.0679835439263954
1769.9193783228163
2.0726200236102073
0.035562073220377154
0.5022694887492741
10.617156865178547
51.68618713810853
0.993813213260705
2.4332865029055073
4671000267493553e-20
7358523812991052e-20
191.35371108406883
0
267.12097517420256
0
9.188392941572145
0.028750175220259223
310.865405034598
5.024059598429002
14683497507734806e-29
0.8184646064251601
1.6270724339330747
0
7928758418835549e-20
9.049033839104114
0.12016503118221589
0.0020133340773262186
0.04762104450087117
0.008370330741241074
0.000657183000340015
0.001740073055379898
0.2644433541349517
0.6789507036358057
1.211886177155996
0.0058300327147807205
0.0076950323047854305
0.092143602985505
0.022701772161170076
2.301716170527332
0.036747129395515464
3.4370032429006776
0.019502643482270418
0.041378262649993405
10.878657350585964
0.0001043451368249047
0
1.2634652920466904
1.5563401614286458
0.22586451815594819
0
2.7428296989422862
0.0465066341830785
0.05678040266948139
0
0.0005695804786517347
0
0.13422456246237624
1.2392841701642754
0
0
0
0
2.8785263949345867
0.5656573048167504
1.216691142425385
5.8816913136864315
0.29603024719396515
1.4607898466519194
0.09898772799749032
0.4005831464671432
0.001482084824466385
5.535901259409371
0.0036932859152716212
1.6211379374277792
9046263236756858e-22
0.03420668330429867
1.8314738993412496
0.3521915120913849
0.6148641792170287
0.2393275343551374
0.8727233030500657
0.1996138596410139
0.0007250771796437839
0.026609290917434487
1.0002451299628423
2.341028924802391
0.13308911766736964
0.12350136279216177
0.36447669934615173
0.036309522471171356
0.4640398850333494
1229.8714618719619
0.309173546038401
0.6327058463432262
0.1589006276672369
43.7791840142443
0.3210971890681621
11.01514334859241
1.9907730044604914
2.8136364062742643
0.1842004622506669
0.4624933646119472
2.3964976829569116
4.231037341692492
0.9231806967637473
5.661878417714676
5.968508501892811
6.687906242945509
0.4550565185080058
4.2784087602955
0.34778003114314554
45.54599014857518
619.585185755388
4.002302004569906
10685.689950141154
1.0999999999605103
23.21906287239399
1.18262695323631
45.43435927473119
0.7606962126410167
1.118639734931914
89.9077420830888
0.2026862237015922
1.1244991820468508
32.59365982909837
0
0.0012686420457293038
9814783465841182e-24
0
29786434817776344e-69
0.03587059403682483
0.05831370108351588
0.09878432286647704
0.047397125316928815
0.044893810847862155
0.0762555125609435
0.058260121206396676
0.083328789787488
0.05572864126876214
0.05115796082904835
0.07924395070330645
0.06058677165271715
0.0464908930613763
0.053966142997385766
0.04636798477841243
0.058669686291548555
0.062343111811387596
0.08748950961893535
0.05697995346599344
0.04421393172496634
0.0019047864175366167
0.007503797726642959
0.023510323585511736
0.07836143720937605
0.04356974478491411
0.13157216785583353
9120779932186434e-20
0.010220105262931163
0.314297429608863
48061274890342105e-22
0.08056455137588318
0.011059617758877592
0.0012712731850695025
5486382223114217e-21
12044248331630196e-22
0.11584444539724792
0.09898491725930104
0.004162073011742134
0.042431716620046196
0.02071465763351099
0.005819576812930313
0.012268071458567988
0.0004831229071094761
0.6896619419934715
15699130029916448e-25
0.08638161252127506
0.00034203428895624235
0.00973055916182242
0.01104741161883903
0.000157086969198168
0.0001709049630785435
0.8031824363243826
0.0003936655230809989
0.0605535507839667
0.35141100971942085
1317924616056752e-21
25861727992270578e-22
0.0001447477908713942
12571634893345637e-21
0.0005948473216128808
17003369351093424e-21
14432278942489827e-23
10044051130164762e-22
19077359833878925e-21
0.0837319959450355
0.08470319717365817
43501812587636504e-21
0.0002127295399617286
0.020058052879232128
0.008233882136483663
0.10203938748236602
0.02066221035381803
27829659209125987e-21
0.16398828991688816
0.04039319794828053
5573481664028812e-22
0.4432061180285013
44589656022592386e-23
0.0037797786957933298
0.0009835812697404742
2299456595310469e-27
0.462303156187706
0.7842792990480162
0.018475681671108912
0.4256363023959072
0.9999970335854914
0.0074647076716764516
0.25196305528125806
22332184598396056e-26
46306396177336155e-22
0.0006298387976974608
9121526420065956e-20
0.1554344388021934
8645608217845828e-22
0.00011182761988082919
0.2025280029796382
0.0009300829097933249
0.012009339696249535
12200900015665148e-21
0.16545029652966162
0.10917404899910932
0.021764138811361286
3147011191458523e-20
0.0001534741549612986
12006681092119604e-23
0.013890297319972034
0.20450171153921837
8333314590452213e-24
11103428916051714e-21
9106422682839354e-21
9651207247708136e-20
10586522135148048e-21
0.5453814101003958
0.20246222846699055
0.005184095303535656
0.0015509240330220412
0.043913814821507316
0.0059211131918345304
676088638285552e-19
0.029338475087103858
8324416653570343e-20
0.00072152303082649
0.08942459378890638
9970389356176215e-22
0.8837873922235805
0.8959749557945538
0.001831723249336646
0.0005373932566141293
5829910130239515e-24
0.0010319333728833898
1039042141101296e-23
0.010395566699342784
0.03030632615471606
0.0009047843074750806
0.00033775568867496446
0.00015457508659182687
26181882693275234e-22
0.006164538792312458
0.03171681392840569
0.02199236809053901
11257176079750006e-24
0.996290511021511
0.07307673498690133
0
0
817863308724544e-19
6662207608867835e-20
10336393272305526e-22
7596610419370981e-22
0.00019352341083015968
0.00985864764381002
0.005422474375348444
15204233914837987e-24
0.00013151727876318581
7328787645786978e-21
0.06037556638582603
0.013606939364737681
0.11395496034681604
3845637394098965e-22
0.06527061582242787
0.007753961109315819
0.00012015908309578607
0.14525674755959916
0.00029652050464639454
18549559457239284e-29
8515603673881388e-20
3736171601953385e-21
0.00012473255029659566
0.016645058161085552
0.003920463945374752
0.00016357988270040744
0.00015214005279858125
3799874526184967e-24
0.0005147653455309796
0.023540532164615772
13135133747411516e-24
0.001809420413533728
0.0018043457423722528
4418946949413088e-20
0.12404814763911458
4337441997301701e-20
0.5724741771299162
0.001914640464986369
0.23580510660009596
0.0033145207870583578
0.0007014089639523115
0.000569638777179384
4475337412452713e-20
0.7080131596777927
12102148111054414e-21
2156812646457534e-20
0.008377336146356723
0.0064896944084424585
21715985268744065e-24
8723830637138241e-20
0.003065785304724418
0.15721966044311875
0.03130972131420252
0.0001001235818339706
0.023621297655410073
0.0003542561698034462
0
0.13001818192993425
0.012507927907846416
0.6278270506457481
0.5319400931093007
0.5803798264574643
0.055602711224783365
0.03073155438255306
0.9468839854487066
0.6086287022450015
0.9732534555441921
0.5151264330776895
0.2893118941654735
0.0007658386926465138
0.016013964588298176
0.16935482053758372
0.4222236242638261
0.16344846050209433
0.0002993294537207121
0.027853304892454824
0.3813355672305674
0.132213390563432
0.20855136957568168
