735246272564844e-19
35.57599373247365
142.90681866556966
0
2548.500109811843
0.004293763025881786
195.60980063418972
0
85.09343701372994
0
822.126494738531
0
25.255889760991366
0
34.198590614003315
0
27.404497800538664
15.932696963104778
150.76993416118688
831.7017903691559
0.025552617646551094
60.45724634453741
1.9185024449114787
1.1170804394182696
0
6.459896045332056
0.6540791077943519
8.26621949183625
0.0064414179530774725
2.900988263495518
59.087709373154034
22.404541538996764
326.4043543115661
0.3770756140296469
49.852992082141476
2.434363431344439
7679925379824823e-20
45.40779939347902
61.504069082352736
82.74597563785308
46.369591350711374
0
2.6839266259098324
0
263.238969391275
30.833119235896724
4.647562055102975
0
11.365853163502551
0
2.778745623078623
11.560778458076138
28.705521626067707
27.75388352624927
18.40825667208871
28.841936622986008
1667.0124212604176
2.0719549733946416
0.04383349167761312
0.45775175639847154
10.728643042550354
51.66203031078258
0.9942342016336714
2.4085728987070665
0.001100177916804099
0.0017334957845675063
318.69894602652187
0
268.95067539759395
0
8.520521907466252
0.028964903102967676
305.04026056891865
6.922070122417609
46053401044649335e-23
1.0059117804959363
2.902534522169182
0
7551437015475091e-20
8.226669361397512
0.10149099242216204
0.0019717714993743533
0.04762055400478693
0.008291428689772852
0.0006489938336939927
0.0017394649348680038
0.2303601379051777
0.6789172309739994
1.0612383997611488
0.06269529162227853
0.010746246010562711
0.10286655354919962
0.02046441345869396
2.2987533138452365
0.03182747861928664
3.4333631403523057
0.01651711548830824
0.035011163621664336
10.865927765503821
0.0004065921429726605
0
1.263586574361085
1.5545337372880796
0.22585216376516165
0
2.7426135278785377
0.03840923499824824
0.055919130427771795
0
0.0022476507038444865
0
0.1342237945590299
1.2392365495792026
0
0
0
0
2.2856719605517397
0.5657387049004224
1.215612809097595
5.880324552132562
0.2961414209305224
1.344247346703127
0.09908048347727536
0.4001406989148321
0.0030739671749831854
5.530268244826656
0.003694566558505612
1.621488360724508
9046477379943045e-22
0.034577252604912435
1.8332580909002227
0.31249301589891876
0.5819667302166964
0.2171661305274573
0.8725927470089968
0.19962571958306852
0.0005873378989916144
0.022853152352270516
0.9999135734584126
2.3365628706220374
0.13312187605404222
0.10778564772740325
0.30881169211216636
0.030964925643947823
0.38511791851753435
1121.4830936583164
0.32649611068257905
0.632695295965502
0.1582740452175586
43.64741002407063
0.28445962844863004
9.270312003576304
1.9908077147500025
2.813487339805543
0.18424505995994356
0.3968695247137989
2.3965679814359317
4.230663857462727
0.923320491350202
4.876001284061734
4.961703185787666
5.766906578547664
2.079549231949993
3.528988895540596
0.30573501808797054
39.20972058869389
619.585160852592
4.002301991931759
10685.156146530013
1.099999999021213
23.21906283705904
1.1826262541977355
45.43433847028746
1.0225760403661652
1.3607275170732687
84.24499889297796
0.20776949558054467
1.1244966978264368
38.50604011683997
0
0.0011080377696488244
22700850651904331e-23
0
3296860816370682e-41
0.028737420454995666
0.04671530181932588
0.07958024167062112
0.03820894586875484
0.038406411207448886
0.06124658046175138
0.046673022060760634
0.06698646696452201
0.04464511158802051
0.04105495804829258
0.06348367287883162
0.0485357748043136
0.037375809532597254
0.043340110305698926
0.03732183322359803
0.04732553533318093
0.05013582979312187
0.07009997064868545
0.045889513343028224
0.03541997519659134
0.0019047861615365427
0.007503793753724273
0.02351028458552783
0.07836100394674755
0.04356961084285689
0.13157094641127556
9120779873490018e-20
0.010220097893089815
0.31429045973702463
4806127487404397e-21
0.0805640934086564
0.011059609128543193
0.001271273071037881
548638222099039e-20
12044248330606658e-22
0.11584349851418521
0.09898422593120997
0.004162071789472914
0.04243158958365354
0.02071462735721285
0.005819574423302456
0.012268060839168315
0.00048312289064064484
0.6896283828870976
15699130029914697e-25
0.08638108603270632
0.00034203428070181695
0.00973055248110653
0.011047403007544155
0.00015708696745705153
0.0001709049610176438
0.803136920262514
0.00039366551214641395
0.06055329206639635
0.3514022966065362
13179246159342002e-22
25861727987551444e-22
0.000144747789393064
12571634882194188e-21
0.00059484729664633
1700336933069402e-20
14432278942342885e-23
10044051129452953e-22
19077359808199603e-21
0.08373150125944871
0.08470269094589163
43501812454111585e-21
0.00021272953676869721
0.020058024491885106
0.008233877352863132
0.10203865283014069
0.020662180230638393
27829659154479328e-21
0.16398639246436872
0.04039308282492141
557348166380964e-21
0.44319225836078086
44589656021189535e-23
0.0037797776877475943
0.0009835812014802004
2299456595310469e-27
0.4622880764157598
0.7842359002159074
0.018475657586021498
0.4256235198048585
0.9999264780756122
0.007464703740042749
0.2519585759029718
223321845983957e-24
463063961622065e-20
0.0006298387697072383
9121526361359936e-20
0.15543273413398329
8645608217318426e-22
0.0001118276189984692
0.2025251088707763
0.0009300828487566504
0.012009329520049513
12200900005161712e-21
0.16544836509365984
0.1091732080206976
0.02176410538953224
3147011184470671e-20
0.0001534741532993482
120066810920179e-21
0.013890283706452051
0.20449876074741224
8333314590447318e-24
11103428907352868e-21
9106422676988171e-21
9651207181986123e-20
10586522127240276e-21
0.5453604235744809
0.20245933623764223
0.005184093407295124
0.0015509238633037814
0.04391367875561926
0.0059211107180937505
6760886350603651e-20
0.029338414354457328
8324416604676391e-20
0.000721522994094206
0.08942402955362151
9970389355474817e-22
0.883732282181117
0.8959183153423493
0.0018317230125990485
0.0005373932362375184
582991013023711e-23
0.0010319332977469103
10390421411005353e-24
0.0103955590742745
0.03030626134894165
0.000904784249713688
0.0003377556806257616
0.0001545750849059473
2618188268843854e-21
0.006164536110992516
0.031716742950005226
0.02199233396408005
11257176079741057e-24
0.9962204775666555
0.07307635819219797
0
0
8178633040049008e-20
6662207577550555e-20
10336393271551686e-22
7596610418963803e-22
0.00019352340818766238
0.009858640786052964
0.005422472300709696
15204233914821695e-24
0.00013151727754275497
7328787641997219e-21
0.06037530918691054
0.013606926300975897
0.11395404410013614
3845637393994625e-22
0.06527031522722258
0.007753956867081309
0.00012015908207705219
0.1452552588220672
0.0002965204984426058
18549559457239284e-29
8515603622715751e-20
37361716009684706e-22
0.00012473254919883635
0.016645038612382708
0.003920462860892576
0.00016357988081238412
0.0001521400511653987
3799874526183948e-24
0.0005147653268342286
0.023540493064344827
13135133747399346e-24
0.0018094201825260112
0.0018043455126584786
4418946935635127e-20
0.12404706189778307
433744198402731e-19
0.5724510537500453
0.0019146402063307101
0.23580118330796465
0.0033145200119025736
0.0007014089292394709
0.0005696387542840685
4475337398320854e-20
0.7079777908824098
12102148100720308e-21
21568126431752797e-21
0.008377331194599871
0.006489691436804158
21715985268710773e-24
8723830583439761e-20
0.003065784641545095
0.1572179163926588
0.03130965214615619
0.00010012358112664346
0.02362125828637981
0.00035425616094857256
0
0.13001698916765095
0.012507916869141912
0.6277992395063628
0.5319201282832996
0.5803560600238525
0.055602493083079345
0.030731487745440964
0.9468207256508946
0.6086025659597064
0.973186623338386
0.5151077103988775
0.28930598840183136
0.000765838651263498
0.01601394649386232
0.16935279686478671
0.4222110458268558
0.16344657552134406
0.000299329447398829
0.027853250152980836
0.38132530700707573
0.13221215718436172
0.20854830076066766
