923877755699022e-19
35.23405357370044
142.85965032107416
0
2177.77354354311
0.004537978147281182
198.517614097158
0
85.60710416864144
0
826.7454654813591
0
26.11253552029827
0
34.19665294003907
0
27.418740059799372
16.099277034916913
156.7920662658592
793.9393115524169
0.06018493353859757
60.28006788061593
1.8506029747810187
1.1165869243521709
0
6.459518814823825
0.6537880961278001
8.21380445392168
0.006447273689145262
2.9083173403533147
58.78227293832939
22.25937601040703
272.4389526572513
0.38022684137850576
49.55473899083851
2.3103711749326186
6850631262947108e-20
45.38634574134926
61.48179372133736
81.24179191069825
46.40034552549204
0
2.682807491782569
0
261.2874676561417
31.400566950800407
4.704830442062694
0
11.668289653410621
0
2.9810225456878605
11.548497104954551
29.09752238981306
28.191110559628182
18.405909657172987
36.56234847962466
1649.686534589202
2.069652665154529
0.04630409027236609
0.44682175824047127
10.863423021429865
51.653952993368186
0.9944122583138144
2.3981421533803524
0.0013767677848459318
0.002171946854494422
323.35570152418165
0
269.296971180516
0
8.368226672314675
0.029205487873776085
303.6044941563591
7.048688844952111
13364026458724801e-22
1.00619077006109
2.924917089956593
0
7400731303985738e-20
8.022920900150167
0.09768474079830282
0.001962018713166392
0.047578962882909075
0.008270843448778861
0.0006468470889365287
0.0017392840355668594
0.22324316679797698
0.6789084970438677
1.028902518427598
0.06933058196791625
0.01078011309422327
0.1006988173171984
0.019985163804442218
2.2979400334116895
0.030802537650993465
3.429558376210563
0.015909612485476912
0.03372499166133246
10.857858835284473
0.00041879228900154874
0
1.26361737242913
1.5539912811471086
0.22564443492104252
0
2.7425569765826503
0.03623171850153178
0.05568575271395754
0
0.0024923805344586
0
0.13422360223025845
1.2392243569705057
0
0
0
0
2.159751061834727
0.5657577654755169
1.2153211781998723
5.879959035538587
0.29617112786393973
1.3178833410983644
0.09910741970935413
0.39961152060184474
0.0034125510386768328
5.528663913754856
0.003694920412145651
1.6215819229765553
9046534125320126e-22
0.035053060395955044
1.8338031176359422
0.3040497288148548
0.5742566071360553
0.2105076778029346
0.8725572098648464
0.19962888970637938
0.000560977366423315
0.022071638502359252
0.9998270203242646
2.3354404724493696
0.13313059807415384
0.10445275510138528
0.29742388529757885
0.029862217183019166
0.36937088678601226
1092.326221613193
0.3304893289080341
0.6326925680853596
0.15810552527434454
43.58414985878349
0.27658596264536595
8.916246644834699
1.990810393102882
2.8134348268919034
0.18425549853260878
0.3832374447801203
2.396573347767047
4.230532317269807
0.923353239722897
4.712162872924881
4.760754755737104
5.574253898540961
2.1016856664207895
3.3805888448851658
0.2967431586852218
37.88528063502652
619.5851541950375
4.002301988553057
10685.013443105736
1.0999999987701001
23.219062827612536
1.1826260673156748
45.434332908394616
1.0524482558686863
1.3675116844474646
82.6834244565966
0.20911850807563961
1.1244960336935597
39.735527656780775
0
0.0010739577124193767
2804879763104167e-22
0
1292460797702871e-39
0.02737238413688249
0.04449565813217245
0.0758800496064368
0.03643785297793358
0.03706328625173059
0.05836531515019577
0.0444548497976828
0.0638456642565693
0.042524009465170404
0.03911747837793946
0.060467607988303175
0.04622953489162666
0.035624104998686366
0.04130077876482846
0.03558088405573029
0.04513673012133529
0.04778899348744345
0.06677189018520993
0.04375568982029524
0.03373705640895118
0.0019047860930970653
0.007503792691597965
0.023510274159218483
0.07836088811800448
0.04356957503463517
0.1315706198701848
9120779857798024e-20
0.01022009592282512
0.3142885964261247
480612748696868e-20
0.08056397097538029
0.011059606821296438
0.00127127304055248
54863822204226025e-22
1204424833033302e-21
0.11584324537420966
0.09898404111123074
0.004162071462709496
0.0424315556215983
0.02071461926310464
0.0058195737844555515
0.01226805800016197
0.0004831228862378401
0.6896194114166455
1569913002991423e-24
0.08638094528092373
0.0003420342784950653
0.009730550695073652
0.011047400705387452
0.00015708696699157855
0.0001709049604666794
0.8031247523600977
0.0003936655092231439
0.06055322290059973
0.3513999672651012
13179246159014365e-22
25861727986289826e-22
0.00014474778899784476
12571634879212942e-21
0.000594847289971731
1700336932524041e-20
14432278942303593e-23
10044051129262657e-22
19077359801334445e-21
0.0837313690098795
0.08470255561063439
4350181241841481e-20
0.000212729535915067
0.020058016902771533
0.008233876074002566
0.1020384564278937
0.02066217217746508
2782965913987001e-20
0.16398588519998794
0.04039305204770744
5573481663751045e-22
0.44318855316767447
445896560208145e-21
0.003779777418255023
0.0009835811832313863
2299456595310469e-27
0.4622840450478743
0.7842242983070707
0.018475651147079643
0.42562010255082355
0.9999076164920486
0.007464702688953632
0.2519573783920504
22332184598395603e-26
4630639615816171e-21
0.000629838762224286
9121526345665374e-20
0.155432278408327
8645608217177431e-22
0.00011182761876257769
0.20252433516192458
0.0009300828324390057
0.0120093267995288
12200900002353705e-21
0.16544784874417898
0.1091729831932332
0.02176409645449379
31470111826025255e-21
0.00015347415285503962
12006681091990707e-23
0.013890280066993325
0.20449797188505517
8333314590446008e-24
11103428905027304e-21
9106422675423906e-21
9651207164415891e-20
10586522125126198e-21
0.5453548131386836
0.20245856303125598
0.005184092900351156
0.0015509238179310235
0.04391364237961075
0.005921110056759968
6760886341981383e-20
0.02933839811811229
8324416591605e-17
0.0007215229842741366
0.08942387871062879
9970389355287299e-22
0.8837175495532352
0.8959031735966102
0.0018317229493092322
0.0005373932307900015
5829910130236469e-24
0.0010319332776598002
10390421411003316e-24
0.010395557035777062
0.030306244023682035
0.0009047842342716623
0.0003377556784738743
0.0001545750844552415
2618188268714549e-21
0.006164535394164199
0.03171672397454897
0.021992324840664945
11257176079738669e-24
0.9962017555408043
0.07307625745960687
0
0
817863302743144e-19
6662207569178147e-20
1033639327135015e-21
7596610418854946e-22
0.0001935234074812128
0.009858638952689638
0.00542247174607247
15204233914817334e-24
0.00013151727721648297
7328787640984058e-21
0.06037524042711198
0.013606922808490303
0.11395379915047882
3845637393966729e-22
0.06527023486583693
0.0077539557329557
0.00012015908180470219
0.14525486082309383
0.00029652049678407464
18549559457239284e-29
8515603609037045e-20
373617160070516e-20
0.00012473254890535954
0.016645033386203996
0.0039204625709653666
0.00016357988030763686
0.00015214005072878103
3799874526183676e-24
0.0005147653218358083
0.023540482611224618
13135133747396095e-24
0.0018094201207680303
0.0018043454512464226
44189469319517026e-21
0.12404677163550663
4337441980478509e-20
0.5724448720655896
0.0019146401371812837
0.23580013445960468
0.0033145198046711727
0.0007014089199592827
0.0005696387481631972
4475337394542821e-20
0.707968335629376
12102148097957575e-21
21568126422977963e-21
0.008377329870789487
0.006489690642361682
21715985268701875e-24
872383056908392e-19
0.00306578446424966
0.15721745013859695
0.03130963365468198
0.00010012358093754547
0.023621247761409152
0.00035425615858129594
0
0.1300166702944598
0.012507913918038014
0.6277918046389898
0.5319147909805821
0.5803497064309904
0.05560243476485978
0.0307314699305895
0.9468038143877175
0.6085955788320342
0.9731687570832344
0.5151027051621867
0.28930440956561815
0.0007658386402000942
0.016013941656469327
0.16935225585684505
0.4222076831501586
0.16344607159115013
0.00029932944570872636
0.027853235518857395
0.38132256406869636
0.13221182745270688
0.20854748034622766
