0.00014508698855588326
34.40747530143489
142.7271256851851
0
1397.3953973202774
0.005002240303864664
203.42970389859622
0
87.0490943779224
0
817.1005708425857
0
27.565909338497903
0
34.19179714828695
0
27.458899494225008
16.502050812532293
168.7485781910214
707.1635883333869
0.2816263645751914
59.52762722489832
1.6969065039171436
1.1151785419267004
0
6.4584646098347545
0.6529464535525674
8.066205090332096
0.006462989367717092
2.928319613142302
57.91828900764259
21.495596365120676
167.45678508147694
0.3888936828723807
47.69405858192671
2.0440218854505328
48544142768814133e-21
45.32636713093671
61.41953681961518
77.10396049365234
46.47918957588644
0
2.6805853458548197
0
255.8494622300571
32.533978362450746
4.786211245784282
0
12.46221868771252
0
3.320179025322822
11.514843363401408
30.068502264610157
29.281952543815233
18.399587121776644
56.94305668142412
1587.8058033938896
2.061739868494735
0.05320196070537538
0.41191499895032635
11.291993422749236
51.62871836481474
0.9950119285361283
2.3647291220916022
0.002150804464774613
0.0034073736222863947
329.9411472428001
0
270.1891942550676
0
8.003317739810463
0.029951739535912084
299.68461890954586
7.412783551194305
1102417672371992e-20
1.0038482517514828
2.9562504704789183
0
7032541031548892e-20
7.482226068952987
0.08931137820068236
0.0019395265154228591
0.047438768214749176
0.008214133790217003
0.0006409158517011166
0.001738745984572592
0.20746273769421267
0.6788844726481524
0.956206590752732
0.08121719333827124
0.010808248039865792
0.0955323628184058
0.018918295344163356
2.295633962791518
0.028527752618053927
3.4169028298368516
0.014576783769063514
0.030918630524696733
10.831872433052045
0.00043746700636059475
0
1.2636998325443833
1.5523798237688085
0.22494594052310973
0
2.742400689461112
0.0301768989170179
0.05503329564517711
0
0.0029808872843689626
0
0.13422308654465007
1.239191100205699
0
0
0
0
1.885817664750347
0.565806453492076
1.2145011617616603
5.878937588628268
0.2962540897584339
1.256282275304576
0.09918636727881426
0.3978395935771401
0.004251212916118838
5.524006828219947
0.0036959286322352423
1.621843032708793
9046691692818178e-22
0.0365771414036421
1.8354439226656725
0.2851528782775919
0.5558230641301832
0.18994898660766985
0.8724565645821645
0.19963774507773965
0.0005051052239791701
0.020332643309260455
0.999588689730428
2.3326120632711715
0.13315489630962538
0.09695729111136511
0.27232329333593286
0.02741973562801559
0.3351253035634102
1010.8770452187094
0.34046194936845536
0.6326851248063712
0.1576334221321158
43.387411488488546
0.2587814205394389
8.139263843063391
1.9908067616375111
2.8132676370082605
0.18428215391857516
0.35293701652900905
2.3965657323729106
4.230113572648351
0.9234369189342717
4.347213631889106
4.323927419075784
5.144143757608428
2.12268221918043
3.059143517752626
0.27642739388537907
34.928333799749346
619.5851355953918
4.002301979113756
10684.614773302064
1.0999999980685495
23.219062801221213
1.1826255452111776
45.43431736977389
1.1075346339022965
1.377629206230804
78.2252375780056
0.21286532960193186
1.1244941782679332
42.62274850302477
0
0.0009973020745619413
42204351870738743e-23
0
10785189479146791e-37
0.024466512601668128
0.039770285866365274
0.06797540390216432
0.032653967137977725
0.03408283248066398
0.05222176918036795
0.039731435329749404
0.05714467307412836
0.03800845962346276
0.034988505850115786
0.05404688471497037
0.04131982033092889
0.031887087389690455
0.03695323431573492
0.031864119630762335
0.040457766026291836
0.04278139314655207
0.059686998361635143
0.0392021563892232
0.030154353977254137
0.0019047859018932265
0.00750378972426693
0.02351024503057964
0.07836056452056543
0.043569474995016635
0.13156970759524586
912077981395827e-19
0.010220090418369602
0.3142833908309583
4806127485751385e-21
0.08056362892650344
0.011059600375392605
0.0012712729553834227
54863822188363385e-22
1204424832956854e-21
0.1158425381634107
0.09898352476937776
0.0041620705498092705
0.04243146073972411
0.02071459665008113
0.005819571999667482
0.01226805006864747
0.0004831228739374364
0.6895943478505083
15699130029912922e-25
0.08638055205466483
0.0003420342723299188
0.009730545705318356
0.011047394273704027
0.0001570869656911562
0.0001709049589274142
0.8030907590710564
0.0003936655010562132
0.06055302966800201
0.35139345971318736
13179246158099024e-22
2586172798276516e-21
0.00014474778789369487
12571634870884036e-21
0.0005948472713244669
17003369310004297e-21
1443227894219382e-22
10044051128731016e-22
19077359782154803e-21
0.08373099953670257
0.08470217751680767
435018123186864e-19
0.0002127295335302244
0.020057995700583066
0.008233872501167087
0.10203790772807528
0.02066214967880395
27829659099054994e-21
0.16398446803057695
0.040392966063513114
557348166358734e-21
0.4431782018911581
44589656019766737e-23
0.0037797766653560757
0.000983581132248481
2299456595310469e-27
0.4622727825376595
0.7841918862040003
0.018475633158197925
0.4256105556897925
0.9998549235360518
0.007464699752457903
0.2519540328575137
2233218459839533e-25
4630639614686149e-21
0.0006298387413186726
9121526301818446e-20
0.15543100522479184
8645608216783526e-22
0.00011182761810355215
0.2025221736164915
0.0009300827868513338
0.012009319199035159
12200899994508798e-21
0.16544640619335316
0.10917235508047327
0.021764071492111067
31470111773833646e-21
0.00015347415161374574
12006681091914738e-23
0.01389026989920415
0.20449576800474398
8333314590442344e-24
11103428898530222e-21
910642267105372e-20
9651207115328785e-20
10586522119219963e-21
0.5453391392025816
0.2024564028895783
0.00518409148406885
0.0015509236911701843
0.0439135407537328
0.005921108209148852
6760886317892788e-20
0.02933835275761928
83244165550866e-18
0.0007215229568391667
0.08942345729202818
997038935476342e-21
0.8836763913472945
0.8958608724659046
0.001831722772492339
0.0005373932155709171
5829910130234676e-24
0.0010319332215411269
10390421410997629e-24
0.01039555134069536
0.030306195621021912
0.0009047841911302653
0.00033775567246200597
0.00015457508319607517
2618188268353301e-21
0.0061645333915144205
0.03171667096163408
0.021992299352002635
11257176079731995e-24
0.9961494524554415
0.07307597603710493
0
0
8178632992180913e-20
6662207545787599e-20
10336393270787107e-22
7596610418550828e-22
0.0001935234055075583
0.009858633830704238
0.005422470196546425
1520423391480515e-23
0.00013151727630495553
7328787638153527e-21
0.06037504832877397
0.013606913051309294
0.11395311482136719
3845637393888793e-22
0.06527001035549447
0.007753952564475579
0.00012015908104382013
0.14525374891307202
0.00029652049215052757
18549559457239284e-29
8515603570821946e-20
37361715999695316e-22
0.00012473254808545415
0.016645018785494906
0.003920461760976842
0.00016357987889749142
0.00015214004950897368
37998745261829165e-25
0.0005147653078713945
0.0235404534076826
1313513374738701e-23
0.0018094199482307245
0.0018043452796755502
44189469216610776e-21
0.12404596071437207
4337441970563992e-20
0.572427602242578
0.001914639943994015
0.23579720424796488
0.0033145192257153034
0.000701408894032614
0.0005696387310629183
44753373839878816e-21
0.70794192053885
1210214809023915e-20
21568126398463135e-21
0.008377326172374813
0.006489688422876216
21715985268677017e-24
8723830528977067e-20
0.0030657839689278454
0.1572161475414124
0.031309581993897155
0.00010012358040925002
0.023621218357134086
0.00035425615196768014
0
0.13001577944168372
0.012507905673349444
0.6277710338296324
0.5318998800921932
0.5803319563510627
0.05560227183775407
0.030731420160126803
0.9467565698847872
0.6085760588608969
0.9731188446941589
0.5150887219623372
0.28929999871313594
0.0007658386092915392
0.016013928141935405
0.16935074441668116
0.42219828876194143
0.16344466373659344
0.000299329440986976
0.02785319463458895
0.3813149010466425
0.1322109062641432
0.20854518831777294
