0.00013454714595868703
34.55698422688897
142.75371149123055
0
1526.7188145352734
0.004929477344019561
202.7090179562849
0
86.7615546371389
0
820.829343962068
0
27.349601850769684
0
34.19271910011929
0
27.45082889313436
16.42788878521987
166.79108824688004
722.544959697991
0.2227596729237248
59.69530422128989
1.723513179562182
1.1154632849535229
0
6.458675487784319
0.6531177218734001
8.09586001513914
0.006459933213823948
2.9243828776278535
58.09233813827926
21.682409403274725
184.02330329655177
0.38718236855508054
48.16211873929107
2.0888037779615143
5211284139587178e-20
45.33836780973834
61.43199112208055
77.92393959758682
46.46424446362068
0
2.6809381395117606
0
256.9369125483052
32.341665765949585
4.775087673751906
0
12.309344714614923
0
3.26981226342687
11.521703506081778
29.88796305227796
29.078276273780027
18.400822207517585
53.04475970743409
1602.244913937015
2.063487962345449
0.05182112498790095
0.41948734954382505
11.201284865044489
51.634038524124506
0.994881624404008
2.3718379689810494
0.001995714596793085
0.003158724147949879
329.07028875483394
0
270.01661595866665
0
8.06926699589056
0.029795786729504007
300.46122497451444
7.337787435481732
7749214427680166e-21
1.004510398387416
2.9520079435411355
0
7098491258539214e-20
7.587352049120505
0.09074612102439474
0.0019434256273018935
0.047468794229165015
0.008225398388756458
0.0006420953700899322
0.0017388569541220646
0.210172573543633
0.6788892375072892
0.9688194137058224
0.07938032118219103
0.010807135737882757
0.09644707722261373
0.019101162658701338
2.296098530186248
0.028918971220036616
3.419660645009845
0.01480463253729836
0.03139656746872215
10.837453519598878
0.00043477837031276795
0
1.2636837609192213
1.5527118402596116
0.22509541251145107
0
2.7424317881503364
0.03138106655562898
0.0551642578785757
0
0.002901342618140717
0
0.1342231874652797
1.2391976711884962
0
0
0
0
1.9320659298316825
0.5657971857657998
1.214665672912137
5.879141910967697
0.29623750118773906
1.2672084295692574
0.09917020583454329
0.39822660168046176
0.004093092436544185
5.524956209621867
0.0036957250223765207
1.6217908443955422
9046660285950701e-22
0.03625326254314245
1.835103810261657
0.28841398841498045
0.5591370406938095
0.19430072175831356
0.8724768523824905
0.19963597414687578
0.0005144603522258122
0.020632577082805262
0.9996359984847203
2.333137308890415
0.13315004428556373
0.09825789070041291
0.2766288179837406
0.027839912007287658
0.3409546061231292
1027.1439834730213
0.33859657331959186
0.6326865938234737
0.15772795801214723
43.42898418285799
0.26187782982501595
8.272205114071257
1.990808630857818
2.8133031516435403
0.1842770810740781
0.3581593709578449
2.3965695803141367
4.230202517392062
0.923420987585608
4.410188419632714
4.398247848891176
5.218477559244376
2.1200132041268756
3.1137355315082735
0.27996162698653526
35.439462763435955
619.5851393153208
4.002301981001617
10684.694506072796
1.0999999982088597
23.21906280649948
1.1826256496320586
45.434320477497614
1.098822967680147
1.3762014548106902
79.12745695810902
0.21211854477254527
1.1244945493523846
42.10225279892332
0
0.0010106034590574478
3945449533269198e-22
0
36816742677523936e-38
0.024955229023198664
0.04056504180752354
0.06930751535153559
0.033291635822314876
0.03459607297600703
0.05325597115674454
0.04052600643592526
0.058273116418230235
0.038767919806293884
0.035683361783263305
0.05512676087622727
0.042145580145876195
0.032516358003122046
0.03768500643814761
0.032490236722272615
0.041246552173985374
0.04362470600859314
0.060878551101491846
0.039968941783540095
0.03075691999181656
0.0019047859401339926
0.007503790317733044
0.02351025085630452
0.07836062923994634
0.04356949500292197
0.1315698900497276
9120779822726221e-20
0.010220091519260469
0.31428443194309386
48061274859948445e-22
0.08056369733616263
0.01105960166457307
0.0012712729724172337
5486382219153591e-21
12044248329721437e-22
0.1158426796052251
0.09898362803753288
0.0041620707323893
0.04243147971608197
0.020714601172683856
0.005819572356625053
0.012268051654949961
0.0004831228763975171
0.6895993604908618
15699130029913183e-25
0.0863806306997734
0.0003420342735629481
0.00973054670326921
0.011047395560040411
0.00015708696595124067
0.00017090495923526724
0.803097557613758
0.0003936655026895993
0.06055306831447222
0.35139476121392904
1317924615828209e-21
25861727983470096e-22
0.00014474778811452484
12571634872549818e-21
0.0005948472750539197
1700336931305152e-20
14432278942215774e-23
10044051128837344e-22
19077359785990734e-21
0.08373107343120753
0.084702253135438
4350181233863208e-20
0.00021272953400719292
0.020057999941018968
0.008233873215734058
0.10203801746780292
0.020662154178534217
27829659107217996e-21
0.16398475146347938
0.040392983260337335
5573481663620081e-22
0.44318027212711975
4458965601997629e-22
0.003779776815935853
0.000983581142445062
2299456595310469e-27
0.46227503501775136
0.7841983685174447
0.018475636755972868
0.42561246504486727
0.9998654619051022
0.007464700339756957
0.2519547019608672
22332184598395384e-26
4630639614912154e-21
0.0006298387454997952
9121526310587831e-20
0.15543125986066456
8645608216862308e-22
0.00011182761823535725
0.2025226059237325
0.000930082795968868
0.012009320719133503
12200899996077779e-21
0.1654466947025121
0.10917248070273615
0.02176407648458532
31470111784271965e-21
0.0001534741518620045
12006681091929932e-23
0.01389027193276139
0.20449620877890612
8333314590443076e-24
11103428899829638e-21
9106422671927757e-21
9651207125146206e-20
1058652212040121e-20
0.5453422739537631
0.20245683491607
0.005184091767325281
0.0015509237165223513
0.04391356107888958
0.005921108578671029
6760886322710507e-20
0.029338361829712275
832441656239028e-19
0.0007215229623261605
0.08942354157558943
9970389354868195e-22
0.8836846228351277
0.8958693325322589
0.0018317228078557164
0.0005373932186147339
5829910130235035e-24
0.0010319332327648613
10390421410998767e-24
0.01039555247971145
0.03030620530154775
0.0009047841997585445
0.0003377556736643796
0.00015457508344790842
26181882684255506e-22
0.006164533792044324
0.031716681564209974
0.021992304449732734
1125717607973333e-23
0.996159912852826
0.07307603232151862
0
0
8178632999231019e-20
6662207550465708e-20
10336393270899714e-22
7596610418611651e-22
0.0001935234059022892
0.009858634855101106
0.005422470506451598
15204233914807584e-24
0.000131517276487261
7328787638719633e-21
0.060375086748392676
0.013606915002744937
0.11395325168686075
38456373939043804e-23
0.06527005525750118
0.0077539531981715
0.00012015908119599654
0.14525397129439546
0.000296520493077237
18549559457239284e-29
8515603578464965e-20
37361716001166574e-22
0.00012473254824943523
0.0166450217056357
0.003920461922974534
0.0001635798791795205
0.00015214004975293516
3799874526183069e-24
0.0005147653106642773
0.023540459248388105
13135133747388826e-24
0.001809419982738184
0.0018043453139897235
44189469237192024e-21
0.12404612289817489
43374419725468955e-21
0.5724310561654995
0.0019146399826314672
0.23579779028737982
0.0033145193415064695
0.0007014088992179477
0.000569638734482974
4475337386098869e-20
0.7079472034781079
12102148091782835e-21
215681264033661e-19
0.008377326912057618
0.006489688866773248
2171598526868199e-23
8723830536998437e-20
0.003065784067992202
0.1572164080599859
0.031309592326047304
0.00010012358051490911
0.023621224237986172
0.00035425615329040327
0
0.1300159576117506
0.012507907322286722
0.6277751879365261
0.5319028622364315
0.5803355063236165
0.05560230442313702
0.030731430114212893
0.9467660185967735
0.6085799628050373
0.9731288269671752
0.5150915185719392
0.2893008808782524
0.0007658386154732502
0.01601393084484128
0.1693510467036348
0.4222001676228622
0.16344494530653464
0.00029932944193132604
0.027853202811437838
0.3813164336387335
0.13221109050134247
0.20854564672144862
