0.00029910714198318666
33.00536897754417
142.3353328129772
0
439.60644789347333
0.005494693745066902
207.83110682401772
0
91.0706021300407
0
712.2082478881339
0
29.026896476978486
0
34.17971481425416
0
27.57837621821751
17.34255197393402
185.1395018705405
553.7821542149634
1.3005311478397534
56.60267778909372
1.4718978637500082
1.110906127114241
0
6.455380878568824
0.6503387385379699
7.625604897560214
0.006501842386587769
2.981460786797844
55.304617855923865
17.765494352218486
54.580608393371875
0.4120041971678666
38.312006338188766
1.687385572508776
1777172504306636e-20
45.15071832221208
61.2373729662273
65.41235928370743
46.652167575688516
0
2.6788735877964016
0
239.31749982424282
34.564217262207585
4.854753151801983
0
14.379425401107271
0
3.6364133852811653
11.398774566985505
32.04657077553231
31.53938512105708
18.383584758001117
103.26369471288412
1208.3629146332758
2.019936061293998
0.07539381327653899
0.26479094468653325
12.992894166793105
51.54106716722663
0.997301072411052
2.2456731940568537
0.004408787341697083
0.007144535189512641
333.9496733424144
0
272.54472805421767
0
7.357073090410265
0.03275795644637674
288.24746239838703
8.807139254476763
0.0003147284810654068
0.9912927947061804
2.982986046596795
0
6462154347491137e-20
6.068138874341515
0.07730100703596712
0.0019136999433020606
0.04694691153500093
0.00805182707526044
0.0006239629621236809
0.0017370037510589095
0.18534647937396154
0.678816528746757
0.8451709792371219
0.09532593738154663
0.010709935328347773
0.08774119621890442
0.017508261604491454
2.2887493841952975
0.025285912918628497
3.3546160314215
0.012696038120804064
0.027029128612174408
10.71382782632456
0.0004575710038546334
0
1.2639111646954178
1.5471810286773326
0.22250161222029685
0
2.7419491126153304
0.013903203528099208
0.052946314250994435
0
0.0035992335071649436
0
0.134221690608792
1.2390978101089207
0
0
0
0
1.5272914588105635
0.5659248533072498
1.2120853525677788
5.875949912673907
0.29649628349117507
1.1581109824986693
0.09943470875595231
0.3890731962332921
0.006410638776458747
5.509492579025376
0.003698966137459455
1.6226036847820762
9047145701000527e-22
0.042777879331900394
1.840811981132001
0.2583591325382821
0.525052565030886
0.11330311523523806
0.8721510445814435
0.1996636155858113
0.0004318798556577202
0.01778763802641673
0.9989104656147886
2.3272114062778524
0.1332254512085872
0.08579455432400612
0.23621862865111207
0.023871700700632454
0.2869668014825418
778.8896568503213
0.3618928865169853
0.6326645701921283
0.15625206575826786
42.56600776020792
0.23237559894771287
7.02995618856548
1.9907382207616124
2.8126759608663483
0.18434692520654314
0.3087354776277116
2.3964256468485163
4.228632053426606
0.9236405671984614
3.8132514270033786
3.7124465534733138
4.509923423874197
2.1555105710278797
2.610184666790681
0.245963723099995
30.555807947921043
619.5850812355644
4.002301951526205
10683.449695352216
1.0999999960181785
23.219062724089223
1.182624019295693
45.43427195620873
1.1784367567456433
1.3873578930320756
64.60490226197786
0.22363354047596035
1.12448875559494
47.87365756814026
0
0.0008832322394963594
7941849265304686e-22
0
1291774772038563e-32
0.020515850054519374
0.03334418415678142
0.05716267567791339
0.027481186436832075
0.02974245377211354
0.04384540480228222
0.03330151401334598
0.047997568266404986
0.03186805357637706
0.029364235113730496
0.04531627357759072
0.03464298702793879
0.026788147798420293
0.031029261550648616
0.02678689022629102
0.03405277681695073
0.03594672459526432
0.050055913746155395
0.032998554120212784
0.0252824366163443
0.0019047853430757963
0.007503781051871248
0.02351015989863426
0.07835961877354751
0.04356918261782288
0.13156704139195163
9120779685831014e-20
0.01022007433091516
0.3142681773111479
4806127482193696e-21
0.08056262925347578
0.011059581536440257
0.0012712727064660518
5486382214200269e-21
12044248327334256e-22
0.11584047127463996
0.09898201571007179
0.004162067881743385
0.042431183436593765
0.020714530560784993
0.005819566783400459
0.012268026887816835
0.0004831228379879438
0.6895211016117182
15699130029909115e-25
0.08637940281116473
0.0003420342543114943
0.009730531122138461
0.011047375476312548
0.0001570869618905063
0.00017090495442871563
0.8029914176071039
0.00039366547718732017
0.06055246492469011
0.3513744412557364
13179246155423801e-22
25861727972463843e-22
0.00014474778466667663
12571634846541778e-21
0.000594847216825469
17003369265474833e-21
1443227894187301e-22
1004405112717721e-21
19077359726099823e-21
0.08372991971369045
0.08470107249917898
4350181202721749e-20
0.0002127295265602188
0.020057933734618765
0.008233862059109818
0.10203630409997302
0.020662083923745345
2782965897976794e-20
0.16398032624290873
0.04039271476481697
5573481663108899e-22
0.4431479503546705
4458965601670448e-22
0.003779774464913991
0.00098358098324447
2299456595310469e-27
0.46223986799174277
0.7840971653884921
0.018475580583503275
0.42558265500152065
0.999700937586098
0.007464691170182229
0.25194425536190623
22332184598394562e-26
4630639611383518e-21
0.0006298386802193618
9121526173670216e-20
0.15542728424373853
8645608215632285e-22
0.00011182761617746602
0.20251585635725106
0.0009300826536155771
0.012009296985653263
12200899971581045e-21
0.1654421902271658
0.10917051936174958
0.021763998536536384
31470111621297005e-21
0.00015347414798590634
12006681091692691e-23
0.013890240182589584
0.2044893270203411
8333314590431653e-24
1110342887954167e-20
9106422658281296e-21
965120697186549e-19
10586522101958243e-21
0.5452933327127563
0.20245008973286274
0.005184087344805874
0.0015509233206955672
0.04391324374052555
0.0059211028092736534
6760886247490818e-20
0.02933822018621051
8324416448356937e-20
0.0007215228766569828
0.08942222565394635
9970389353232325e-22
0.8835561122427056
0.8957372534791471
0.001831722255722575
0.0005373931710912092
5829910130229436e-24
0.0010319330575271836
10390421410981e-21
0.010395534696112551
0.0303060541585339
0.0009047840650440567
0.0003377556548915567
0.00015457507951600126
26181882672975094e-22
0.006164527538519427
0.03171651602515486
0.021992224858314133
11257176079712483e-24
0.9959966057756878
0.07307515355025776
0
0
817863288915678e-19
6662207477425742e-20
10336393269141534e-22
7596610417661997e-22
0.00019352339973930193
0.009858618861065632
0.005422465667861991
1520423391476953e-23
0.00013151727364090062
73287876298809295e-22
0.06037448690044926
0.013606884534746764
0.11395111480604701
3845637393661012e-22
0.065269354199887
0.007753943304196814
0.00012015907882004556
0.14525049926338515
0.0002965204786083973
18549559457239284e-29
8515603459133454e-20
37361715978195667e-22
0.0001247325456891765
0.016644976113138754
0.003920459393683307
0.00016357987477616208
0.00015214004594393167
3799874526180692e-24
0.0005147652670586211
0.023540368056823954
1313513374736044e-23
0.0018094194439685952
0.001804344778237945
44189468915854225e-21
0.12404359072459224
43374419415875574e-21
0.5723771319745037
0.0019146393793797603
0.2357886405404404
0.0033145175336437094
0.0007014088182586322
0.0005696386810851812
4475337353139734e-20
0.7078647247260955
12102148067681065e-21
21568126326815434e-21
0.008377315363296844
0.006489681936151971
2171598526860439e-23
8723830411759686e-20
0.0030657825212872937
0.1572123405973107
0.03130943100917075
0.00010012357886523933
0.023621132419609725
0.00035425613263854756
0
0.13001317584611594
0.012507881577229499
0.6277103324363345
0.5318563035201227
0.5802800825964979
0.05560179566529948
0.03073127470008069
0.9466185053282683
0.6085190128509903
0.9729729840616358
0.5150478564579445
0.289287107821169
0.0007658385189573632
0.016013888644056326
0.16934632711786612
0.4221708336655748
0.1634405491720807
0.0002993294271870604
0.027853075145457856
0.38129250577265295
0.13220821401017957
0.20853848971745714
