0.0003150493987420875
32.92493004781337
142.29452987677257
0
398.90286837279297
0.0055129571921731365
207.97305084956633
0
91.46312036503844
0
698.0421273078784
0
29.09003462671536
0
34.17855045799516
0
27.59086212180622
17.410638779559044
186.102729796938
542.6466080027318
1.3791661719685868
56.24780218862037
1.4602263034972816
1.1104559337285576
0
6.455061457534065
0.6500613195820497
7.579271622743661
0.006505236554344112
2.986468655543623
55.02671124292342
17.33279628013048
50.10616240767016
0.4141651515000557
37.24821783112593
1.6692102474163673
16230275456026534e-21
45.132507398214436
61.21849965206455
64.22113997205662
46.665323043209796
0
2.678961490972977
0
237.4563032114231
34.73085004182804
4.8571242310236755
0
14.5460389608794
0
3.6426827842545135
11.384155544187138
32.18770984382025
31.702293398157366
18.38219193993084
107.06220661418438
1147.7563930225524
2.0127939925998892
0.07810785870456613
0.2462721732100359
13.219782634640694
51.53129484131776
0.9975671039003541
2.2323771518698816
0.004635934732127605
0.0075421591706464714
333.9378784600342
0
272.7752687852243
0
7.315242166337471
0.033117806125939925
287.00603403732885
8.996966321196197
0.0003988186661577283
0.9899076428129439
2.984181477559338
0
6434281331065851e-20
5.931758031093755
0.07668164518743233
0.0019136751393189228
0.04689254403232463
0.008035195556606025
0.0006222389853799026
0.0017368147312552672
0.18431420761882347
0.6788096361086304
0.8385129458531095
0.09610916447808762
0.010689074622961888
0.08736495107702826
0.017455692382479324
2.2880330308878887
0.0251273113807902
3.3443666910091756
0.012602527231117395
0.02684110574318437
10.695288874372592
0.0004587754987624588
0
1.263930576584444
1.5466184839760384
0.22223175510738533
0
2.741902187647418
0.012473789411149558
0.05269350124418328
0
0.0036298574113771192
0
0.1342215514575162
1.2390883363849594
0
0
0
0
1.5110784600572669
0.5659359255133262
1.2118352591690036
5.875640463656842
0.2965213291526134
1.1526961484044762
0.0994611886890412
0.3876321346812745
0.0066431155603496874
5.507944380439577
0.0036992842292540976
1.622682202094663
9047192253628979e-22
0.04362328246128471
1.8413933432612668
0.2571046819493499
0.5232897187477933
0.10443840488824498
0.8721184401356935
0.1996662924722691
0.0004285487137705048
0.01765450826537028
0.9988412109084699
2.3268544184792814
0.1332327237504917
0.08520511527304175
0.23435534089622093
0.023686839149268227
0.2845170100920725
755.9012935704703
0.36360048392337213
0.6326625240954238
0.1561097578730004
42.443947685947045
0.23102454381737494
6.972980509734711
1.990728280085619
2.8126098054560584
0.18435297954676255
0.30643466011693754
2.3964053581378844
4.2284664353796595
0.9236596208129959
3.785449052330339
3.681695403508153
4.4764631421177645
2.158437605118379
2.587458266424066
0.2443519548875384
30.323336642136468
619.5850756089093
4.0023019486706835
10683.329108183107
1.0999999958059496
23.219062716105476
1.1826238613519526
45.434267255562084
1.1826053457576577
1.3878381693117519
63.167469481325334
0.2247328941787575
1.1244881943104537
48.21599627258281
0
0.0008772250609154928
8306340974173048e-22
0
239817458095041e-31
0.020318583606697308
0.033023120028737155
0.05662020209360083
0.027222179789852953
0.02951624837814705
0.04342618672918818
0.032979632008584336
0.047539254303317846
0.031561303854737155
0.029082973386419787
0.04488018054029657
0.03430938737030632
0.026532908347541535
0.03073310045486827
0.026532557644414072
0.03373152644600623
0.03560453530412388
0.04957519375847259
0.03268965106321111
0.02503904859625728
0.0019047852852339534
0.007503780154212939
0.023510151086848334
0.07835952088219336
0.043569152354672694
0.13156676542272758
912077967256887e-19
0.010220072665742774
0.31426660263825196
48061274818254485e-22
0.08056252578042622
0.011059579586467305
0.0012712726807012143
5486382213720401e-21
1204424832710299e-21
0.1158402573380456
0.09898185951227549
0.004162067605578381
0.042431154733715185
0.020714523720052468
0.005819566243477434
0.012268024488427141
0.00048312283426689813
0.6895135205135096
1569913002990872e-24
0.08637928385659902
0.0003420342524464504
0.009730529612669727
0.011047373530641457
0.00015708696149711017
0.00017090495396306614
0.8029811357122065
0.0003936654747167084
0.06055240646976489
0.35137247275959677
13179246155146896e-22
25861727971397577e-22
0.0001447477843326557
1257163484402217e-20
0.0005948472111844086
17003369260865693e-21
14432278941839803e-23
1004405112701638e-21
19077359720297705e-21
0.08372980794459507
0.08470095812227724
43501811997048236e-21
0.00021272952583877025
0.020057927320681318
0.008233860978278265
0.10203613811371283
0.02066207711760885
27829658967420823e-21
0.1639798975423731
0.040392688753580805
5573481663059376e-22
0.4431448192086034
44589656016387515e-23
0.0037797742371515806
0.0009835809678214234
2299456595310469e-27
0.46223646121986584
0.7840873617174423
0.018475575141631246
0.4255797671726387
0.999685000224108
0.007464690281852017
0.2519432433384511
22332184598394482e-26
463063961104167e-20
0.0006298386738951189
9121526160405901e-20
0.1554268990989996
8645608215513123e-22
0.00011182761597810146
0.20251520248414911
0.0009300826398246644
0.012009294686401713
12200899969207849e-21
0.16544175384875076
0.1091703293526692
0.021763990985093754
314701116055083e-19
0.0001534741476103974
12006681091669708e-23
0.013890237106697697
0.2044886603410765
8333314590430546e-24
11103428877576211e-21
9106422656959252e-21
9651206957015948e-20
10586522100171525e-21
0.5452885916125764
0.20244943628439235
0.005184086916360878
0.001550923282348633
0.0439132129975154
0.0059211022503458015
676088624020368e-19
0.029338206464096094
8324416437309606e-20
0.0007215228683575178
0.08942209817101061
9970389353073845e-22
0.883543663376028
0.8957244589484904
0.0018317222022329843
0.0005373931664872216
5829910130228893e-24
0.001031933040550495
1039042141097928e-23
0.010395532973273216
0.03030603951612869
0.0009047840519931765
0.00033775565307288166
0.00015457507913508564
2618188267188227e-21
0.006164526932690268
0.031716499988094636
0.02199221714766547
11257176079710463e-24
0.9959807863218204
0.07307506841714512
0
0
8178632878492999e-20
666220747034977e-19
10336393268971204e-22
7596610417569996e-22
0.00019352339914224359
0.009858617311595534
0.005422465199108941
15204233914765844e-24
0.00013151727336515071
7328787629024653e-21
0.060374428788647766
0.01360688158306917
0.11395090779126177
3845637393637435e-22
0.06526928628317018
0.007753942345688196
0.000120159078589868
0.1452501629040904
0.000296520477206684
18549559457239284e-29
8515603447572846e-20
3736171597597029e-21
0.00012473254544114354
0.016644971696231737
0.0039204591486505114
0.00016357987434957314
0.00015214004557492273
3799874526180461e-24
0.000514765262834189
0.02354035922237891
1313513374735769e-23
0.0018094193917736394
0.0018043447263353491
4418946888472364e-20
0.1240433454152191
4337441938588276e-20
0.572371908172221
0.0019146393209379024
0.23578775414937195
0.0033145173585014858
0.0007014088104154495
0.0005696386759121057
4475337349946716e-20
0.7078567348533764
1210214806534613e-20
21568126319399352e-21
0.0083773142444759
0.006489681264727068
21715985268596873e-24
8723830399626797e-20
0.0030657823714455306
0.15721194655492007
0.031309415381145345
0.00010012357870542248
0.023621123524440502
0.00035425613063783546
0
0.13001290635715945
0.012507879083100554
0.6277040497158861
0.5318517932175333
0.5802747135333683
0.0556017463780634
0.030731259643899434
0.9466042157469924
0.6085131084606921
0.972957887625989
0.5150436267527408
0.2892857735486574
0.0007658385096070898
0.016013884555731137
0.16934586990043826
0.42216799195635
0.1634401232892898
0.00029932942575866425
0.027853062777453693
0.3812901877666633
0.13220793534455852
0.20853779637368916
