0.0003070782703626371
32.964022402136
142.31493543929832
0
418.49780181483084
0.005504235390301727
207.90566412888555
0
91.26745008198193
0
705.1721951370714
0
29.059525314350648
0
34.1791313640424
0
27.584617142094675
17.376936421573866
185.63126462051014
548.1475337302887
1.340810447714392
56.42677385897519
1.4658832237274984
1.110681162513953
0
6.455221173514686
0.6502001563482878
7.602454255793654
0.006503553564753817
2.9839762334934803
55.165833918381914
17.5491813202437
52.257958228107455
0.4130903144057165
37.779367766727134
1.6780552778691276
16975867046216067e-21
45.14161355953075
61.22793673202148
64.81648693058521
46.6588549761848
0
2.6789128239445805
0
238.3923622078779
34.64814881535962
4.856007181340597
0
14.46343397735461
0
3.6400064284717137
11.39156436827178
32.11853255176979
31.622415284170287
18.38288109782541
105.18276574800649
1178.5763203429929
2.0164585253833267
0.07673804118635387
0.2555752446442556
13.10509440982709
51.53619196181439
0.9974335807221506
2.239035919106308
0.004522686912554036
0.007343110214063047
333.94888054279534
0
272.6602764890963
0
7.3357327061638795
0.03293635664449191
287.62917916551487
8.900847257951
0.0003548657143762001
0.9906000595215996
2.983600581098574
0
6447701285590911e-20
5.999757272240313
0.07698181668195261
0.0019136403512681544
0.04691978838694879
0.008043507211593517
0.0006231000913520851
0.0017369093899071571
0.18481065485116815
0.6788130798078917
0.8417796211701681
0.09572595753497808
0.010699790569567604
0.08754603081477812
0.017480489640265835
2.288391186485615
0.025203852760641195
3.349618071296805
0.01264773590515288
0.026931863068230616
10.704770836656914
0.00045818277216412546
0
1.2639209272262675
1.5469001414557195
0.22236697762201038
0
2.7419256644720917
0.013179768542369765
0.05282121504810938
0
0.003615007439385421
0
0.13422162095554716
1.239093070564597
0
0
0
0
1.518896867037436
0.5659304073015774
1.2119602849848998
5.875795192899313
0.29650880686654457
1.1553251029111948
0.09944793730229866
0.38837033686606887
0.0065263406468367095
5.508719262407912
0.0036991251356390587
1.6226429485644325
9047168986044228e-22
0.04319541298919056
1.84110227992112
0.2577079833403781
0.5241468507015651
0.10887309958473819
0.8721347653606839
0.1996649540506594
0.0004301514071426048
0.017719058777610673
0.9988758227277488
2.3270291971394395
0.13322908806923794
0.08549096014154427
0.23525834110874494
0.023776467096731063
0.28570378637596866
767.3630494148102
0.3627566903986811
0.63266354552673
0.15618088031266378
42.506216410441624
0.23167811586498283
7.000588882463373
1.9907332930666393
2.812642955295792
0.18434996220171504
0.307549931637381
2.3964155892126486
4.228549424273013
0.923650124636063
3.7989245497425665
3.6965808660190653
4.492694025699369
2.1569908255943746
2.5984660288904156
0.24513350723822588
30.436163600563344
619.5850784222368
4.0023019500984445
10683.389401597522
1.099999995912064
23.21906272009735
1.1826239403238201
45.43426960588535
1.1805634564078835
1.3876040531767382
63.8863833332837
0.22418356994944444
1.1244884749526225
48.04883477909375
0
0.0008801376430121331
8124408171264823e-22
0
17685330367419054e-33
0.020414114071848847
0.03317860827117065
0.05688295238854775
0.02734761408918723
0.02962591412878582
0.04362922003399661
0.03313553553946592
0.04776123390631426
0.031709858492001725
0.02921918824259087
0.045091372696297795
0.034470946740980224
0.026656523292734
0.030876525976000956
0.026655735523946622
0.033887118761474044
0.035770261670871904
0.049807986338129794
0.03283919987665733
0.025156918274871078
0.0019047853141548746
0.00750378060304208
0.023510155492740884
0.07835956982785515
0.04356916748624516
0.13156690340726726
9120779679199941e-20
0.010220073498328933
0.3142673899737137
4806127482009572e-21
0.08056257751693438
0.011059580561453739
0.001271272693583633
5486382213960335e-21
12044248327218624e-22
0.1158403643062934
0.09898193761114284
0.0041620677436608805
0.04243116908515205
0.020714527140418448
0.005819566513438941
0.01226802568812193
0.00048312283612742094
0.6895173110521948
15699130029908919e-25
0.0863793433338614
0.00034203425337897233
0.009730530367404067
0.01104737450347696
0.00015708696169380824
0.00017090495419589088
0.8029862766431983
0.0003936654759520143
0.06055243569722044
0.3513734570062881
1317924615528535e-21
25861727971930712e-22
0.00014474778449966619
12571634845281974e-21
0.0005948472140049388
17003369263170263e-21
14432278941856407e-23
10044051127096795e-22
19077359723198766e-21
0.0837298638291241
0.0847010153107088
4350181201213286e-20
0.00021272952619949453
0.020057930527649783
0.008233861518694024
0.10203622110680917
0.020662080520676817
2782965897359438e-20
0.1639801118925008
0.04039270175919679
5573481663084138e-22
0.4431463847788714
44589656016545995e-23
0.003779774351032784
0.0009835809755329467
2299456595310469e-27
0.46223816460266576
0.7840922635376449
0.01847557786256706
0.4255812110846302
0.9996929688733434
0.00746469072601711
0.2519437493496705
2233218459839452e-25
4630639611212594e-21
0.0006298386770572404
9121526167038058e-20
0.15542709167124977
8645608215572704e-22
0.00011182761607778374
0.20251552942043619
0.0009300826467201206
0.012009295836027433
12200899970394447e-21
0.1654419720378144
0.10917042435716805
0.021763994760814743
3147011161340265e-20
0.00015347414779815188
120066810916812e-21
0.013890238644643556
0.2044889936804371
8333314590431099e-24
1110342887855894e-20
9106422657620273e-21
9651206964440718e-20
10586522101064884e-21
0.5452909621575135
0.2024497630083639
0.005184087130583372
0.0015509233015221
0.04391322836901779
0.005921102529809721
6760886243847248e-20
0.0293382133251525
8324416442833272e-20
0.0007215228725072503
0.08942216191245576
9970389353153085e-22
0.8835498877874418
0.8957308561909743
0.0018317222289777795
0.0005373931687892154
5829910130229164e-24
0.0010319330490388395
1039042141098014e-23
0.010395533834692848
0.03030604683733041
0.0009047840585186167
0.0003377556539822192
0.00015457507932554345
2618188267242868e-21
0.00616452723560484
0.031716508006623734
0.021992221002989466
11257176079711472e-24
0.9959886960173463
0.07307511098368905
0
0
8178632883824889e-20
6662207473887756e-20
1033639326905637e-21
7596610417615996e-22
0.00019352339944077275
0.009858618086330552
0.005422465433485461
15204233914767687e-24
0.00013151727350302567
73287876294527916e-22
0.06037445784454152
0.013606883058907887
0.11395101129860738
38456373936492234e-23
0.06526932024151975
0.007753942824942489
0.00012015907870495678
0.1452503310836404
0.0002965204779075407
18549559457239284e-29
8515603453353151e-20
3736171597708298e-21
0.00012473254556516
0.016644973904685098
0.003920459271166907
0.00016357987456286761
0.00015214004575942722
3799874526180576e-24
0.000514765264946405
0.02354036363960102
13135133747359064e-24
0.001809419417871117
0.0018043447522866469
4418946890028893e-20
0.12404346806984502
4337441940087917e-20
0.5723745200674029
0.001914639350158831
0.23578819734448964
0.0033145174460725967
0.0007014088143370409
0.0005696386784986435
44753373515432244e-21
0.7078607297784629
12102148066513598e-21
2156812632310739e-20
0.008377314803886354
0.006489681600439511
21715985268600632e-24
8723830405693242e-20
0.0030657824463664112
0.15721214357599195
0.031309423195157074
0.0001001235787853309
0.023621127972024696
0.0003542561316381915
0
0.13001304110156786
0.012507880330164964
0.6277071910682498
0.5318540483640469
0.5802773980587234
0.05560177102167598
0.03073126717198914
0.9466113605106667
0.6085160606486799
0.972965435814533
0.5150457416010007
0.28928644068414394
0.0007658385142822264
0.0160138865998936
0.1693460985089979
0.4221694128085714
0.16344033623054655
0.0002993294264728623
0.027853068961455087
0.3812913467678966
0.13220807467729562
0.208538143045285
