0.005560303511472115
37.87084236810607
129.21888082070075
0
142.6754329297064
0.004075167881144381
193.6671074639013
0
133.68645251132892
0
38.67199981106344
0
4.875732582867561
0
33.32226349216507
0
30.655983810759007
12.479247195385117
75.74854518686605
0.10955446536069609
0.023649356931061304
1.6748630725465168
2.569504673721222
0.9557772751368866
0
6.347469807268498
0.5450708632521487
0.4779630740406487
0.006985086855308163
3.7717179067985973
4.141247476476526
16.688364020405512
7.230733818795159
0.9448846130204425
31.814389355517953
3.051659707935197
3545000448231919e-21
38.88129642096176
54.80948239247548
0.0011480629579609064
36.88462937550524
0
2.9410174103373996
0
8.55109647715246
15.281548731228904
4.491751900412715
0
17.799529217298026
0
0.0886094526778016
0.006510923226095116
33.24982279186562
32.94029999382637
18.484009712706083
20.83683762766365
61.686140900523164
0.052564388456661545
0.1558002125493722
0.009042184971499542
20.262787027570177
49.83124356307679
1.1015297085226197
0.472239923138296
0.001578790260381534
0.10332353885850819
69.91431015885175
0
177.41448065829013
0
11.75359990396238
0.008643375877356198
22.792882800322143
15.858642944584773
0.28044426540240996
1.1554562494803853
2.9997628833059444
0
3426855172194141e-20
0.00041098616007096604
0.13176892631294881
0.0032542237541251053
0.009459631871266154
0.008041779547559488
0.0007767861463524771
0.0016546782249161895
0.4352376991480249
0.6763613974256292
0.06336783775783156
0.14081469919537715
0.0001377989529003716
0.15229789882452652
0.030786978724707134
2.198977984690007
0.056351372892309994
0.09902577494099751
0.026296056391657635
0.05604288799880978
0.6013550119998131
0.0006583890121882363
0
1.2630947740496883
1.428586331241271
0.04341151660023376
0
2.7106482932675386
12027521395902268e-21
0.00262610119527584
0
0.00018882307130328236
0
0.13415896710604974
1.2355280327803522
0
0
0
0
2.24600111251335
0.5717590487752741
1.1727089437958325
5.77211861852237
0.30453152155433894
1.5197140416188593
0.10770594820845508
0.0096510564912908
0.02177796553966301
4.911201931818112
0.0037926372972079923
1.6460642932957257
9062075028419308e-22
0.07076164413421294
2.0132427505611923
0.5087853944572547
0.6074454526700873
0.0031113089244874815
0.8613894734739912
0.20053753011411554
0.001339385884926902
0.02887638376981757
0.9778101715491965
2.3149296752691995
0.13560056896145625
0.13310838558212457
0.40509284702901677
0.038693948432855195
0.523564536751428
0.5241214742511342
0.40025258778174855
0.6320751708843653
0.14682675276551937
1.5825258397890687
0.361129772712928
12.329513321168372
1.993954981102458
2.804791483261135
0.187567475290848
0.5102838462091451
2.402953063031905
4.2089164761069195
0.9336671311627548
6.157561290846724
7.158843181198484
6.631124304604686
2.1976653148293512
4.6864339410666265
0.38008388408600113
44.42738075168801
619.5832243533388
4.00230100915914
10643.727829541955
1.0999999259792261
23.219060089326007
1.1825718965134913
45.43272069502292
1.2602751651710902
1.3965742294498051
1.1000028887125333
0.47901220956476886
1.1243035394955723
48.60929899279194
0
0.001400797518315758
17444207339103654e-21
0
11700988726565922e-21
0.040274822849228856
0.06519481510205535
0.10917027264016183
0.052988469263799846
0.047881789911330845
0.08502375930556805
0.06446138866438549
0.09233148776043726
0.06225158923083423
0.05713649522125935
0.08870648714715482
0.06768064126788227
0.05188233576422915
0.06049377554166429
0.05169996330536806
0.06495422056653521
0.06953476132138212
0.09918388393114876
0.06447786639785623
0.04943298432832405
0.0019047662544500051
0.0075034848162900845
0.023507252049488385
0.07832731971984629
0.043559196441711225
0.13147599861126866
9120775309115188e-20
0.01021952481247285
0.3137489385185376
480612736066606e-20
0.08052848872794469
0.01105893803325202
0.001271264203691372
5486382055836191e-21
1204424825101334e-21
0.11576989026750328
0.09893048135131016
0.004161976743927677
0.042421712087638876
0.020712273133715358
0.0058193886029995106
0.012267235076821778
0.0004831216099857065
0.6870237393084099
15699130029779597e-25
0.08634015481902765
0.0003420336388181376
0.00973003298634254
0.011046733392744612
0.000157086832063622
0.00017090480075710438
0.7996053675455776
0.00039366466184727247
0.0605331769399661
0.3507254048069093
1317924606404071e-21
25861727620579857e-22
0.00014474767443454245
12571634015030784e-21
0.0005948453551894315
1700336774438631e-20
1443227893091443e-22
10044051074100714e-22
1907735781131021e-20
0.08369304224680887
0.08466333470011421
4350180207089038e-20
0.00021272928847093804
0.020055817145366528
0.008233505375339565
0.10198154067072941
0.020659837912984032
27829654905024753e-21
0.1638389091287821
0.040384131555616355
5573481646765664e-22
0.44211582290239976
4458965591209931e-22
0.0037796993004684844
0.0009835758934087792
22994565953104413e-28
0.4611169415397058
0.7808684448171265
0.01847378476685365
0.4246306889490497
0.9944551263645874
0.007464398012929658
0.2516104922484922
22332184598368306e-26
46306394985685955e-22
0.0006298365931228557
9121521796237908e-20
0.15530023219998093
8645608176306656e-22
0.0001118275503840356
0.20230018248924614
0.000930078102407837
0.012008538220248248
12200899188389073e-21
0.16529824093293896
0.10910783131677364
0.02176150658351497
3147010641077732e-20
0.0001534740240620792
12006681084108123e-23
0.013889225126694079
0.20426943029856962
8333314590066284e-24
11103428230909136e-21
9106422221986426e-21
965120207128335e-19
1058652151231255e-20
0.543730930637573
0.20223455588839168
0.005183945953116682
0.0015509106656534735
0.043903099230299204
0.0059209183571243724
6760883842620298e-20
0.029333692020280504
8324412802563788e-20
0.0007215201377076921
0.08938016413826154
9970389300931473e-22
0.8794572975000206
0.8915247627094641
0.0018317046033981153
0.0005373916517047402
58299101300506315e-25
0.001031927454967174
1039042141041297e-23
0.010394966147439504
0.030301222317747584
0.000904779758057839
0.0003377550547006277
0.00015457495380788658
26181882312324796e-22
0.006164327608566422
0.031711223982358615
0.021989680369311947
11257176079045721e-24
0.9907895536512789
0.07304706366316926
0
0
817862936994131e-19
6662205142243665e-20
1033639321293042e-21
7596610387300424e-22
0.00019352320270071434
0.009858107524696607
0.00542231097415628
1520423391355335e-23
0.0001315171826391028
7328787347296134e-21
0.06035531212504099
0.013605910469310704
0.11388281707290089
3845637385880251e-22
0.0652469444476414
0.007753626987655836
0.00012015900285783921
0.14513953766355872
0.0002965200160212131
18549559457239284e-29
8515599643951249e-20
37361715243786576e-22
0.00012473246383441314
0.01664351852773588
0.003920378529824473
0.0001635797339951481
0.00015213992416520096
3799874526104717e-24
0.0005147638729312238
0.02353745273050336
13135133746452745e-24
0.0018094022188910603
0.0018043276496430196
44189458642268864e-21
0.12396266109125068
4337440951777592e-20
0.5706557804739673
0.0019146200927409565
0.23549629832683475
0.0033144597344477392
0.0007014062298893044
0.000569636973891167
447533629939352e-19
0.7052328306835168
12102147297115814e-21
21568123879390806e-21
0.008376946142837094
0.006489460359107542
21715985266123183e-24
8723826407715582e-20
0.0030657330715378687
0.15708235399323606
0.031304273937585884
0.00010012352612317315
0.023618197055210247
0.0003542554723725875
0
0.12992427055594852
0.012507058502309622
0.6256403457401664
0.5303699070804477
0.5785109012890609
0.055585532471123016
0.030726306323062096
0.9419144094201414
0.6065735778233495
0.9680036170200166
0.5136538710783943
0.28884711076704767
0.0007658354332257588
0.016012539488875766
0.16919550514795348
0.4212340624693569
0.1633000613595079
0.0002993289557941603
0.02784899380700581
0.38052829175378694
0.1321162818374989
0.20830980043498312
