0.005853578442105986
37.861647939583186
128.49826070384984
0
140.1455606672998
0.003975199413818664
192.3941075481863
0
134.46741230619872
0
39.29757056675534
0
5.356803829812589
0
33.24749106865747
0
30.765318516840146
12.159385510287951
76.12063706015216
0.10250124024335167
0.016692028065419598
1.6774526182126173
2.567339059315987
0.9475303889017255
0
6.341307308079215
0.5394010907092883
0.4685761519386106
0.00699211246024221
3.788036870762796
4.060954191158422
14.711881874865023
7.010055002234475
0.9593649252034226
27.432014623972915
3.100235993108642
3436253367700077e-21
38.519723167593376
54.43878023798449
0.0009911681546596947
36.253630072761474
0
2.9491504157847475
0
8.672906161784082
16.3214668983878
4.491738345215905
0
17.756566788411167
0
0.08950160189846597
0.006097999458202725
33.249621149270965
32.94029953922756
18.491319859784745
23.239093978525588
61.68591207754962
0.053192632293921724
0.15729501575588095
0.00904219517191058
20.25434346292159
49.791499447469675
1.106032055403672
0.4356305098894002
0.0016667653993290969
0.10727168934647405
64.49978504667854
0
167.74016181760942
0
11.810707482256616
0.007968400325585124
22.255563214697997
15.857767269420622
0.283235540009589
1.158641767882691
2.99961934650915
0
32342779119850555e-21
0.0003849210723249373
0.13147569967638753
0.0033127508945563137
0.008724562086866434
0.00810866315068669
0.0007958856412677749
0.0016500784253481715
0.44152330081144486
0.6762204497327912
0.06413021986658791
0.14233746187367757
0.00012964386577697464
0.15307790432803708
0.030780280601979525
2.1967985737815936
0.0570432563767918
0.09979529644004205
0.02644557079871501
0.056099677060357504
0.60668324695077
0.0006678254071078892
0
1.2629925196505618
1.4251593368023654
0.040012123443565265
0
2.708687161398001
12138727925790213e-21
0.002663892532132962
0
0.00021034751169900323
0
0.1341549661717962
1.2353174378893363
0
0
0
0
2.196537022804737
0.572118056794381
1.171351150441105
5.766242668924805
0.3049662171803705
1.5180029579437293
0.1080439121786762
0.009743533177882704
0.0221653772010473
4.879422391522198
0.00379683177075802
1.6472337313563168
9062906029271143e-22
0.07064638525802983
2.018990773083701
0.510671631494251
0.6057156867062332
0.003111389225312725
0.8608133412600179
0.20058570173352705
0.0013619431884385217
0.028828599158310392
0.9766810279545497
2.3134077719384867
0.13573264309866773
0.1329067924921167
0.40457092848834914
0.03856438617720949
0.5227326974836808
0.5234943830762938
0.4003594491232881
0.632042777397181
0.1468644464872046
1.5971837906061839
0.36063785369406476
12.314377483945968
1.994297055638489
2.804782722906837
0.18776722952997463
0.5097413046566113
2.4036492075554388
4.208893462859165
0.9342842883382367
6.143741032708347
7.164338288307585
6.5788715884137385
2.1982301134983073
4.665194570381617
0.3799042751365011
44.204805438992764
619.583120845295
4.002300956628767
10641.517963974211
1.0999999220750447
23.21905994245638
1.1825689911002324
45.43263422461104
1.2605340124848403
1.396600016944724
1.1000004075880188
0.4888656998662438
1.1242932158319685
49.21979328972008
0
0.0014006322034808816
1849859072313998e-20
0
14565863651980136e-21
0.04011358277059612
0.0649201166278681
0.10867482287525257
0.05277802095660334
0.04771857894016335
0.08466673829749151
0.06416346785654212
0.09191626639487828
0.061983666421224014
0.05689738622362286
0.08833690747976831
0.06739157124178874
0.051667857884050976
0.06025221689594554
0.051487233425361496
0.06466394193576205
0.06924584469304272
0.0988535026635835
0.06422002547826215
0.04922383242216157
0.0019047651903981435
0.007503468303570753
0.02350708996780287
0.07832551966511687
0.04355863984953454
0.13147092546668496
9120775065143928e-20
0.010219494181529341
0.3137200198412693
4806127353891741e-21
0.08052658605800965
0.011058902163548052
0.0012712637297227771
54863820470084994e-22
12044248246758977e-22
0.11576595713525946
0.09892760946058482
0.0041619716636900755
0.04242118418833748
0.02071214730517099
0.0058193786708478695
0.012267190940396057
0.0004831215415332553
0.6868847952710687
15699130029772374e-25
0.0863379675425579
0.0003420336045087168
0.00973000521950344
0.011046697602170913
0.00015708682482668365
0.00017090479219099001
0.7994170396166992
0.00039366461639781235
0.06053210195041085
0.35068926085768914
13179246058946746e-22
25861727600964772e-22
0.00014474766828987377
12571633968679859e-21
0.0005948452514164035
1700336765959626e-20
14432278930303566e-23
10044051071142068e-22
19077357704574074e-21
0.08369098706373375
0.08466123157635654
43501801515894795e-21
0.00021272927519913232
0.020055699166879475
0.008233485493166657
0.10197848885725878
0.020659712720764223
2782965467788632e-20
0.16383102970256108
0.04038365315535724
5573481645854645e-22
0.44205835979705355
44589655906268314e-23
0.0037796951106199034
0.000983575609686784
22994565953104393e-28
0.46105442656894535
0.7806888579264494
0.018473684667761576
0.4245776861966003
0.9941635203688386
0.007464381671800283
0.25159190030320033
22332184598366838e-26
4630639492279953e-21
0.0006298364767820143
912152155222671e-19
0.1552931529932189
8645608174114531e-22
0.00011182754671651274
0.20228816693913892
0.000930077848710466
0.012008495925790086
12200899144731596e-21
0.16529022045221836
0.10910433795575393
0.021761367682944666
3147010612032728e-20
0.00015347401715419475
12006681083685334e-23
0.013889168546604172
0.204257179553415
8333314590045916e-24
11103428194752408e-21
910642219766604e-20
9651201798110215e-20
10586521479443921e-21
0.5436439694862021
0.20222254813703475
0.005183938071631575
0.0015509099602263527
0.04390253381371037
0.00592090807537514
6760883708565597e-20
0.029333439627240252
8324412599336345e-20
0.0007215199850307155
0.08937782008494886
997038929801607e-21
0.8792293775420619
0.8912905295815335
0.0018317036194093928
0.0005373915670096889
5829910130040664e-24
0.0010319271426645008
10390421410381308e-24
0.010394934455739175
0.030300952999059442
0.0009047795179740593
0.0003377550212442091
0.0001545749468005407
26181882292221066e-22
0.006164316464059518
0.03171092901393906
0.02198953854049477
11257176079008558e-24
0.9905000992277505
0.07304549816602705
0
0
8178629173769686e-20
6662205012073607e-20
1033639320979704e-21
7596610385607977e-22
0.00019352319171719596
0.009858079022047833
0.005422302351193095
1520423391348556e-23
0.00013151717756639038
73287873315440034e-22
0.060354243444524475
0.013605856174021585
0.11387901115630844
384563738544653e-21
0.06524569548698853
0.007753609355598904
0.00012015899862347846
0.14513335482469147
0.0002965199902352315
18549559457239284e-29
8515599431281552e-20
37361715202848397e-22
0.00012473245927158367
0.016643437281291668
0.003920374022278524
0.00016357972614759397
0.0001521399173768906
3799874526100481e-24
0.0005147637952184751
0.023537290232058458
13135133746402148e-24
0.0018094012587181873
0.0018043266948483373
44189458069588364e-21
0.12395815138374629
4337440896602609e-20
0.5705599796280937
0.0019146190176513413
0.2354800129610155
0.0033144565125761425
0.0007014060856060838
0.0005696368787271817
44753362406545396e-21
0.7050864092628709
12102147254162193e-21
21568123742963997e-21
0.008376925561855538
0.006489448007958381
21715985265984872e-24
8723826184518159e-20
0.0030657303150833787
0.1570751113117616
0.03130398649188044
0.00010012352318317234
0.023618033439892203
0.0003542554355674106
0
0.1299193164966079
0.012507012623228514
0.6255251595168914
0.530287173208489
0.5784124406651391
0.05558462605168522
0.03072602939440079
0.9416528778790869
0.6064653166116628
0.967727357565589
0.5135762772463015
0.28882260370752544
0.0007658352612181519
0.01601246428624749
0.16918710183073457
0.4211819052286216
0.16329223370002846
0.0002993289295173222
0.027848766318507134
0.3804857372615664
0.13211115914276392
0.2082970599876403
