0.0006398751711764599
32.50645670134741
141.45950939291
0
142.50746742810804
0.005557003365829735
208.11107324005445
0
98.50123355175825
0
429.94059423819624
0
29.445927779867024
0
34.156272642602396
0
27.847021354069042
18.35518392614972
195.84133331731132
370.12064192786147
1.8349614908689664
46.24761111367892
1.4013640553795803
1.1011008196898293
0
6.4485436027549765
0.6442126246150313
6.61205020311607
0.006555464666461423
3.0716281665534875
49.088101499378816
10.959840021430953
22.717542838828315
0.44991227025490665
22.3664477047017
1.4679946373574488
5821148858925961e-21
44.760248523927714
60.83321131113876
40.45723018584073
46.74639347948592
0
2.6865843869416643
0
189.7420101339739
37.37117315322034
4.690557562652664
0
16.890817138364877
0
3.1608496881750505
10.68272287097177
33.227574193259436
32.91036455942488
18.367126882929515
158.78299439416085
112.9876657084892
1.6890400312876337
0.13388554451554113
0.01798976735542795
17.6548042671838
51.322109275675274
1.003609757083929
1.97553209161971
0.00809118833847506
0.01596397276038512
328.7783896845768
0
276.98067192903284
0
6.93369992574426
0.03908601213196738
256.5733149400064
13.021208957465294
0.009021793893546116
0.9650617573288767
2.9949077762634113
0
6398446719016262e-20
3.4529102062247103
0.0735302008579478
0.0019653821388969438
0.045656055533368205
0.007714347266157731
0.0005900893791223671
0.001732731387833606
0.18338559061167956
0.6786721632239963
0.737742209131474
0.1047903282833911
0.009692273723995726
0.08700757890598133
0.017887048318258075
2.273757181675438
0.024706749037226063
2.883850336947772
0.012248256739075225
0.026244184070484875
9.854925392386782
0.0004757537597097143
0
1.264230411095813
1.5347847280024352
0.21610926330700458
0
2.7408824940181398
0.0005578360918958037
0.04496788900543936
0
0.0038176185985912253
0
0.13421877038902746
1.2388974680690792
0
0
0
0
1.4101880983402062
0.5661471473756329
1.2068449806323025
5.869327182888601
0.2970306902579041
1.1244544261747176
0.10001752839605804
0.3246261572211977
0.011201107343537131
5.475166158429038
0.003705824463012164
1.6242729186322695
904812954815819e-21
0.060994269376212336
1.8537685676294218
0.25586635663436996
0.5133107797396878
0.006614069231161514
0.8714259974694409
0.19972079581277102
0.0004228844072443031
0.01696436027525616
0.9974485420611067
2.3237556316258083
0.13338017119570242
0.08218201519922295
0.22496706732087002
0.022723509245872346
0.2722692644199538
365.8022082794885
0.385530680445779
0.6326229226205606
0.15333894395950634
37.41459035722536
0.2259016787460116
6.686754620247463
1.9904925517589838
2.8112073033977123
0.18446845780423815
0.29483022812707016
2.3959245134127327
4.224956585091796
0.9240232327447163
3.6471363557116687
3.54055339648949
4.29641910319249
2.193883146474526
2.474696225877415
0.23625871714704025
29.004186971304595
619.5849609650139
4.002301890489023
10680.87242365669
1.0999999914817524
23.21906255343547
1.182620643230138
45.43417147931718
1.2275013839109292
1.3925015284800737
35.41281210745859
0.24653425580479507
1.1244767581756472
50.17889553084681
0
0.0008470599405399008
1548615715437256e-21
0
6753467085483396e-29
0.019320349096685938
0.031391933081020125
0.05384631576277603
0.025915683166801023
0.0283507163984838
0.04129274315894
0.03132443466754774
0.0451973053618667
0.03000412573448596
0.027654500770223776
0.04266822830377038
0.03261416860422622
0.0252367181447276
0.029235609571575907
0.025240703766681825
0.03209855195945801
0.03386666768831184
0.047149786405679545
0.031181093056051577
0.023803298954888495
0.001904784106698475
0.007503761864319275
0.023509971546163022
0.07835752635841525
0.04356853574321618
0.1315611426361809
9120779402350779e-20
0.010220038737675177
0.31423452016979797
4806127474322342e-21
0.08056041753111168
0.011059539855563067
0.0012712721557390635
5486382203943016e-21
12044248322390936e-22
0.11583589843522855
0.09897867701340433
0.004162061978680721
0.042430569912667415
0.02071438433963613
0.005819555242479129
0.012267975600619537
0.00048312275845006485
0.6893590726976125
15699130029900711e-25
0.08637686017590028
0.0003420342144459162
0.009730498857078348
0.011047333887387994
0.00015708695348160736
0.00017090494447539133
0.8027716692929202
0.00039366542437764145
0.060551215454551464
0.35133236676926094
1317924614950491e-21
2586172794967226e-21
0.00014474777752693154
12571634792684777e-21
0.000594847096247006
17003369166953842e-21
1443227894116323e-22
1004405112373944e-21
19077359602078746e-21
0.08372753066570411
0.08469862771010073
43501811382345456e-21
0.00021272951113915248
0.020057796636230796
0.008233838956210953
0.10203275617860652
0.020661938442087954
27829658715846555e-21
0.16397116295140915
0.040392158774553544
557348166205035e-21
0.4430810264749832
4458965600992924e-22
0.0037797695964627218
0.0009835806535746854
2299456595310469e-27
0.4621670532206659
0.7838876372011989
0.018475464263055633
0.4255209315111458
0.9993603295052823
0.007464672182019306
0.25192262410032784
22332184598392866e-26
4630639604076485e-21
0.0006298385450377767
9121525890143581e-20
0.1554190519274199
8645608213085175e-22
0.00011182761191602006
0.20250188018545814
0.0009300823588328828
0.012009247838916859
1220089992085364e-20
0.165432862826476
0.10916645796236546
0.021763837123935554
31470111283811256e-21
0.00015347413995934908
12006681091201423e-23
0.013890174435106825
0.20447507712855284
8333314590407997e-24
11103428837529698e-21
9106422630022437e-21
9651206654454394e-20
10586522063766859e-21
0.5451919999911076
0.20243612263718255
0.005184078186740219
0.0015509225010245445
0.043912586608952454
0.0059210908621219775
6760886091727176e-20
0.02933792687544049
8324416212218641e-20
0.0007215226992547451
0.08941950072745153
99703893498448e-20
0.8832900541199269
0.8954638083408246
0.0018317211123752256
0.0005373930726803194
5829910130217848e-24
0.0010319326946480881
10390421410944214e-24
0.010395497870236399
0.03030574117655885
0.0009047837860796598
0.00033775561601711906
0.00015457507137387537
26181882649615806e-22
0.006164514588847043
0.031716173232453876
0.02199206004267969
11257176079669314e-24
0.9956585173851386
0.07307333383933876
0
0
8178632661216924e-20
6662207326175823e-20
10336393265500732e-22
7596610415695472e-22
0.00019352338697709384
0.009858585740972639
0.005422455648206999
15204233914690733e-24
0.00013151726774670628
7328787611577896e-21
0.0603732447645216
0.013606821442353428
0.11394668991715891
384563739315705e-21
0.06526790248569433
0.007753922815963157
0.00012015907389996727
0.1452433097047383
0.00029652044864657365
18549559457239284e-29
8515603212023804e-20
37361715930627936e-22
0.00012473254038743658
0.016644881701371825
0.003920454156075423
0.0001635798656577629
0.0001521400380563124
3799874526175771e-24
0.0005147651767607851
0.02354017922001358
13135133747301648e-24
0.0018094183282942426
0.0018043436688128188
4418946825043338e-20
0.12403834730712923
4337441877477492e-20
0.5722654828311748
0.0019146381301770336
0.23576969452957344
0.0033145137899555197
0.0007014086506094942
0.0005696385705099594
4475337284888517e-20
0.7076939596856526
12102148017771517e-21
2156812616829561e-20
0.0083772914483709
0.006489667584363331
21715985268443706e-24
8723830152417425e-20
0.003065779318399667
0.15720391809965167
0.031309096959580576
0.00010012357544913134
0.023620942284818734
0.00035425608987304136
0
0.1300074156025824
0.012507828264973193
0.6275760520765581
0.5317599034827415
0.5801653289177051
0.05560074215305944
0.03073095287364901
0.9463131104429482
0.6083928181345309
0.9726503465819198
0.514957453465002
0.2892585888945609
0.0007658383190939513
0.016013801255745194
0.16933655429844952
0.42211009588769133
0.16343144610787774
0.0002993293966548892
0.02785281077878742
0.3812429611300688
0.1322022576203876
0.20852366989675422
