0.0008967176932333502
32.991414260147145
140.7992671667295
0
124.75862893393068
0.005468504176522724
207.25317795763675
0
102.99467074718895
0
345.1362462187878
0
29.19255933662353
0
34.139766062075296
0
28.04876682593869
18.669686822711128
197.08123696164668
251.21398782058301
1.5794963365129233
37.65326210924907
1.470101953661733
1.09350479911036
0
6.443376730401703
0.6393360376888411
5.82985125757861
0.006582905474739147
3.125116012070349
44.085785466490876
10.32247573088719
20.939482865859354
0.47232177702629713
20.937554822455617
1.3416624842849632
55703441580348174e-22
44.46429268483092
60.52754703297957
23.797212327929856
46.57334798622886
0
2.6978183130444777
0
151.86608771238983
38.695956637393515
4.5173841755415465
0
17.73915377305712
0
2.5278621112317126
9.310725787246778
33.25065793304554
32.9375364864604
18.366563115256103
177.74004855058874
63.425656797521256
1.3608111041917266
0.1507666447988193
0.009670647754908435
18.97707672678297
51.155293495423095
1.0089362790294
1.839997007297954
0.009136406032599216
0.022763285963789726
321.3078361708509
0
279.5915393482212
0
6.986693775150392
0.039801239427667924
230.5827149895591
14.356784778126427
0.03595914534118246
0.9535975509854681
2.997569249857183
0
6709149277270719e-20
1.9444274409360776
0.07709112594431135
0.002042588657666944
0.044464114462580494
0.007504210357188259
0.0005708561062643394
0.001729198916323146
0.19616737373016457
0.6785645604085221
0.6711339696133153
0.10831938942265001
0.008487525714153536
0.09159354164531815
0.019188608938000878
2.263319139335891
0.02625651985886625
2.3924226707085423
0.01298340585173907
0.027882699926113905
8.83630668744788
0.0004863465771803813
0
1.264348969246323
1.5253322235007598
0.21023183975125861
0
2.7399344127447356
0.00024961360306567274
0.03789255416480029
0
0.003699647490766093
0
0.13421653571078343
1.2387462050707017
0
0
0
0
1.4023071191225986
0.5663170985242126
1.2031489141856782
5.8643242960652735
0.2974321703312523
1.15600648227903
0.10047845121481944
0.26125125637179414
0.01318495929014688
5.447632051249298
0.0037110546749890903
1.625518081318295
9048862033687067e-22
0.0664571630696773
1.8641619164336316
0.2711067995490956
0.5225786427649272
0.0034368335203973084
0.8708697116356624
0.1997638390008804
0.0004597855672331001
0.01771748298609758
0.996362692778006
2.3241456814687145
0.13349624148276926
0.085592207238628
0.23585746964482301
0.023756054436881547
0.286598436327635
181.74011615950278
0.3927628948089033
0.6325932367630526
0.15144092552324034
31.935012391669126
0.23639446440042944
7.020126820536429
1.9903163352656423
2.810119115335005
0.1845614266270671
0.3083387852007598
2.395565053145174
4.222234908049314
0.9243157823909652
3.813283650722074
3.7405036208556663
4.474856084524967
2.204372231704481
2.60834726618768
0.2458906749532639
30.132282263989588
619.5848703151185
4.002301844484285
10678.930302102019
1.0999999880625715
23.219062424810872
1.1826180986398391
45.43409574836245
1.2412845623244901
1.3938198752816193
19.318114205604925
0.263002878905003
1.12446771566394
49.41770667600896
0
0.0008828669676406256
2123172844616213e-21
0
2392584853154958e-27
0.020438918709387188
0.033202052745942436
0.056882595121303794
0.027392795347975778
0.029636465690657175
0.04365296131173741
0.033107690520750424
0.047763098916616155
0.03173541678417034
0.029242045107130105
0.045132636518675676
0.03449433428602017
0.026678574024710414
0.03091827542238438
0.02667766702778901
0.033911994901147595
0.035799725003088874
0.04988838872245987
0.03301937496266234
0.02517671168090005
0.001904783174820888
0.007503747402375171
0.023509829582775154
0.07835594930731234
0.0435680481894312
0.1315566968207961
9120779188687024e-20
0.0102200119105411
0.31420915460577964
4806127468389573e-21
0.0805587505593699
0.011059508440097626
0.0012712717406471441
5486382196211954e-21
12044248318665075e-22
0.11583245192953492
0.098976160656715
0.004162057529449905
0.04243010749535951
0.02071427413101038
0.005819546543910212
0.012267936944749014
0.00048312269850105355
0.6892369739787743
15699130029894385e-25
0.08637494379894582
0.0003420341843985711
0.009730474538437483
0.011047302541228448
0.0001570869471436809
0.00017090493697340586
0.8026060810850526
0.0003936653845741144
0.06055027372520006
0.3513006578598891
13179246145043745e-22
25861727932493875e-22
0.00014474777214558735
12571634752091834e-21
0.0005948470053650324
17003369092696923e-21
14432278940628244e-23
10044051121148346e-22
19077359508602033e-21
0.083725730045618
0.08469678507861392
4350181089629468e-20
0.00021272949951603958
0.020057693303518587
0.008233821543215301
0.10203008213289207
0.02066182879082405
27829658516924632e-21
0.16396425676486537
0.04039173972051767
5573481661252499e-22
0.44303059151528246
4458965600482257e-22
0.003779765927034304
0.0009835804050971674
2299456595310469e-27
0.4621121790994099
0.7837297493323604
0.018475376590886747
0.42547441540796116
0.9991036842379284
0.007464657870357534
0.25190632148672776
2233218459839158e-25
4630639598569053e-21
0.0006298384431491905
9121525676444848e-20
0.15541284738208788
8645608211165368e-22
0.00011182760870409758
0.20249134675017003
0.0009300821366503329
0.012009210796338477
1220089988261956e-20
0.16542583295724236
0.10916339691806856
0.021763715465369232
3147011102944266e-20
0.00015347413390959981
12006681090831148e-23
0.013890124880343009
0.20446433740477754
8333314590390163e-24
11103428805864582e-21
9106422608723267e-21
9651206415216393e-20
10586522034981368e-21
0.5451156362816998
0.2024255960420904
0.005184071284164756
0.0015509218832251705
0.04391209132447316
0.005921081857371308
6760885974325534e-20
0.02933770580418073
8324416034237286e-20
0.0007215225655437614
0.08941744695998355
9970389347291572e-22
0.8830895746450371
0.8952577633701718
0.0018317202506158146
0.0005373929985064094
5829910130209121e-24
0.0010319324211401726
1039042141091649e-23
0.010395470114048271
0.030305505278983416
0.0009047835758196185
0.00033775558671681296
0.00015457506523702022
26181882632009476e-22
0.006164504828481917
0.031715914866351655
0.021991935819215574
11257176079636776e-24
0.9954037704006429
0.0730719623229512
0
0
8178632489414866e-20
6662207212176253e-20
10336393262756593e-22
7596610414213269e-22
0.0001935233773580062
0.009858560777882127
0.005422448096238892
1520423391463136e-23
0.00013151726330415435
7328787597782596e-21
0.060372308562936995
0.013606773888762264
0.11394335491848852
3845637392777206e-22
0.06526680832594145
0.007753907373677021
0.00012015907019162263
0.14523789105019744
0.00029652042606385167
18549559457239284e-29
8515603025773167e-20
3736171589477536e-21
0.00012473253639142733
0.01664481054200931
0.003920450208408014
0.00016357985878507448
0.00015214003211128308
37998745261720606e-25
0.0005147651087018172
0.023540036891575113
1313513374725734e-23
0.001809417487392412
0.0018043428326211298
4418946774889463e-20
0.12403439540280556
43374418291566784e-21
0.5721813454116311
0.0019146371886327336
0.2357554156127121
0.003314510968278361
0.0007014085242495814
0.000569638487167593
44753372334464404e-21
0.7075652784657391
1210214798015385e-20
21568126048816557e-21
0.00837727342333923
0.006489656767202898
21715985268322603e-24
8723829956946866e-20
0.0030657769043322906
0.15719757022152897
0.03130884518321308
0.00010012357287435424
0.023620798978081066
0.00035425605763997266
0
0.13000307418005058
0.012507788082790546
0.6274748617246796
0.531687256721772
0.580078852162748
0.05559994811658309
0.03073071030995092
0.946082994364272
0.6082977203775671
0.9724072400656285
0.5148893257153333
0.28923709556415894
0.0007658381684536133
0.016013735390039183
0.16932918873491543
0.42206432259121834
0.16342458531231646
0.0002993293736422868
0.027852611522896448
0.38120562276504577
0.13219776836785194
0.2085125006478561
