0.009082377559331702
37.60725821299025
120.59746545566286
0
121.77787657414794
0.002733081052015117
171.50033320023246
0
139.96784498732984
0
57.67328907765927
0
13.21439829379509
0
32.53865581756267
0
31.684087187576697
8.6290381100553
61.33113992673825
0.11536855464100358
0.00011551904806754836
2.1734574874460355
2.494823754052285
0.8559106159056635
0
6.272424437269582
0.4750136402333577
0.44969407710268355
0.007017128679760215
3.8569084491048535
3.89931922798177
3.2286042631981187
4.936929994627378
1.0176973273148242
5.416601336437449
2.7176829932204214
2855300852823011e-21
34.49954417506443
50.271576874348405
0.0005991591850523014
29.45936534214187
0
2.987744678414083
0
12.582631338390092
27.175743848612886
4.49175699278226
0
17.29152218071844
0
0.1273676231145342
0.007059254392587808
33.2473934556435
32.94028542183649
18.56660819490978
70.9010181215729
61.68285566083898
0.07707713898437178
0.15819470904389815
0.009044004186004864
20.158582631705286
49.32670341160498
1.148672192912386
0.22891716957513
0.0034670125512340118
0.1443513904573877
33.771230922701186
0
69.21180998141422
0
12.137750754043916
0.004160875291476466
7.5136056651184715
15.839934662420319
0.3993324907101428
1.182484755367016
2.9979079316233883
0
20963748787729675e-21
0.00044578663751629837
0.12579302258673547
0.003932599160459867
0.004565092546264197
0.008753451096872342
0.0010001762849548433
0.0015940394891704346
0.49804172554158793
0.6746873622797348
0.08907866730255971
0.15876178992417564
0.00010622726053702564
0.15843810485941026
0.029799189153519406
2.1670753310082294
0.06362679291856942
0.13867399317493279
0.02740856850729483
0.054177100164217444
0.8421217056912456
0.000774702702734435
0
1.261872702224769
1.3904875937593133
0.020853399656520354
0
2.6873183389455066
17040611753428106e-21
0.003889612336537614
0
0.0006716857160572895
0
0.13411133760007787
1.233036206673337
0
0
0
0
1.315952430136405
0.5757274803393163
1.1548582808809007
5.700949840749395
0.3096632814735269
1.4860217889447367
0.11146819709047245
0.013798051907220806
0.026329178750686768
4.516803210869029
0.003839182497780315
1.6592024193690627
9072050865078127e-22
0.06935672584765502
2.073085735581107
0.508063192421169
0.5835136479290064
0.003113295479683243
0.8545106882228715
0.201112348405653
0.0015583324188645977
0.027809600246762642
0.9644593940861286
2.2963545083292245
0.13718353677596273
0.1287211295593341
0.39122017670409376
0.036475153266203056
0.5023528826159369
0.5049391193494652
0.40153811282225405
0.6316871779758835
0.14697043894585882
2.242085797553989
0.35064050608085157
11.904736684504785
1.9977322243840583
2.8045723755950553
0.18978464703032294
0.49498935919979803
2.410647914018233
4.208356146295595
0.940493076614524
5.89685253301784
7.049610481122958
5.915157741310285
2.2040984531488053
4.344737489444193
0.3724830398597549
41.576250269728305
619.5819812785935
4.0023003782977025
10617.21884439375
1.0999998790921035
23.219058325500896
1.1825370045361232
45.431682242802914
1.2634163661520734
1.396771302794155
1.0999988720430587
0.5794217727633992
1.1241795644078543
52.46733005811093
0
0.0013764063445512358
299781985449002e-19
0
6671617414603984e-20
0.03735721515934572
0.060317850978768794
0.10070457791220758
0.04921104208825644
0.04515570744749505
0.0787056078279326
0.05934728653280348
0.08518273105239425
0.05753494715995256
0.052896912739865194
0.08212045108520306
0.0625765207011209
0.04807433356910092
0.05614116748979398
0.047925530200237224
0.05997661657803199
0.06441835580377574
0.09272462346159223
0.05986750237962022
0.045727233568937806
0.0019047534757992203
0.007503286509821974
0.023505305609571543
0.07830570476605166
0.04355251253943019
0.13141508581500566
9120772379152115e-20
0.01021915695739924
0.3134018169286941
48061272793101614e-22
0.08050564165791159
0.011058507265107197
0.001271258511595367
5486381949820394e-21
12044248199920746e-22
0.11572266429911623
0.09889599700053882
0.0041619157334187055
0.04241537273546142
0.02071076205116437
0.005819269324325384
0.01226670503260528
0.0004831207879092564
0.6853569526265416
15699130029692777e-25
0.08631389046886652
0.00034203322678069
0.00972969952679009
0.011046303574886252
0.0001570867451519101
0.0001709046978827106
0.7973465805267339
0.0003936641160240688
0.060520268156040995
0.3502915815911521
13179246002864905e-22
25861727385013363e-22
0.00014474760064039647
12571633458381114e-21
0.0005948441089324238
1700336672610351e-20
14432278923578286e-23
10044051038568997e-22
19077356529466822e-21
0.08366836394045021
0.08463808076937776
4350179540569247e-20
0.00021272912908375022
0.020054400333123786
0.008233266604319401
0.10194489607058367
0.020658334471965644
2782965217721444e-20
0.1637443065087073
0.0403783866006662
5573481635824802e-22
0.44142621546928
44589655842072063e-23
0.0037796489829494567
0.0009835724860657539
2299456595310425e-27
0.4603667304339699
0.7787144312669573
0.01847258266649645
0.4239945916073469
0.9909587426478206
0.0074642017671272135
0.251387303790942
22332184598350744e-26
463063942304539e-20
0.0006298351959333979
9121518865795213e-20
0.15521523606747625
8645608149980387e-22
0.00011182750633906849
0.20215592937025773
0.0009300750556435521
0.012008030296420348
12200898664086267e-21
0.1652019449999024
0.10906588532479394
0.021759838521045103
314701029226289e-19
0.00015347394110212638
12006681079030695e-23
0.01388854564550831
0.20412235400555737
8333314589821695e-24
11103427796686286e-21
9106421929911639e-21
9651198790621569e-20
10586521117578061e-21
0.5426874929759341
0.2020903963822742
0.0051838513015152925
0.0015509021938746948
0.04389630936280368
0.005920794880031055
6760882232695675e-20
0.0293306610592901
832441036191192e-19
0.0007215183041415264
0.08935201738341551
997038926591902e-21
0.876724003016099
0.8887158137583772
0.0018316927862581784
0.000537390634563648
5829910129930916e-24
0.0010319237043864306
10390421410032737e-24
0.010394585553565473
0.030297988103517644
0.0009047768747850921
0.00033775465290726895
0.00015457486965345552
2618188207088984e-21
0.00616419377036953
0.0317076817517982
0.021987977142036434
11257176078599406e-24
0.9873189467364326
0.07302826510303471
0
0
8178627014026009e-20
6662203578971501e-20
10336393175300221e-22
7596610366975066e-22
0.00019352307079461214
0.00985776522867564
0.0054222074179166874
15204233912739152e-24
0.00013151712171856995
73287871581215605e-22
0.06034247909818113
0.013605258426438912
0.11383711847092987
3845637380671482e-22
0.0652319466829204
0.007753415238794056
0.00012015895200545591
0.14506530250653668
0.00029651970634560334
18549559457239284e-29
8515597089903025e-20
37361714752141078e-22
0.0001247324090372986
0.016642542827894596
0.003920324396966654
0.00016357963975027203
0.00015213984264126777
3799874526053857e-24
0.0005147629396437196
0.023535501285815715
13135133745845094e-24
0.0018093906877653975
0.0018043161831062474
4418945176468466e-20
0.12390851277626662
4337440289155814e-20
0.569506326511384
0.001914607181533305
0.23530079428354395
0.0033144210417112184
0.0007014044971274543
0.0005696358310239808
4475335593970044e-20
0.703476396571896
12102146781265904e-21
215681222409783e-19
0.008376698979670024
0.006489312030008746
21715985264462227e-24
8723823727235056e-20
0.003065699968167082
0.1569953953605864
0.03130082204387816
0.00010012349081535187
0.02361623219824332
0.0003542550303624782
0
0.12986478745640248
0.012506507530367836
0.6242584223033032
0.5293771705630643
0.5773295493983095
0.05557464783868369
0.030722980723905186
0.938778352558224
0.6052746955726056
0.9646910968727112
0.5127227854291528
0.2885529315946254
0.0007658333675095455
0.01601163636914
0.1690946134183743
0.4206081088464329
0.16320608018368016
0.00029932864022363156
0.02784626191543811
0.38001754969529145
0.1320547741606391
0.20815684602332074
