0.001229129739353591
34.00505314094453
139.9497558677147
0
133.09890959524225
0.00533545380528494
206.05267081705358
0
107.79320294694344
0
293.7227925321364
0
28.42444858943273
0
34.11862302844632
0
28.304144017543965
18.642225444010442
193.97448611178228
117.72308798051297
1.1692207833030912
27.615856886983966
1.6302909964889942
1.0834856410247355
0
6.436672093423593
0.6327383580288551
4.829401094251957
0.006616394620399162
3.1868685375313355
37.40998281039443
11.981379405193444
19.504412663073587
0.50052448318358
24.5638382132788
1.1895474933819625
66997042735124e-19
44.07920082431365
60.13059635222735
9.022779205332029
46.10547517821399
0
2.7171486322623597
0
109.98075933040465
39.60959473651777
4.500047691189373
0
18.181994066114434
0
1.7684952029049028
6.178245083209704
33.251884946881155
32.93923659156885
18.370953702351105
185.05553948128517
61.991019236319566
0.9689630602841531
0.1564046959661774
0.009262581117732514
19.690520027909336
50.951189884892344
1.0163110818588266
1.7665806702516103
0.008718016293062587
0.031107767303429054
308.73835293921206
0
281.94773622328626
0
7.307029199100147
0.03897044275736231
196.11191083465647
15.111741067713911
0.11488403574495473
0.9509033861268807
2.9991814972667337
0
7268108260898881e-20
0.7247289165129643
0.08539471149929233
0.0021610160693514803
0.04260578799322522
0.007301434159374328
0.0005548496312634414
0.0017242693882156624
0.22162959379641967
0.6784232416314143
0.5773433951604873
0.1118109054732602
0.006699710990263957
0.10038493876896079
0.021412405380827292
2.2512694023833215
0.029499149970802302
1.7652799880055008
0.014593532596120484
0.031394947465841413
7.27732372992507
0.0004996901197130535
0
1.264387942069813
1.5134551238532234
0.20110621657833833
0
2.738496447989546
0.00018399168759345724
0.02914598529869784
0
0.0033620724853619757
0
0.13421348229667437
1.2385465050149773
0
0
0
0
1.3868834913839074
0.5665637354269887
1.1987831242467217
5.857835564926508
0.29795011059258397
1.2251215165285725
0.10109520788118094
0.18568278087092918
0.014715776021675066
5.410141873970888
0.0037178496771084714
1.6271123715910134
9049805656071366e-22
0.06941846049339885
1.8781454830221798
0.30113351231762986
0.5429005531340987
0.0032362662297345506
0.8701552467724537
0.19981947703448844
0.000538136652118405
0.01946573567286685
0.9949690089452552
2.32583956203306
0.13364627408380295
0.09337552513583339
0.26113037335220074
0.02616661331742473
0.3202343311278338
67.06762331082935
0.3966678987316856
0.6325556754237789
0.14944895322293877
24.51928411663498
0.2582645809215848
7.796755032072311
1.9901587934609497
2.8088394278404265
0.18469651097807502
0.3394090922552358
2.3952432787381617
4.219035937803666
0.9247401145155963
4.191910159622122
4.198097259363508
4.891708116580954
2.2068050478177814
2.9217050534407862
0.26760220204915725
32.831080546834194
619.5847529937655
4.002301784943799
10676.417283852343
1.0999999836373815
23.219062258341683
1.1826148053752614
45.433997735645235
1.2498567290919365
1.3947078930686254
8.001709799216448
0.2833772290123522
1.1244560127693366
48.08517847669201
0
0.000964061595837979
29172761925448514e-22
0
6395414534194407e-26
0.023132635157817154
0.03756726629409055
0.0641956163380701
0.030931451660467308
0.03261771612133145
0.04933939370373793
0.037426924029273556
0.05394980940919668
0.0359089548136584
0.033065877800777556
0.05107207898761846
0.039028643499726685
0.030147672671324004
0.03496312774999663
0.030132708053231365
0.03826596560073645
0.040449784702009606
0.05647903584656512
0.03737562609207476
0.028487899615061086
0.0019047819687621754
0.007503728685405085
0.023509645851463916
0.07835390829526818
0.043567417193171205
0.13155094315785187
912077891215803e-19
0.010219977190294601
0.3141763288952458
48061274607112355e-22
0.08055659317386259
0.011059467781545313
0.0012712712034249536
5486382186206222e-21
12044248313842968e-22
0.11582799152750087
0.0989729040196321
0.004162051771150641
0.04242950903074153
0.020714131497108074
0.005819535286023039
0.012267886915530853
0.0004831226209135476
0.6890789828546069
15699130029886186e-25
0.08637246363885744
0.00034203414551054584
0.00973044306473162
0.011047261972373124
0.00015708693894097761
0.00017090492726414824
0.8023918233731355
0.00039366533305939535
0.06054905493715347
0.35125962364128577
13179246139269998e-22
25861727910261174e-22
0.00014474776518091687
12571634699555439e-21
0.0005948468877433191
17003368996591755e-21
14432278939935863e-23
10044051117794872e-22
19077359387622127e-21
0.08372339969534541
0.08469440035815455
4350181026723558e-20
0.0002127294844731157
0.020057559568516178
0.008233799006933431
0.10202662141977656
0.020661686878266843
27829658259474876e-21
0.16395531903653843
0.04039119737670867
5573481660219904e-22
0.4429653258460567
4458965599821341e-22
0.003779761177973127
0.0009835800835114132
2299456595310469e-27
0.4620411693054579
0.7835254540968678
0.01847526312398036
0.42541422064746875
0.9987716253312124
0.007464639347885976
0.2518852238007934
22332184598389914e-26
46306395914411995e-22
0.0006298383112824464
9121525399870595e-20
0.15540481767133874
86456082086807e-20
0.00011182760454714692
0.20247771492696873
0.0009300818490961726
0.01200916285507234
12200899833136055e-21
0.1654167351673229
0.10915943536504791
0.021763558012805235
31470110700232416e-21
0.0001534741260798626
12006681090351942e-23
0.013890060745584912
0.20445043862184517
8333314590367077e-24
1110342876488279e-20
9106422581157347e-21
965120610558856e-19
10586521997726463e-21
0.5450168203294901
0.20241197307085043
0.005184062350691785
0.0015509210836540616
0.043911450323147735
0.005921070203217047
676088582238138e-19
0.029337419690674306
8324415803889349e-20
0.0007215223924916836
0.0894147889925485
9970389343987117e-22
0.8828301766235773
0.8949911651768618
0.001831719135305732
0.0005373929025086864
5829910130197825e-24
0.0010319320671594635
103904214108806e-22
0.010395434191402148
0.030305199977139603
0.0009047833036958622
0.00033775554879562415
0.00015457505729454845
26181882609222914e-22
0.006164492196395049
0.0317155804855745
0.0219917750471285
1125717607959466e-23
0.9950741672156342
0.07307018731019536
0
0
8178632267064338e-20
6662207064635147e-20
10336393259205065e-22
7596610412294965e-22
0.000193523364908742
0.009858528470116945
0.005422438322307612
15204233914554513e-24
0.0001315172575544923
732878757992837e-20
0.060371096928873935
0.013606712343956362
0.1139390388243177
38456373922856036e-23
0.06526539226412649
0.007753887387927919
0.0001201590653921899
0.1452308783914521
0.00029652039683672785
18549559457239284e-29
851560278472291e-19
37361715848374023e-22
0.00012473253121969186
0.016644718446225854
0.003920445099243557
0.00016357984989026883
0.00015214002441707707
3799874526167261e-24
0.0005147650206182038
0.023539852687811127
13135133747199999e-24
0.0018094163990767119
0.0018043417504014089
441894670997906e-19
0.124029280935851
4337441766618666e-20
0.572072471013987
0.0019146359700631286
0.23573693676355653
0.0033145073163964446
0.0007014083607114409
0.000569638379303826
4475337166868814e-20
0.7073987707344103
1210214793146812e-20
21568125894183768e-21
0.008377250094947879
0.006489642767388814
21715985268165862e-24
8723829703963968e-20
0.0030657737799884522
0.15718935501869644
0.03130851933091739
0.00010012356954201304
0.023620613508190866
0.0003542560159231295
0
0.1299974556171502
0.012507736078191691
0.6273439228511188
0.5315932501924332
0.5799669509096846
0.055598920471457515
0.030730396380760024
0.9457852554266676
0.6081746645389752
0.972092695710633
0.5148011664507127
0.2892092807268697
0.0007658379734911465
0.016013650145389555
0.16931965651314046
0.42200508900973016
0.16341570632588923
0.0002993293438588012
0.027852353643031603
0.38115730394378244
0.13219195849073234
0.20849804601345595
