0.0014705583217312554
34.766658811376516
139.3373412495063
0
145.3040769975494
0.005246270229177241
205.28073907133628
0
110.73451464383864
0
254.73767112244087
0
27.561492763662038
0
34.10265526775968
0
28.483444302294526
18.394001201080556
189.5141257846228
55.36253227716776
0.9319659106198346
21.033016426131923
1.7678746592604677
1.0761015613377702
0
6.4317899991627945
0.6277672423352736
4.136830680413322
0.006641891789623288
3.2290204372853077
32.59481312934007
13.976414924390978
17.641281197728432
0.5221253749345581
29.036567549409437
1.1129928759558962
7490055606204264e-21
43.7980883390056
59.84132304151462
3.671250173315973
45.65873893078196
0
2.733346173395561
0
83.62082794407299
39.76575270641686
4.496060218696037
0
18.289549620321957
0
1.28735774733339
3.5118827303529945
33.25208888701955
32.93966845106988
18.375872848314494
181.55187950249552
61.86425472948947
0.7152463729217854
0.15580071253580335
0.009173860783826615
19.95944812715641
50.816019392988764
1.021871654641406
1.7540241668460275
0.0074694321170497065
0.03654206090420497
297.2175911174056
0
282.87259785429444
0
7.650057762716332
0.03772955443361487
168.50956652168998
15.405621693162777
0.19645076667105468
0.9576494713392437
2.9998059790183516
0
764739263108045e-19
0.30047537042301303
0.0925045058849223
0.002248756536653556
0.040949427102138086
0.0072067814532151215
0.0005495946205974033
0.0017204567435645803
0.24298517803831654
0.6783179534859138
0.4889809214808521
0.11404681752223708
0.005279970872120688
0.10739309027953213
0.0231009039661534
2.243709895354925
0.03226289960030882
1.3337669236810563
0.015980239579465594
0.034405302477039004
5.9801052838396
0.0005095102910814373
0
1.2643666107362073
1.5052705118534195
0.19300566010226192
0
2.737303867936638
0.0001428532008462558
0.023013809956576706
0
0.003031623845433556
0
0.13421111533363075
1.2383974363176584
0
0
0
0
1.3766821130490416
0.5667681638505264
1.1959564735122112
5.853113385203405
0.29832511478308477
1.279702503034034
0.10155315409224246
0.13683904301734326
0.015485865314023555
5.381742517879209
0.0037227773473193873
1.6282577358611532
9050489776242244e-22
0.07051658653175447
1.8885419502517737
0.3258019039774406
0.5584013581569428
0.0031853293013116638
0.8696414333251501
0.19985983773129556
0.0006080110705178604
0.020943988437268826
0.9939653045606687
2.327026390445176
0.13375522899682485
0.09985596788158661
0.282733325193972
0.028212726627389714
0.34946469186801615
31.59561271452325
0.39784254782018064
0.6325286577611055
0.14835172430011107
19.08430366412812
0.2759165979533309
8.464405404965467
1.9901111245522771
2.8080350259712943
0.18480862150786878
0.36568181959155044
2.3951453129022546
4.217025948675323
0.9250916406245272
4.5100496401491155
4.595194999300896
5.2402774773352085
2.204589657602689
3.1941828104725087
0.28556742672914864
35.085922687848914
619.5846677840877
4.002301741699954
10674.592466724987
1.0999999804233969
23.219062137436268
1.1826124135056026
45.433926549815524
1.2529849780765758
1.395101030732157
4.317412031256086
0.2975512071337429
1.124447513128517
47.00041341414806
0
0.0010317233883023174
35415941017028847e-22
0
4077096330594796e-25
0.025534052502592736
0.04145883383448391
0.07068713072356482
0.03407038349170804
0.035139566472427324
0.054399464638369324
0.04127793908213896
0.0594506073272059
0.03962906088965508
0.036470304656882245
0.05636680953335425
0.043070750977051174
0.03323229530117973
0.03856231540412894
0.033202110652556474
0.042125505623501584
0.044583411791551675
0.062357778742504144
0.041235410458171994
0.031439634202038186
0.0019047810928105081
0.007503715091427737
0.023509512409576633
0.07835242595558957
0.04356695891065736
0.1315467644697876
9120778711316932e-20
0.010219951973292358
0.3141524899573582
480612745513451e-20
0.08055502631582896
0.011059438251612168
0.0012712708132443147
548638217893913e-20
12044248310340707e-22
0.1158247520758626
0.09897053881369652
0.0041620475889424914
0.04242907437529819
0.02071402790370173
0.005819527109510684
0.012267850579781761
0.0004831225645622836
0.6889642576919718
15699130029880238e-25
0.08637066236029131
0.0003420341172664435
0.009730420205659385
0.01104723250758598
0.0001570869329834109
0.00017090492021238154
0.8022362453281813
0.00039366529564461347
0.060548169755158816
0.35122982377538803
13179246135076562e-22
25861727894113728e-22
0.0001447477601225248
12571634661398614e-21
0.0005948468023154925
1700336892679123e-20
14432278939432996e-23
10044051115359267e-22
1907735929975525e-20
0.0837217072186346
0.08469266839418242
4350180981035428e-20
0.0002127294735475442
0.020057462438262907
0.008233782639025609
0.10202410800123457
0.020661583808763834
27829658072490886e-21
0.16394882793136314
0.0403908034806962
557348165946994e-21
0.4429179298669852
4458965599341323e-22
0.003779757728766403
0.0009835798499459578
22994565953104676e-28
0.46198960222115915
0.7833771092581393
0.018475180714183664
0.42537050694584233
0.9985305224193278
0.007464625895171115
0.25186990180435487
22332184598388715e-26
4630639586264291e-21
0.0006298382155085545
912152519899662e-19
0.15539898600774205
8645608206876105e-22
0.00011182760152798238
0.2024678148028615
0.0009300816402476199
0.012009128035780517
12200899797196521e-21
0.16541012781875541
0.10915655820646758
0.021763443656805253
314701104611293e-19
0.0001534741203931786
120066810900039e-21
0.013890014165136943
0.2044403446237046
8333314590350311e-24
11103428735117995e-21
910642256113641e-20
9651205880707999e-20
10586521970668487e-21
0.5449450622128975
0.20240207937530152
0.005184055862381472
0.0015509205029313239
0.043910984774160486
0.0059210617388993575
676088571202539e-19
0.029337211890152048
8324415636589226e-20
0.0007215222668051758
0.08941285857861576
997038934158711e-21
0.8826418253929926
0.8947975865138309
0.0018317183252641173
0.0005373928327862113
582991013018962e-23
0.0010319318100657853
10390421410854536e-24
0.010395408101109206
0.03030497824043878
0.000904783106054301
0.00033775552125372824
0.00015457505152598606
261818825926732e-20
0.006164483021813484
0.03171533762932636
0.021991658280204447
11257176079564066e-24
0.9948348471113417
0.07306889815767163
0
0
8178632105572681e-20
6662206957477056e-20
10336393256625616e-22
7596610410901718e-22
0.00019352335586692756
0.009858505005275716
0.0054224312235796055
15204233914498695e-24
0.00013151725337855243
7328787566960966e-21
0.06037021694263309
0.013606667644561723
0.1139359041773048
3845637391928557e-22
0.0652643638074322
0.007753872872448125
0.00012015906190639504
0.1452257853579143
0.0002965203756092707
18549559457239284e-29
8515602609649771e-20
37361715814673056e-22
0.00012473252746349612
0.016644651558011318
0.0039204413884967315
0.00016357984343003297
0.00015214001882882843
37998745261637755e-25
0.0005147649566436908
0.023539718902788137
13135133747158344e-24
0.001809415608640916
0.0018043409643930773
4418946662835081e-20
0.12402556646589291
4337441721197735e-20
0.5719934092753326
0.0019146350850248934
0.235723516610538
0.0033145046640622533
0.0007014082419348384
0.0005696383009631268
4475337118513943e-20
0.7072778618790906
12102147896108013e-21
21568125781875042e-21
0.008377233151738446
0.0064896325994390856
21715985268052016e-24
8723829520224234e-20
0.003065771510801011
0.15718338864253978
0.03130828266876266
0.00010012356712175662
0.023620478803598452
0.0003542559856244764
0
0.1299933750457949
0.012507698307744841
0.6272488399775392
0.5315249843167545
0.5798856913321515
0.05559817411177934
0.030730168378158673
0.9455690684267865
0.6080853055359693
0.9718643080953355
0.5147371464462042
0.2891890806787593
0.0007658378318912792
0.01601358823307141
0.1693127336624384
0.4219620732784328
0.16340925788154548
0.0002993293222272624
0.027852166348156574
0.38112221415579406
0.13218773897701677
0.20848754834010308
