0.0025261726986102796
36.93714979472072
136.69611989910376
0
162.91911181669136
0.004949667085340026
202.82306792031744
0
120.19030696114892
0
71.75067829240827
0
20.571418847459867
0
34.009433644179865
0
29.19171233595691
16.553975055604237
161.40300628490866
1.2148399806754473
0.3994509290662937
4.027155858793434
2.2724689646436795
1.0435165946318228
0
6.4103176156598405
0.6052477909904804
1.8424020589506547
0.006769742516179965
3.408559559874828
15.39126845819511
23.973686523150697
10.451169190523398
0.6393911293785692
53.01068733600728
1.3662507468657277
6618609985547085e-21
42.5555742205559
58.56667007004052
0.04574321253531899
43.43743448855495
0
2.804660996223365
0
16.99452166452727
35.958112843075476
4.491467086109387
0
18.248074323508767
0
0.20889402737313326
0.07977263105430003
33.25186465043362
32.94025288466161
18.403323696743037
117.81074854032822
61.70633588674557
0.12073676919838154
0.14152883852855427
0.009053101984377497
20.320182570255866
50.37126318398077
1.0458017189497113
1.4713083296860534
0.001903618370014316
0.05637794007828033
219.96513497780276
0
276.8163201520362
0
9.552846055999897
0.027842257605077365
50.395466733876916
15.829146036307737
0.2684194032290082
1.0422154311476897
3.000697236432706
0
7583012317340691e-20
0.005062034054067469
0.11827498333761657
0.0025792970668848825
0.03008973909868622
0.007241388450682708
0.0005802264778108529
0.0017025806332984321
0.3271284804307963
0.6778291161067858
0.12264933896848969
0.12268903009823891
0.0008870575995497218
0.13157767063468626
0.02826161289870999
2.22314105562253
0.04328417734255571
0.2364158947028301
0.021395321562864934
0.04620364576076076
1.3678683726640537
0.0005530249504962288
0
1.2641133237934914
1.475363868712767
0.14051588073996407
0
2.7309748665370392
27929235371540607e-21
0.00511573032686451
0
0.0014436687360928808
0
0.13419930060791296
1.2377025409065123
0
0
0
0
1.6868325932637778
0.5678908572307936
1.1872964314425154
5.832381005449015
0.29995329747425603
1.448138581543667
0.10351332225737021
0.02285166988493243
0.017593593158060583
5.252300945008134
0.0037435631625828817
1.6331373442526644
9053479053278137e-22
0.07181018696666884
1.932310988066328
0.41856812404392907
0.6018043071708941
0.0031164897247823167
0.8674443428123293
0.20003583477452816
0.0009174812748811285
0.026157180015709686
0.9896939632568142
2.3279862367484596
0.13423182510480242
0.12203357441618436
0.36108462000359254
0.03543407892892172
0.45939307879087854
1.479513934946672
0.39912388862085335
0.6324112224238712
0.14647674417169732
3.683439841378479
0.3338084668238305
10.917306812479188
1.9905280583723786
2.8057864383479654
0.18542596836480804
0.4588807517014031
2.395988544893711
4.211409843903797
0.9270208069643542
5.620437263496959
6.112212465196217
6.404756963637473
2.1966384162593515
4.2119206911899285
0.3467349938951973
42.50315761825275
619.584295216239
4.002301552621997
10666.61735899433
1.0999999663706774
23.21906160879341
1.1826019554303522
45.43361530054968
1.2573322446828212
1.3959403918467266
1.1984898584726256
0.3540500342407797
1.124410350280968
42.82672066425233
0
0.0012658244991894478
6711382333109641e-21
0
7414102201625295e-23
0.035030644241108126
0.05683081253516223
0.0960191930790521
0.0463467572614578
0.043985845956543645
0.07429461660010245
0.05645159472596861
0.08100596061025496
0.054315087404626775
0.04987723012274691
0.07728680588673686
0.05903246318226084
0.04534435687766145
0.05273414176586491
0.045229228433349936
0.057152624122428074
0.06080347103404781
0.08568707221115156
0.056328486851137595
0.04309817100040848
0.0019047772628330367
0.007503655653858435
0.023508928961562328
0.0783459449517972
0.043564955187914985
0.13152849527072757
912077783316599e-19
0.01021984171603361
0.3140482786139806
480612743075102e-20
0.08054817579533376
0.01105930913683177
0.0012712691072327554
5486382147164734e-21
12044248295027533e-22
0.11581058906834629
0.09896019792905145
0.004162029302842771
0.04242717395445869
0.020713574961390778
0.005819491358932457
0.01226769170781395
0.00048312231817395116
0.6884628614667243
15699130029854248e-25
0.08636278695044611
0.0003420339937728884
0.00973032025803602
0.011047103677644735
0.0001570869069347452
0.00017090488937947273
0.8015563552274372
0.00039366513205349625
0.060544299566563875
0.3510995575139172
13179246116741314e-22
25861727823511185e-22
0.00014474773800538006
12571634494562968e-21
0.0005948464287938225
1700336862159774e-20
14432278937234273e-23
10044051104709914e-22
19077358915569012e-21
0.08371430749107156
0.08468509602796374
435018078127017e-19
0.00021272942577694226
0.020057037754668952
0.008233711072907034
0.10201311914003997
0.0206611331571044
2782965725492825e-20
0.16392044945519801
0.040389081267868145
5573481656190817e-22
0.4427107568044391
4458965597242508e-22
0.0037797426476055707
0.000983578828712711
22994565953104595e-28
0.4617641995881187
0.7827288209749982
0.018474820392621914
0.4251794273478573
0.9974770153905209
0.007464567075248766
0.25180291935796917
22332184598383477e-26
4630639563628946e-21
0.0006298377967501174
9121524320701929e-20
0.15537349040415077
8645608198985757e-22
0.00011182758832708781
0.20242453351151746
0.0009300807270856418
0.01200897579424219
12200899640055677e-21
0.1653812411652511
0.10914397910376004
0.021762943657457023
3147010941568276e-20
0.00015347409552891132
12006681088482137e-23
0.013889810500156032
0.20439621581173942
8333314590277007e-24
11103428604975382e-21
9106422473597537e-21
965120489744772e-19
10586521852361088e-21
0.5446314203370024
0.2023588261864375
0.005184027493202672
0.0015509179638009184
0.04390894928108121
0.005921024729937765
6760885229508509e-20
0.029336303327283982
8324414905091731e-20
0.0007215217172578884
0.08940441858983467
9970389331093395e-22
0.8818187565341048
0.8939516811824726
0.001831714783469064
0.0005373925279340655
5829910130153747e-24
0.001031930685958612
10390421410740582e-24
0.010395294025541268
0.030304008745250754
0.0009047822418933605
0.00033775540083047685
0.0001545750263037167
26181882520311762e-22
0.006164442907335784
0.031714275794511845
0.021991147739635605
11257176079430287e-24
0.9937891276050649
0.07306326177678668
0
0
8178631399471927e-20
6662206488942569e-20
10336393245347335e-22
7596610404809936e-22
0.00019352331633280096
0.00985840240903321
0.005422400185444367
1520423391425465e-23
0.00013151723511981212
73287875102627156e-22
0.06036636947044468
0.013606472204126406
0.11392219936285983
38456373903674176e-23
0.06525986720761824
0.007753809405761811
0.00012015904666522164
0.14520351884355567
0.0002965202827950546
18549559457239284e-29
8515601844165795e-20
37361715667320083e-22
0.000124732511040031
0.0166443591013435
0.00392042516379086
0.00016357981518351364
0.00015213999439495668
3799874526148534e-24
0.0005147646769237323
0.023539133954492922
13135133746976208e-24
0.0018094121525695486
0.0018043375276801741
4418946456704309e-20
0.12400932674635828
43374415226007666e-21
0.5716478506466307
0.001914631215317687
0.2356648477482302
0.003314493067108575
0.0007014077226001722
0.0005696379584289626
44753369070887055e-21
0.7067494466574719
12102147741500656e-21
2156812529082008e-20
0.008377159070210388
0.006489588141617904
2171598526755424e-23
872382871684672e-19
0.0030657615891003555
0.1571573041157604
0.03130724791596783
0.0001001235565395079
0.02361988983470042
0.00035425585314767446
0
0.12997553479441668
0.01250753316282743
0.6268332719846653
0.5312266037996566
0.5795305283328942
0.055594910870992824
0.030729171486967025
0.9446243997528632
0.6076947493565047
0.9708663436631259
0.5144573209823236
0.28910077522368244
0.0007658372127649937
0.01601331753250334
0.16928246774244296
0.42177404420453335
0.16338106590448848
0.00029932922764625323
0.027851347441010043
0.38096882666038034
0.13216929129612634
0.2084416548665345
