0.0029550160392173832
37.38050266989725
135.63387431535358
0
160.990701561274
0.004835719301357334
201.8403593025091
0
122.99111498691565
0
46.9681080151596
0
15.958892706147717
0
33.950368949192956
0
29.444781043480994
15.760711943620699
146.18363924036086
0.5142630278369089
0.2819521565691454
2.461398094677949
2.403523830145819
1.0305653504955434
0
6.4015357568117945
0.5962790387232522
1.3105425604191079
0.00682015271919813
3.4794348463532505
11.103236847104553
25.930593543506408
9.284839569312703
0.6943867967774833
57.667917959100556
1.6596483159098003
5645501575076197e-21
42.04492696353654
58.044157370383395
0.015388245463318066
42.51404039022328
0
2.8312884467190353
0
10.780293361594289
31.988224734898736
4.491565760209369
0
18.18609306688188
0
0.1251711525890584
0.032258819765050635
33.25159934614635
32.94028676610683
18.415127550141392
81.83868040731933
61.69374162482637
0.07278824080712254
0.13829262045724516
0.009045744297331154
20.329566802234762
50.25153081655831
1.0549475725284672
1.251707670306928
0.0013012547051656366
0.06377078370045842
184.8966570388071
0
268.3878562107063
0
10.226576898314894
0.023275964448470694
33.11995009874778
15.853083058257768
0.22959330615992504
1.0761506646058363
3.00071447051152
0
6904355240445922e-20
0.0020396988175511582
0.12481567556991163
0.0026922950278165524
0.025221956964407558
0.007357607110050271
0.0006060492666478889
0.0016954095757764518
0.35323234154038585
0.6776227270504929
0.07937753037359592
0.1257472960996433
0.0004659101502249824
0.13786869418956846
0.029339457356832948
2.2186015687407563
0.04666217258170314
0.14233922027148585
0.022960050836450755
0.049664939305034704
0.8451639565251022
0.000569718545401489
0
1.2639827112696453
1.4660920793727483
0.11730334695068174
0
2.728146835539643
16994458227223445e-21
0.0032790880433696316
0
0.000904059347479518
0
0.13419395507037837
1.2374037806267095
0
0
0
0
1.9033589563874473
0.5684196975219302
1.1849099445689504
5.823922312037249
0.30060946456413523
1.484680676081013
0.10422836909897827
0.01370556912756878
0.018231774772843087
5.200844422686462
0.0037513832908262997
1.635060330856939
9054693619540081e-22
0.07173940202270236
1.9475305446544602
0.44584609290959415
0.6097430678265133
0.00311256195624979
0.8665709292063859
0.20010711627238842
0.0010226623677160054
0.02744948463633834
0.9879943248085169
2.3269939521056067
0.13442547108230943
0.12736630395073445
0.38112811252918954
0.03719810242296045
0.4885274095672614
0.7283297775695367
0.3993008035434298
0.63236362185893
0.1464156224539892
2.237279655930636
0.34711477189238743
11.553471228899928
1.9909101239099942
2.8053457067523238
0.1857175187213647
0.4822335209519177
2.396763805026438
4.210308877969395
0.9279292648058307
5.890702357742635
6.527702612517079
6.6596561404492975
2.1954562970695175
4.473684987200539
0.36153155911104723
44.116172651170125
619.5841438606143
4.002301475809081
10663.37917368413
1.09999996066176
23.21906139403225
1.182597706863699
45.4334888561445
1.2578950937463338
1.3961104476278678
1.1235785896396497
0.37474975397310156
1.1243952531485772
42.26947326836974
0
0.0013236254731105316
814853821218565e-20
0
26812576322890095e-23
0.037646414129249475
0.06105480612306105
0.10287324667979679
0.04968860047120849
0.04612875965103683
0.07973404863186638
0.06060079606014913
0.0868668738886468
0.05834555497919222
0.05354928844104196
0.0830382345614213
0.06341545809047111
0.048651992151594624
0.05661907399376076
0.04850640087993306
0.0612103459193071
0.06522902578765646
0.09216318345080954
0.06043085342029042
0.0463010105303267
0.0019047757069068883
0.007503631507480392
0.0235086919399426
0.07834331219713826
0.04356414120187464
0.1315210741333736
9120777476417195e-20
0.010219796924362017
0.3140059526308882
48061274208452275e-22
0.08054539293779575
0.011059256684382806
0.0012712684141662136
5486382134256385e-21
12044248288806556e-22
0.11580483584124748
0.0989559972532988
0.0041620218741377085
0.04242640193280716
0.02071339095640606
0.005819476835322788
0.012267627166664725
0.000483122218078727
0.6882592734948996
1569913002984369e-24
0.08635958777031923
0.0003420339436036444
0.00973027965460728
0.011047051340910252
0.00015708689635247601
0.00017090487685360512
0.8012803144907259
0.0003936650655946243
0.060542727373110616
0.3510466506468224
13179246109292619e-22
258617277948289e-20
0.00014474772902029097
12571634426785985e-21
0.000594846277050711
170033684976129e-19
14432278936341045e-23
10044051100383615e-22
19077358759493352e-21
0.08371130153857056
0.08468201994758497
4350180700115535e-20
0.00021272940637013827
0.02005686522952743
0.008233681999349044
0.10200865525327386
0.020660950082675426
2782965692279343e-20
0.16390892210242702
0.040388381639882655
5573481654858674e-22
0.44262662043054274
44589655963898646e-23
0.0037797365209011713
0.0009835784138370071
22994565953104563e-28
0.461672661184644
0.7824656071318685
0.018474674013994784
0.4251018257814766
0.9970493457232608
0.007464543179787705
0.2517757128276804
2233218459838135e-25
4630639554433337e-21
0.0006298376266295819
9121523963894734e-20
0.1553631340100667
8645608195780302e-22
0.00011182758296422482
0.2024069531298575
0.0009300803561138442
0.012008913946668536
12200899576217226e-21
0.16536950740329587
0.10913886925736614
0.021762740536003054
314701089909701e-19
0.00015347408542780387
1200668108786392e-22
0.013889727762110553
0.20437829120283962
8333314590247227e-24
11103428552104946e-21
9106422438034883e-21
9651204497998258e-20
10586521804298707e-21
0.5445040548941629
0.20234125721883625
0.005184015968268131
0.0015509169322803786
0.04390812238897005
0.005921009695113194
6760885033486034e-20
0.029335934231656306
8324414607920893e-20
0.0007215214940044224
0.0894009900719638
9970389326830325e-22
0.8814846040876086
0.8936082606098896
0.00183171334461678
0.0005373924040879307
5829910130139174e-24
0.001031930229290423
10390421410694288e-24
0.01039524768269937
0.03030361489669005
0.0009047818908282137
0.00033775535190854323
0.00015457501605717095
2618188249091493e-21
0.006164426610903782
0.0317138444342733
0.021990940335915074
1125717607937594e-23
0.9933646181034154
0.07306097212124618
0
0
8178631112618511e-20
6662206298600443e-20
10336393240765532e-22
759661040233515e-21
0.00019352330027206434
0.00985836072961468
0.005422387576252674
15204233914155507e-24
0.0001315172277021996
7328787487229051e-21
0.060364806504910315
0.013606392807251429
0.11391663225288427
38456373897332043e-23
0.06525804055243996
0.007753783622568883
0.00012015904047349551
0.14519447404731126
0.00029652024508928766
18549559457239284e-29
8515601533187948e-20
3736171560745794e-21
0.0001247325043679989
0.016644240292290027
0.00392041857252328
0.00016357980370836656
0.0001521399844686974
37998745261423424e-25
0.0005147645632875425
0.023538896323400033
13135133746902217e-24
0.001809410748542441
0.0018043361315174273
4418946372963684e-20
0.12400272996770888
43374414419207496e-21
0.5715075270927146
0.0019146296432513683
0.23564101769410534
0.0033144883558577335
0.000701407511620574
0.0005696378192745172
44753368211972065e-21
0.7065348907585272
12102147678691416e-21
21568125091329003e-21
0.008377128974776748
0.006489570080715046
2171598526735202e-23
8723828390474625e-20
0.0030657575584186357
0.15714670851327145
0.03130682755741376
0.00010012355224046968
0.023619650570280516
0.00035425579932898786
0
0.12996828789168263
0.012507466073327577
0.6266645261427144
0.5311054345656293
0.5793863055073586
0.05559358523413355
0.030728766509158022
0.9442408977398998
0.6075361575697268
0.9704612133907142
0.5143436853448082
0.28906490883529923
0.0007658369612450832
0.01601320756170468
0.16927017375791067
0.4216976813286688
0.16336961430317024
0.00029932918922272677
0.027851014766859392
0.38090653062539687
0.1321617976611759
0.2084230135286995
