0.003336173604772182
37.63686450826478
134.69261332737318
0
158.9811694945403
0.004732357533742391
200.90449083589428
0
125.14227605394379
0
39.70183580027283
0
11.281947509873664
0
33.882389899613095
0
29.6543803057777
15.09324759144552
128.84115475169563
0.3376873303614755
0.20424143386094337
1.9925401182647873
2.485310233564807
1.0192734339446279
0
6.393702224751592
0.58850276371061
0.9949839001751317
0.006859421384668014
3.538537189220704
8.50119149567361
26.46808165983844
8.652029309112528
0.742582354391847
58.499431454280554
1.9408279442437342
498638162967162e-20
41.588404503577934
57.57742584309381
0.008315607821238621
41.6913422301142
0
2.853469963806286
0
8.999611467091084
26.691029361252102
4.491734486293059
0
18.129340140035172
0
0.10094556405604144
0.020597585929757425
33.25134593096052
32.940296300032294
18.425539625892668
52.23397108613648
61.68969515195031
0.058923557664798606
0.13841057229202977
0.00904358546341407
20.324443257731414
50.16711012163546
1.062757232675795
1.0686421897238605
0.0011627979714680604
0.07010965755321942
157.4464114030396
0
257.32139590704384
0
10.690674385901806
0.019731594937875074
27.72821735693841
15.859445299333604
0.22388012376303162
1.0992496746296816
3.000657150030005
0
6231502511187585e-20
0.0013012611171063042
0.12880679699501116
0.0027855373448254085
0.021432099385516976
0.007466097117873337
0.0006304380223323643
0.0016892225586598929
0.3724457941524918
0.6774381330702347
0.06691644564772954
0.12826499440689149
0.0003267096254145368
0.14207535093284895
0.02996991493674711
2.2152248165723725
0.04909321400541619
0.11472190032982792
0.02402375349992656
0.05201404533081465
0.6869680568057314
0.0005838350738293577
0
1.263859650069388
1.4590366550732023
0.09936082001566107
0
2.725600430117505
13753499350919618e-21
0.0027503662555139834
0
0.0005346085984042123
0
0.13418902451281767
1.237132954368859
0
0
0
0
2.061403029816402
0.5689079439176059
1.1829766902157943
5.8163876506910475
0.30119013210978673
1.505857567402979
0.10481803780474984
0.011046428892832966
0.018772254488273212
5.156413709473749
0.003758018675411358
1.6367417875811445
9055773285723614e-22
0.07161743477384112
1.9596385821904252
0.46500815246706073
0.6136506828753974
0.00311149480375747
0.8658017317688947
0.2001703676388269
0.0011012584075477188
0.028235392737553485
0.9864885479596711
2.3257203751583693
0.13459755875830304
0.13057334918096258
0.39350731968863834
0.03824540479683536
0.5067198283945782
0.5665878594392104
0.39944335661329194
0.6323213441117352
0.14644003064479832
1.8096380830848209
0.35501947555425595
11.948652320226628
1.9913116290299027
2.805108891194356
0.18598705947960065
0.496576804103766
2.3975790326070725
4.209716795200788
0.9287679796466661
6.052500422452145
6.795438608072882
6.794468151045526
2.195041042184818
4.630813457768864
0.37056638923059465
44.986917983770915
619.5840093352
4.002301407537475
10660.501887637083
1.099999955587653
23.219061203151725
1.1825939307345745
45.43337647217949
1.2582973529865835
1.3962246083988574
1.106613213409165
0.39218741057495116
1.1243818348846317
42.56437480274179
0
0.001359352705263466
947039042404095e-20
0
6602064059965877e-22
0.039276422806251224
0.06368051956976266
0.10709395056536096
0.051760664016850935
0.04739375324717598
0.08310801801505381
0.06316718120475812
0.09048538691116965
0.060848009566732024
0.05582888781140228
0.08661523918364633
0.06613799691648467
0.05070333759714427
0.05903480275020477
0.05053707157917579
0.06370833848498064
0.06797214901387892
0.09623189908845668
0.06297392308294968
0.04829142505235284
0.0019047743239949738
0.007503610046154471
0.023508481276246107
0.07834097226920966
0.04356341774080279
0.13151447855019593
9120777159337541e-20
0.010219757113521513
0.3139683379270758
48061274120409205e-22
0.08054291960430748
0.011059210064658745
0.0012712677981663956
5486382122783395e-21
12044248283277335e-22
0.11579972259138206
0.09895226382664615
0.0041620152714879856
0.042425715768866674
0.020713227413459264
0.005819463926714601
0.012267569802534847
0.00048312212911373473
0.6880783742787361
156991300298343e-23
0.08635674442652845
0.0003420338990130388
0.009730243566270128
0.011047004824032966
0.00015708688694691616
0.0001709048657205679
0.8010350482470862
0.0003936650065257397
0.060541330035956374
0.35099963351745556
131792461026722e-20
2586172776933597e-21
0.00014474772103431066
12571634366545554e-21
0.0005948461421808982
17003368387414703e-21
14432278935547132e-23
10044051096538386e-22
1907735862077272e-20
0.0837086299273415
0.08467928600962478
4350180627984994e-20
0.00021272938912129976
0.02005671188978184
0.0082336561587481
0.10200468789797391
0.020660787366799667
27829656627590755e-21
0.1638986772285971
0.04038775981808428
5573481653674656e-22
0.4425518531285237
44589655956320317e-23
0.0037797310754717145
0.0009835780450940764
22994565953104542e-28
0.4615913167410028
0.7822317359808468
0.01847454391309685
0.4250328651076487
0.9966693852389136
0.007464521941476722
0.25175153402923184
22332184598379453e-26
4630639546260244e-21
0.0006298374754258522
9121523646763176e-20
0.15535392978769266
8645608192931284e-22
0.00011182757819769237
0.20239132890247996
0.0009300800263928467
0.012008858976581048
12200899519477364e-21
0.16535907909056954
0.10913432780758112
0.021762560002486147
314701086134839e-19
0.00015347407644990239
12006681087314447e-23
0.013889654224639877
0.20436236106283157
833331459022076e-23
11103428505113508e-21
9106422406426657e-21
9651204142966097e-20
10586521761580682e-21
0.5443908770136114
0.20232564313506876
0.0051840057248846985
0.0015509160154616394
0.043907387457238996
0.00592099633213691
6760884859260532e-20
0.029335606181979477
8324414343794347e-20
0.0007215212955759646
0.08939794290281451
997038932304129e-21
0.8811877144296675
0.893303137860897
0.0018317120657604356
0.0005373922940130467
5829910130126218e-24
0.0010319298234021973
1039042141065314e-23
0.010395206493181526
0.030303264846912367
0.0009047815788003124
0.0003377553084265515
0.0001545750069500033
26181882464786915e-22
0.006164412126610212
0.03171346104460424
0.021990755996354215
1125717607932764e-23
0.9929874646825912
0.07305893712706439
0
0
8178630857662132e-20
6662206129423653e-20
10336393236693207e-22
7596610400135546e-22
0.00019352328599722265
0.009858323684939465
0.0054223763691805356
1520423391406739e-23
0.0001315172211093982
7328787466756651e-21
0.060363417369263636
0.01360632223940079
0.1139116844130671
38456373891695144e-23
0.06525641705740053
0.007753760706442511
0.00012015903497026644
0.14518643547148624
0.0002965202115762649
18549559457239284e-29
8515601256789686e-20
3736171555425222e-21
0.00012473249843787212
0.016644134695070662
0.003920412714189296
0.0001635797935092136
0.00015213997564620158
379987452613684e-23
0.000514764462287293
0.023538685118009255
1313513374683645e-23
0.0018094095006388094
0.0018043348906036612
4418946298534704e-20
0.12399686702072434
4337441370212049e-20
0.5713828359064093
0.0019146282459940264
0.23561983947548892
0.0033144841684859807
0.000701407324101171
0.000569637695593554
44753367448565224e-21
0.7063442473471075
12102147622866327e-21
21568124914020585e-21
0.008377102225933486
0.006489554028159206
2171598526717227e-23
8723828100393897e-20
0.0030657539759380917
0.15713729170176427
0.031306453945895825
0.00010012354841946857
0.023619437913203374
0.0003542557514947447
0
0.1299618471565817
0.012507406444231171
0.6265145823383238
0.530997762096206
0.5792581498476188
0.05559240702966589
0.03072840656784621
0.9439001704069002
0.6073952353373421
0.9701012739944372
0.5142427066341436
0.2890330343901192
0.0007658367376933151
0.016013109819881327
0.16925924756790375
0.42162982132404386
0.16335943675081835
0.0002993291550717569
0.02785071908816512
0.38085117022703907
0.13215513764702636
0.2084064464372633
