0.005551823045967028
37.87149596910276
129.23977057809367
0
142.7863043581045
0.0040778853861423
193.69931131607635
0
133.6622311012932
0
38.795452611551624
0
4.847340091354008
0
33.323863858700044
0
30.652891238991334
12.493587185105442
75.6558451652316
0.11009805058044861
0.023883037255590444
1.6857545448111368
2.5696816435864127
0.9560261918459101
0
6.347648034620834
0.5452454441389766
0.4782360491780669
0.006984671078085621
3.770766221525559
4.143581820252841
16.785999039017817
7.240292781015892
0.9440420100397036
32.035723405731716
3.0488037765289
354954280495116e-20
38.891736283692595
54.82018158640816
0.0011582185365445231
36.903190825975244
0
2.9407302727794637
0
8.56302504607942
15.233634997787764
4.49175417781589
0
17.8007787755936
0
0.0889332444157076
0.00654273921774917
33.2498285264427
32.94029989453369
18.483434452793162
20.700098172057423
61.68614145348088
0.05275266608616092
0.15579188233227778
0.009042205656089264
20.26330681614018
49.831964790757524
1.1013909982707557
0.47408368170410436
0.0015823172354768869
0.10319949138575094
70.18613986258005
0
177.95950547785387
0
11.746937693670027
0.008677308278525897
22.708145648375183
15.858547640215484
0.2748867171552704
1.15500632851466
2.9997571413630824
0
3438108057088635e-20
0.00041299518226152704
0.13178337468824403
0.003252661561263315
0.009496594329035409
0.008027863998853139
0.0007744482792130756
0.001654825512487458
0.4350858200260629
0.6763660059675066
0.06358705101467457
0.1407560803176778
0.0001387834149679574
0.15230588525529015
0.03081337278160176
2.1987578058040453
0.056331264025568026
0.09938956271143787
0.026292409569507662
0.056034416055312536
0.6034399085639094
0.0006580763580042796
0
1.2630976337387663
1.4286379684456414
0.04358239738963108
0
2.710726620440372
12070859264876367e-21
0.002633754812989095
0
0.00018756947123081512
0
0.13415908543123917
1.2355340684244367
0
0
0
0
2.2481551356046476
0.5717489965771384
1.1726587985762191
5.7722870465767455
0.304518930966506
1.5197976578389034
0.1076951800489426
0.009686313093894486
0.021773819925331363
4.912204193722172
0.003792512187220759
1.6460308200215046
906205099547096e-21
0.07076472706020999
2.013048139239742
0.5086812300646486
0.6075018647822009
0.003111319607970881
0.8614060686701553
0.2005361363689105
0.0013388719246983074
0.028878906016927868
0.9778378495418899
2.3149732136979315
0.13559674902603824
0.13311894360775026
0.4051281300916895
0.03869951286651234
0.5236186815934014
0.5241670111540969
0.4002502182734037
0.6320761090384689
0.1467638106122256
1.5878497504144347
0.3612333055269782
12.33059684736973
1.9939459579211185
2.8047938692463545
0.18756188537165375
0.5103226790166117
2.4029347057244306
4.208922458824026
0.9336498497819467
6.158213865312198
7.159073389196695
6.632880698186754
2.197650421309391
4.687299672431678
0.3801039857945108
44.43196776834809
619.5832273464224
4.002301010678138
10643.79173780272
1.0999999260921267
23.219060093573024
1.1825719805277917
45.43272319544143
1.260333366269391
1.3965734020047087
1.1000030026535024
0.47872244472406117
1.1243038380183539
48.59997811516158
0
0.0014008585105429825
1741436809710287e-20
0
11625827172308035e-21
0.04028226297324121
0.0652072794307852
0.10919190753450451
0.05299809699519582
0.04788861903694822
0.085039894899773
0.06447407567313147
0.09234969171227453
0.06226385074730445
0.05714731589428093
0.08872331688704399
0.06769368944797383
0.05189205702118009
0.06050484063926416
0.05170959379383161
0.06496745126456441
0.06954781997225798
0.09920039030350117
0.06449353874827102
0.049442454679806076
0.0019047662852185988
0.007503485293779599
0.023507256736329557
0.07832737177162744
0.0435592125364786
0.13147614531143714
9120775316169947e-20
0.010219525698211912
0.3137497747832471
4806127360861941e-21
0.0805285437470452
0.011058939070477747
0.001271264217396857
5486382056091486e-21
12044248251136257e-22
0.11577000400165442
0.09893056439739227
0.0041619768908301305
0.04242172735270245
0.020712276772239677
0.005819388890202177
0.012267236353092216
0.00048312161196510753
0.6870277574927339
15699130029779697e-25
0.0863402180680902
0.0003420336398102433
0.009730033789261712
0.011046734427682135
0.00015708683227288876
0.0001709048010048061
0.7996108139778744
0.00039366466316150895
0.060533208025115796
0.3507264500164879
13179246064188053e-22
25861727621146904e-22
0.00014474767461222408
12571634016371009e-21
0.0005948453581901784
17003367746838244e-21
14432278930932144e-23
10044051074186275e-22
19077357814396768e-21
0.08369310167612773
0.08466339551573324
4350180208693871e-20
0.00021272928885471097
0.020055820556894127
0.008233505950261844
0.10198162891965408
0.020659841533108004
27829654911592768e-21
0.16383913697933652
0.0403841453893307
557348164679202e-21
0.4421174846416728
4458965591226789e-22
0.0037796994216240396
0.0009835759016130102
22994565953104413e-28
0.46111874937589487
0.7808736384443166
0.018473787661370637
0.42463222169813014
0.9944635598427408
0.007464398485457394
0.2516110298817102
2233218459836841e-25
4630639498750467e-21
0.0006298365964870195
9121521803293864e-20
0.15530043691020454
8645608176370079e-22
0.00011182755049008688
0.20230052994673792
0.000930078109743861
0.012008539443255426
12200899189651457e-21
0.16529847286243907
0.10910793233398486
0.021761510600037497
3147010641917605e-20
0.0001534740242618303
12006681084120384e-23
0.013889226762791994
0.20426978455737727
8333314590066901e-24
11103428231954675e-21
9106422222689653e-21
9651202079182555e-20
10586521513263001e-21
0.5437334454509865
0.20223490312036146
0.0051839461810213126
0.0015509106860519151
0.043903115580239675
0.005920918654436169
6760883846496678e-20
0.02933369931861976
8324412808440413e-20
0.0007215201421225648
0.08938023192084163
9970389301015829e-22
0.8794638890115606
0.8915315368121723
0.001831704631851568
0.0005373916541538201
5829910130050917e-24
0.001031927463997855
10390421410413934e-24
0.010394967063851939
0.030301230105519574
0.0009047797650002054
0.0003377550556680678
0.0001545749540105141
26181882312906136e-22
0.006164327930826133
0.03171123251183462
0.02198968447050936
11257176079046886e-24
0.9907979248995672
0.07304710893226496
0
0
8178629375613891e-20
6662205146007714e-20
10336393213020991e-22
759661038734936e-21
0.00019352320301831862
0.009858108348892834
0.0054223112235018385
15204233913555196e-24
0.00013151718278578723
7328787347751641e-21
0.06035534302775324
0.013605912039340116
0.11388292712833334
3845637385892809e-22
0.06524698056348671
0.007753627497512667
0.0001201590029802821
0.1451397164531357
0.0002965200167668522
18549559457239284e-29
851559965010089e-19
37361715244970135e-22
0.0001247324639663539
0.016643520877099294
0.003920378660166714
0.0001635797342220713
0.00015213992436149444
3799874526104855e-24
0.0005147638751783986
0.023537457429395805
13135133746454171e-24
0.0018094022466558432
0.0018043276772522815
441894586588288e-19
0.12396279149835579
4337440953373071e-20
0.5706585509321929
0.0019146201238287263
0.23549676925831342
0.003314459827612821
0.0007014062340614607
0.0005696369766429703
447533630109205e-19
0.7052370651213345
12102147298357941e-21
21568123883335848e-21
0.008376946737966465
0.006489460716259097
217159852661274e-22
8723826414169645e-20
0.0030657331512447448
0.15708256343073304
0.03130428224953022
0.00010012352620818739
0.02361820178639885
0.00035425547343686273
0
0.1299244138124943
0.0125070598289716
0.6256436768306378
0.5303722996411001
0.5785137486686255
0.05558555868176173
0.03072631433088893
0.9419219730604526
0.606576708639134
0.9680116066317115
0.513656114989797
0.2888478194547784
0.0007658354381996082
0.016012541663472935
0.16919574814813967
0.4212355707669061
0.1633002877130975
0.0002993289565539923
0.0278490003851899
0.3805295223488001
0.1321164299705238
0.2083101688548945
