0.006216969361533427
37.84762668184541
127.60589910835016
0
137.1355792370999
0.003846376291493793
190.6811979223395
0
135.35453884832117
0
40.39322200323784
0
6.023576256630026
0
33.155957243474994
0
30.894418819183265
11.759798784637978
76.20059734798663
0.09714068783189354
0.010560166392388508
1.6994377241346303
2.563800514870089
0.937321085851037
0
6.333650213202621
0.5323598676240154
0.4612134589336617
0.006998834424546356
3.8042831652398172
3.9979469808254606
12.410983824893515
6.736450809050946
0.9737220145021268
22.58184858859012
3.131636656175087
3317124601655437e-21
38.07052424130915
53.97760464929581
0.0008584386082867463
35.4741117396554
0
2.958279152623727
0
8.879947408553972
17.68545761650888
4.491729092393092
0
17.70350845104121
0
0.09143167473014865
0.00578810192561352
33.24937107356027
32.9402987116002
18.499911572545678
26.64854599656357
61.68560960559639
0.05446143387921499
0.15882625706099118
0.009042256822913881
20.244120471421336
49.741817709672425
1.1114567210233937
0.3978284103017511
0.0017932022741645366
0.11202315788757992
58.89872194857561
0
155.58283532312493
0
11.867391026637648
0.007271520174199692
21.337902175161837
15.856424072727398
0.29209405922354564
1.1618006518469122
2.999429649340205
0
30356229934352688e-21
0.00036536493718237486
0.13106773514502124
0.0033849083423550586
0.007964896377088741
0.008177586114702257
0.0008176354190780348
0.001644314181304656
0.4490969261785886
0.6760467166930543
0.06558396896080043
0.14419592255358737
0.00012234766800214565
0.15400679323993527
0.03077903396372744
2.1937313945249044
0.05787831764002416
0.10165834598812595
0.026617180598473466
0.05609589574178914
0.6185995848218527
0.0006794917825715229
0
1.2628656416504591
1.42096563845503
0.03650312146371518
0
2.706282726655994
1238628868659429e-20
0.002732143385024047
0
0.00024118785357597771
0
0.13415001302909493
1.2350570767390365
0
0
0
0
2.1209447227947145
0.5725566083379158
1.1695575596960532
5.758947798200541
0.30550295505096325
1.5156535315820785
0.10845374506175691
0.009947802510485547
0.022650170989688134
4.839994239372177
0.0038019368729365548
1.64866439207311
9063935666874079e-22
0.07050295772641288
2.025838077363812
0.5123086470229623
0.603514077571784
0.0031115181880023747
0.8601005720030669
0.20064531231421345
0.00138907810498554
0.02876051264105082
0.9752815483710888
2.3115157136403295
0.1358962297630586
0.13262178202426286
0.40378932776039544
0.038391841616240416
0.5215013028589538
0.522496563234244
0.4004926428402729
0.6320026624327858
0.14684407313605183
1.6293993121582633
0.3600233239004239
12.291309909984323
1.99471648260596
2.804776318452753
0.1880114681337667
0.508914102120176
2.404502977817779
4.208876043356471
0.9350382720673702
6.1248951133087415
7.167931000570683
6.512329293120208
2.19892442072882
4.637235784989463
0.3795874920506458
43.92573434508126
619.5829925906357
4.002300891539476
10638.780401572561
1.0999999172374584
23.219059760473332
1.1825653910724727
45.43252708113496
1.2609182427845305
1.3966284598885512
1.0999993542801612
0.500640233086549
1.124280424126668
49.90357910059774
0
0.001400035526235042
1980434112361336e-20
0
18596141613176653e-21
0.039895542236425816
0.06455037719186313
0.10801405934721443
0.052494061668555615
0.04750233189487245
0.08418661316417196
0.06376531270878597
0.0913614266542933
0.061623963638241366
0.05657565243812368
0.08783899969734701
0.06700298974139525
0.05137919663185929
0.059925875941066194
0.05120097952788564
0.06427700430242553
0.06885723326292516
0.09839823508138915
0.06387623095529701
0.048942444722257124
0.0019047638719542448
0.007503447843051114
0.02350688913727862
0.07832328931180213
0.04355795019751076
0.1314646397093832
9120774762844159e-20
0.010219456227486191
0.313684191002064
4806127345497819e-21
0.08052422856128619
0.011058857718298896
0.0012712631424383095
54863820360703225e-22
12044248241487383e-22
0.11576108385755568
0.0989240510756528
0.004161965368881016
0.04242053008831075
0.02071199139467656
0.005819366364147074
0.012267136252081279
0.0004831214567152479
0.6867126715591356
15699130029763298e-25
0.08633525741025007
0.00034203356199662523
0.009729970814295554
0.011046653254969868
0.00015708681585954333
0.00017090478157689518
0.7991837478928334
0.00039366456008233083
0.06053076997950056
0.3506444808024807
13179246052634958e-22
2586172757666e-18
0.00014474766067614156
12571633911247296e-21
0.0005948451228334101
17003367554534775e-21
14432278929546705e-23
10044051067476084e-22
1907735757231968e-20
0.08368844059877008
0.08465862571154573
4350180082821102e-20
0.00021272925875431224
0.020055552983131542
0.008233460857642766
0.10197470754480038
0.020659557598718382
27829654396443718e-21
0.16382126699366373
0.04038306038732202
5573481644725827e-22
0.4419871688084606
445896558990432e-21
0.003779689919071364
0.0009835752581328243
22994565953104377e-28
0.46097697731453846
0.7804663928062299
0.01847356063779297
0.42451202075632194
0.9938023160062761
0.007464361423893437
0.25156886531285266
22332184598365096e-26
4630639484487852e-21
0.0006298363326265077
9121521249877499e-20
0.1552843817417335
8645608171398342e-22
0.00011182754217216059
0.20227327970873557
0.0009300775343593802
0.012008443519805708
1220089909063648e-20
0.16528028297977979
0.10910000955930102
0.021761195575341907
3147010576043659e-20
0.00015347400859477776
1200668108316151e-22
0.013889098439701132
0.20424200092689246
833331459002071e-23
11103428149951357e-21
9106422167531111e-21
965120145962704e-19
10586521438717103e-21
0.5435362370096076
0.20220767056893854
0.005183928305862512
0.001550909086146597
0.04390183322777502
0.005920895335496433
676088354246118e-19
0.029333126895240712
8324412347521428e-20
0.0007215197958518655
0.08937491570209877
9970389294403701e-22
0.8789470485586185
0.891000381509972
0.0018317024001699878
0.0005373914620658166
5829910130028313e-24
0.0010319267556968292
10390421410342124e-24
0.010394895187340785
0.03030061929514669
0.0009047792204912846
0.00033775497978905496
0.00015457493811788338
26181882267310954e-22
0.006164302655158755
0.0317105635284585
0.021989362804600777
11257176078962603e-24
0.9901415595224576
0.07304355843733902
0
0
8178628930697475e-20
666220485078257e-19
10336393205914497e-22
7596610383510902e-22
0.00019352317810774575
0.009858043705117763
0.005422291666676237
1520423391340144e-23
0.00013151717128089693
7328787312025885e-21
0.06035291929078112
0.013605788898148912
0.1138742954999744
38456373849091277e-23
0.06524414795876084
0.007753587508136347
0.00012015899337676986
0.14512569416190177
0.000296519958284357
18549559457239284e-29
8515599167766916e-20
3736171515212251e-21
0.00012473245361787602
0.01664333661104804
0.003920368437078477
0.00016357971642385187
0.00015213990896563537
3799874526095251e-24
0.0005147636989262258
0.02353708888514223
13135133746339413e-24
0.0018094000689884845
0.0018043255117826302
441894573599918e-19
0.12395256372574934
43374408282364455e-21
0.5704412970851995
0.0019146176855308057
0.23545983566225964
0.0033144525204258156
0.0007014059068277607
0.0005696367608114714
44753361678722904e-21
0.7049050236700968
121021472009393e-19
2156812357392042e-20
0.008376900060455796
0.006489432703936738
21715985265813728e-24
8723825907958832e-20
0.003065726899620897
0.15706613751772813
0.03130363032749511
0.00010012351954027799
0.023617830709097575
0.0003542553899628808
0
0.12991317828586932
0.012506955775638571
0.6253824640603809
0.5301846772764618
0.5782904633821249
0.055583502946553336
0.030725686261268967
0.9413289202707585
0.6063311991802288
0.9673851595388239
0.5134801485887616
0.2887922403997539
0.0007658350480871285
0.016012371104711348
0.16917669003260039
0.4211172872256706
0.16328253512906096
0.0002993288969582365
0.027848484444776916
0.38043301546913855
0.13210481199287993
0.20828127464296325
