0.010934399403613007
37.390568585773394
116.10904917073692
0
116.63496280023212
0.002077875087729562
154.48206976844313
0
141.2396613427769
0
71.60025815683393
0
16.935740887077273
0
32.23479689955141
0
32.031054230197476
7.227839575067036
47.35112950272273
0.14520002581675606
4015427165127734e-21
2.5841875581511737
2.431810449093778
0.8030577540356911
0
6.232038052791014
0.4370749438752498
0.4469206359990784
0.007018857600471232
3.8659503134936757
3.875564860275818
2.2001288026134955
4.052898429652811
1.0237880911564385
3.6758450410745533
2.265304967186527
2750283276788492e-21
32.188835628383835
47.815817648116266
0.0005231895640066735
25.772439843816677
0
2.959812957231518
0
15.419609141024333
29.672526357041356
4.491666965383315
0
17.031131853389432
0
0.15742401375272652
0.00909732260543222
33.24611282115884
32.940273925010544
18.605300984689382
101.04568194097706
61.68222942920162
0.09607758198217674
0.14878658061542482
0.009045761608450685
20.105379074066132
49.00843839943838
1.1669893155038364
0.15555241762401445
0.005029552340355106
0.16048640758741137
22.882251838722443
0
39.40873673567846
0
12.204331445286357
0.002818261781439445
0.5695238944699015
15.827080413967806
0.5325081404018948
1.1928376875824196
2.996850175766348
0
15668835595750046e-21
0.0005746960863540198
0.12159589002214569
0.004271534207779957
0.003093975989986045
0.008970024373214926
0.0010956433258306753
0.0015573549430907877
0.5225619469243188
0.673826077897319
0.1069628177725548
0.16776347365051536
9322118001042893e-20
0.15974045821238272
0.02891336328611684
2.1441525976768934
0.06674878767753423
0.1694544603811589
0.02758201344533623
0.052208760495712235
1.0215946259510582
0.0008374681805363528
0
1.2612444027888432
1.3711125129878663
0.014111713428852528
0
2.6753308701353835
20874953541717808e-21
0.00484939968035732
0
0.0010001283151975743
0
0.1340869209636515
1.2317645259780645
0
0
0
0
0.9319742401958707
0.5774981896710301
1.1437617374865012
5.6629840447795905
0.3122857133204172
1.462018998182101
0.11319597097008108
0.017011865463870773
0.028675278624740175
4.299970724209689
0.0038604182169240213
1.6653159065641165
9077289315381591e-22
0.06861962861972522
2.0968320181666447
0.4990093950572879
0.5695397320120966
0.0031147596374795088
0.8509134222689461
0.20141138992794141
0.0016399433889934102
0.027022325287163924
0.9575935257052012
2.2864724104420944
0.13801292662041106
0.1255198470620298
0.3805033178045452
0.03503312556518361
0.48630169403060014
0.4889381708873493
0.4022173997557249
0.6314840714129114
0.14653648325239582
2.742566721631028
0.3433616899577456
11.572271666979459
1.9993602429040513
2.8041227987307495
0.19078025060426695
0.4829192174740346
2.413969201452494
4.207228083150685
0.9435421261410739
5.721771660133206
6.907757282121168
5.517636590547702
2.207220746418867
4.138841764475275
0.3658954243934669
40.09747636704932
619.5813276301952
4.002300046570152
10603.306048593511
1.0999998544373237
23.219057398024038
1.1825186576050863
45.431136200149574
1.2652867713542333
1.396822859718639
1.0999988473515607
0.619976466829023
1.12411438004039
51.98229656613043
0
0.001352405844228818
36390282321782504e-21
0
0.00010957943991898021
0.03546714642641525
0.05718801347285508
0.09537329436918868
0.04676693380076121
0.04342438628270467
0.07465208980709044
0.056119181745296065
0.08066400956731001
0.054523360289014444
0.05017710009534954
0.07788735079010432
0.05931126357763633
0.04562782127048125
0.053325711692905634
0.04550041173628278
0.056835341160120845
0.061135592033317275
0.08837122448241327
0.056913162797477324
0.043352473491385324
0.0019047467564006647
0.007503182235891149
0.023504282172394596
0.07829434130866869
0.0435489983362336
0.13138306719459308
9120770838481964e-20
0.010218963532470156
0.3132194431247718
48061272365305515e-22
0.08049363052098517
0.011058280759845003
0.0012712555185151566
5486381894073842e-21
12044248173054504e-22
0.11569783906771504
0.09887786882230448
0.004161883652454439
0.04241203967658724
0.020709967518713478
0.005819206604674219
0.012266426327190666
0.000483120355635106
0.6844821244741481
15699130029647004e-25
0.08630008301895756
0.00034203301011810893
0.009729524187424777
0.01104607756929349
0.00015708669945090615
0.00017090464378801141
0.7961613972664421
0.00039366382901266216
0.0605134813992043
0.35006367845308595
13179245970696724e-22
2586172726114461e-21
0.00014474756183703333
12571633165676406e-21
0.0005948434536107354
1700336619065722e-20
14432278919720737e-23
10044051019885235e-22
19077355855431782e-21
0.08365539019836846
0.08462480444789457
4350179190091341e-20
0.00021272904527279605
0.02005365536701385
0.00823314105347765
0.1019256324227105
0.020657543957347698
27829650742842517e-21
0.1636945832694628
0.04037536604313446
5573481630071738e-22
0.4410640289216787
4458965580524953e-22
0.0037796225246193214
0.0009835706943779733
22994565953104167e-28
0.45997273464326294
0.7775841651177045
0.018471950594152953
0.42366049315161913
0.9891251638477444
0.007464098576729168
0.2512700234258042
22332184598341526e-26
4630639383332836e-21
0.0006298344612466827
9121517324872902e-20
0.15517056098159537
8645608136137177e-22
0.00011182748317878931
0.20208011762691339
0.0009300734535591457
0.01200776322206117
12200898388390664e-21
0.1651513319523794
0.1090438352185106
0.02175896145048128
3147010108844636e-20
0.00015347389747908484
12006681076360829e-23
0.013888188365390504
0.2040450589625197
8333314589693126e-24
111034275683577e-19
9106421776329143e-21
9651197065542658e-20
10586520910013781e-21
0.5421396228281109
0.20201463382346999
0.005183801531297766
0.0015508977391546176
0.043892739449451636
0.005920729952765866
676088138614475e-19
0.029329067406409375
832440907853756e-19
0.0007215173399942748
0.08933722045421445
9970389247508372e-22
0.8752901568336032
0.887242328619957
0.0018316865724496993
0.0005373900997183349
5829910129867984e-24
0.0010319217322137533
10390421409832816e-24
0.010394385430436366
0.03029628758627702
0.0009047753586695693
0.00033775444163135795
0.000154574825402319
2618188194393542e-21
0.0061641233950295825
0.03170581928973478
0.021987081582297105
11257176078364773e-24
0.9854988677132175
0.07301838214550105
0
0
8178625775208883e-20
6662202756951958e-20
10336393155512979e-22
759661035628734e-21
0.00019352300143410132
0.009857585242989334
0.005422152965448967
15204233912310885e-24
0.00013151708968457037
7328787058647409e-21
0.06033573216718154
0.013604915573485353
0.11381309600686022
384563737793255e-21
0.06522406175025028
0.0077533038966299175
0.0001201589252656168
0.14502628246384594
0.0002965195435081594
18549559457239284e-29
8515595746901151e-20
3736171449361755e-21
0.00012473238022319146
0.01664202979592087
0.003920295932437613
0.00016357959019325244
0.00015213979977333195
37998745260271294e-25
0.0005147624488912726
0.023534475217215963
13135133745525494e-24
0.0018093846243514807
0.0018043101536550361
44189448148226184e-21
0.12388004930876129
4337439940727647e-20
0.5689028351057213
0.0019146003924325487
0.23519805697611923
0.003314400695984785
0.0007014035859862611
0.0005696352300679173
4475335223035339e-20
0.7025545616168822
12102146510015178e-21
2156812137944748e-20
0.008376569016110402
0.006489234035072519
21715985263589022e-24
8723822317750956e-20
0.0030656825614743407
0.15694968897806405
0.03129900707785585
0.00010012347224934838
0.023615199077698348
0.0003542547979393135
0
0.1298335202210224
0.0125062178210196
0.6235329866703012
0.528855902863192
0.5767093239789144
0.05556892519766692
0.03072123215938911
0.9371335021117291
0.6045928169240149
0.9629538152080795
0.5122338673753962
0.288398362767259
0.0007658322812905675
0.016011161499649745
0.16904158538109726
0.42027933517763316
0.16315668350454754
0.000299328474286449
0.02784482550492185
0.37974925986317665
0.1320224428988144
0.20807646264586466
