0.01990534691254406
36.856562416037804
95.41154920141186
0
95.92445017638273
0.0009057689223057568
99.9473300323003
0
135.26928337786808
0
75.17175895500507
0
22.014568655394196
0
31.23323303357861
0
33.01698999519904
6.1219046281187275
26.25996775525354
0.15164347134979572
3803944323320455e-25
2.4047646756968306
2.2803022637968096
0.5707773819720521
0
6.027269256246667
0.27242966887835546
0.4308188499584554
0.007021020291208984
3.8761248341810153
3.73758145921706
0.9139273136137381
1.228978140320674
1.0317035635425993
1.5255030515885748
0.7377943180456114
23102863316793524e-22
21.762537300236342
35.61709429570948
0.0004055071916509599
11.717505240123197
0
2.5135702848812604
0
14.907020029710173
27.958068751975485
4.489237463922803
0
15.834846037452916
0
0.16298504284991042
0.010058433518046295
33.23995062465502
32.940265372866584
18.760132211090383
124.57249357530708
61.678812369203335
0.10218900335434733
0.020469211782748586
0.009045291642842965
19.912292092783833
47.06564028718438
1.2071297732103763
0.11032867072616766
0.008691657239102741
0.202134106342358
15.903211044625802
0
16.00803608823105
0
12.393703772570028
0.0019734216606500017
0.001979099041756981
15.803940246020172
0.5588587042712111
1.222195507211897
2.9915311912745106
0
1584635207785038e-20
0.0006360310359195694
0.11054776550579018
0.005857510699052016
0.0021613646068426905
0.009179170272724399
0.001430904319513782
0.0013654192633954674
0.6389591427850447
0.6697791654772721
0.10387418449783288
0.20087238140304936
8140774365077685e-20
0.16289969610717378
0.02519721008414989
2.017788162620451
0.08049755950097298
0.17050174287656455
0.028693775245054703
0.04628108780284594
1.01762153380712
0.0010975188823060427
0
1.2582876611290057
1.2752506500312975
0.009835750314688406
0
2.6186509382290155
21364953878526853e-21
0.005220117802506969
0
0.0016660848932904281
0
0.13397469896120007
1.2258814626463788
0
0
0
0
0.30446968072069086
0.5835754208861954
1.0864522868225883
5.473634490451903
0.32428831991902884
1.392826560371252
0.11916819045085099
0.017528063278811196
0.039240219557534976
3.322178131333461
0.003934397194968362
1.6876796862459498
9102500761293145e-22
0.06536639661543726
2.137750500050369
0.4762216342064709
0.515264290977199
0.0031158758399549456
0.8336636114914953
0.20282894837414586
0.0020920961544677896
0.024919349251464978
0.9259314308628127
2.240687455837376
0.14199749009685697
0.11719339011545145
0.355419030518635
0.030606419923760987
0.4486887609546573
0.449969361581577
0.4054787814816575
0.6305091264707785
0.14329847132847517
2.7758764293109763
0.3255923196847309
10.81473650054916
2.004687052022253
2.7994986855295894
0.194223997144737
0.4550858511021991
2.4248497603843937
4.195679520387299
0.9540304776135602
5.285849588875091
6.689333175356292
4.1618160852203765
2.2196641025939976
3.6097473252191175
0.3525369123008251
36.72020141978624
619.5781614540462
4.002298439726371
10536.17191936611
1.0999997350128374
23.21905290544961
1.18242979153986
45.4284913350423
1.2724608239490556
1.3969351096522775
1.09999872789908
0.7502342919149135
1.1237986906542525
11.240256991396452
0
0.0013010627801037559
6595877419424323e-20
0
0.00038093338557912984
0.03046699455962981
0.04879442306775793
0.08074190333623114
0.04020949409674716
0.038373690572964546
0.06371022003358295
0.04726617204719819
0.06830477877679705
0.04642729750181917
0.04288750023455292
0.06659242869102094
0.05054500882949219
0.039061398539077995
0.045855087648511594
0.038985637554965036
0.0482055299683494
0.052313544217194086
0.07716004171568573
0.049090786332666
0.036993353582393786
0.0019047142088631911
0.007502677167347367
0.02349932540947806
0.07823932156744277
0.04353198001620987
0.1312280836346779
912076337568443e-19
0.010218026659653441
0.3123375496087921
48061270293118844e-22
0.08043547552947902
0.011057183664139818
0.0012712410205324154
5486381624044842e-21
12044248042918425e-22
0.11557766430324976
0.09879010535866144
0.004161728260029989
0.04239589848932178
0.020706119340576378
0.00581890280859267
0.012265076404849659
0.00048311826176208476
0.6802603523043549
15699130029425889e-25
0.0862332328229039
0.00034203196063532554
0.00972867491157908
0.011044982893703623
0.00015708647808150756
0.00017090438176072388
0.7904454134196274
0.00039366243877054006
0.06048061802187707
0.3489618428312973
13179245814878078e-22
258617266611417e-20
0.00014474737387885152
12571631747854278e-21
0.0005948402793298461
17003363597026276e-21
14432278901035097e-23
10044050929383665e-22
19077352590495345e-21
0.083592575584382
0.08456052518124972
4350177492423466e-20
0.00021272863930414993
0.02005004724190846
0.008232532928994514
0.10183237338165327
0.020653715237791026
27829643794936968e-21
0.16345394413347622
0.04036073806192412
5573481602204655e-22
0.43931384703188536
44589655626885846e-23
0.003779494366608289
0.0009835620157268353
22994565953103666e-28
0.4580690386556172
0.7721324821908546
0.018468889225872004
0.42204588697605766
0.9802914565285429
0.0074635987563552416
0.250702706879687
22332184598296737e-26
4630639190970403e-21
0.0006298309025340654
9121509860853739e-20
0.15495434273473171
8645608069082434e-22
0.00011182737099354709
0.20171329782294703
0.0009300656933144077
0.012006469633454498
12200897052958074e-21
0.16490638846377512
0.10893709051483372
0.02175471353764028
3147009220391183e-20
0.00015347368617505007
12006681063428263e-23
0.013886457878095022
0.20367106611490926
8333314589070134e-24
11103426462364451e-21
9106421032396073e-21
9651188709494146e-20
1058651990459993e-20
0.5394936308854988
0.20164805187148854
0.005183560457746183
0.0015508761612641109
0.04387545137264739
0.005920415463805121
6760877285566175e-20
0.029321349189255542
8324402862045588e-20
0.0007215126698114541
0.08926558077146421
9970389158329398e-22
0.8683779169582606
0.8801394665091009
0.0018316564738861672
0.0005373875090062972
5829910129563094e-24
0.0010319121793249347
10390421408864298e-24
0.010393416115144287
0.030288051857683605
0.0009047680148435778
0.0003377534182408151
0.00015457461105587762
2618188132898512e-21
0.006163782517613856
0.03169679931943971
0.021982744126252854
1125717607722795e-23
0.9767300231445942
0.07297052934005717
0
0
8178619774546144e-20
666219877520008e-19
1033639305966645e-21
7596610304517355e-22
0.00019352266546136248
0.009856713462771916
0.005421889212676636
15204233910237093e-24
0.00013151693451624838
7328786576807746e-21
0.060303061606246856
0.013603254961655811
0.11369680611496658
38456373646654776e-23
0.0651858816725156
0.0077527645926242636
0.0001201587957414752
0.14483742306585473
0.0002965187547465005
18549559457239284e-29
8515589241581718e-20
3736171324136501e-21
0.00012473224065158263
0.016639544961097617
0.0039201580569696
0.000163579350145853
0.00015213959212692415
3799874525897596e-24
0.0005147600717583122
0.023529505710471195
13135133743977722e-24
0.0018093552542684552
0.001804280948080429
44189430630586244e-21
0.12374226857195646
4337438252988258e-20
0.5659886419165162
0.0019145675072721024
0.2347010456528027
0.0033143021457594565
0.0007013991725562509
0.0005696323191256426
4475333426277352e-20
0.6981063839907027
12102145196112612e-21
21568117206306906e-21
0.008375939518449818
0.006488856251241697
2171598525935842e-23
8723815490400712e-20
0.003065598247168475
0.15672848160374342
0.03129021711322113
0.00010012338231814583
0.023610195418806643
0.00035425367211456947
0
0.1296821724074568
0.012504814602447279
0.6200309867139923
0.5263382070117762
0.5737144521299729
0.0555412138247945
0.03071276375383447
0.9292067637120602
0.6013007441232688
0.954582832552549
0.5098722038927023
0.28765082299383915
0.0007658270198120937
0.016008861494316726
0.16878495989237813
0.4186904329080782
0.16291762408111368
0.0002993276705101093
0.02783786877204688
0.378452377991002
0.13186594656621292
0.20768753538215448
