0.020136243371396592
36.834999814376204
94.91207307232214
0
95.42536710156276
0.0008971483581304094
99.33442652594655
0
134.91955418635857
0
75.19723179944421
0
22.150105004315446
0
31.211814746184974
0
33.03629812994513
6.138363080443703
26.197212122465306
0.15158545030515283
34425908000525905e-26
2.4004662553405263
2.2742598795659186
0.5656067690415664
0
6.021803535686468
0.2688867438475756
0.4304265353365658
0.007021035566687094
3.8759955718496553
3.7342180304188632
0.8966066583652808
1.1887853683688399
1.0316953107103832
1.4965636657894215
0.7159981606668283
2299128672660662e-21
21.52404108136764
35.30630419507548
0.0004062864153257649
11.451573812615184
0
2.5002581444355974
0
14.876798157765627
27.898198482867016
4.489161263379298
0
15.805493193119316
0
0.1630108719140245
0.010077548871412103
33.2397920668314
32.9402651892536
18.763472466938047
118.44018434985905
61.67872946785355
0.10224532747694527
0.016143516445560287
0.009045272945234996
19.907939683643203
47.0124069945897
1.2075368197686132
0.11036091350443986
0.00877793755747775
0.20268146487324082
15.89943740796749
0
15.991804761206746
0
12.391283959351313
0.0019734010428506484
0.0019789548254429243
15.803373093159797
0.5590171864147601
1.2227794780492327
2.99139252450302
0
1594769668815634e-20
0.0006372554338640677
0.11017805203931608
0.005895383691241361
0.002161173109412733
0.009170617456329314
0.0014370371308490546
0.0013606298699356985
0.6408702690863706
0.669677188638116
0.10363598716692393
0.2014871786077778
8168283903419754e-20
0.162723316005593
0.025079886353257738
2.0144444589101966
0.08066199714306993
0.17042637498129126
0.028667872913118092
0.04608780456496868
1.016767080946387
0.0011028519553911158
0
1.2582117540568876
1.2728465106390452
0.009834519812712198
0
2.6172161783390644
21362983267945092e-21
0.005225038918218307
0
0.0016890659207348412
0
0.1339719105696267
1.2257339613630402
0
0
0
0
0.2968838093714218
0.5836883351543734
1.0849646806626119
5.468640589665716
0.32458257943531277
1.3904659803504829
0.11928183795896012
0.01752919607475956
0.039492794533513696
3.3002750842004334
0.003935775623673909
1.6881142067817148
9103144718315831e-22
0.06528668967566416
2.137577781170786
0.4752613315838307
0.5137576731260832
0.0031158894855835262
0.833224422741212
0.20286476427894132
0.0020994717898927175
0.024846474679017128
0.9251479086338336
2.2395006859890527
0.14209927415133192
0.11690164189114646
0.35447516481985997
0.030471669843951343
0.4473056936185675
0.44890114126044345
0.4055621287063314
0.6304842271632989
0.14319937827889875
2.7747848078911526
0.324930772116355
10.785743629537617
2.0047904958626566
2.7993647129880164
0.1942883120779748
0.45401132329710814
2.4250612037763375
4.195345420051611
0.954225860590304
5.271369431999663
6.675742960941265
4.128490221582967
2.219858157371368
3.5942525828516496
0.35195083832411944
36.61971450767713
619.5780799624373
4.002298398369038
10534.449627047976
1.0999997319390606
23.21905278981864
1.18242750437132
45.42842326288463
1.2726078581917595
1.3969366621997195
1.0999987248245848
0.7526315849577734
1.123790566523116
9.009388221469806
0
0.0012986788870922505
6669934151974303e-20
0
0.00038876655414862854
0.030313061447069304
0.04853936114660022
0.0803070634123607
0.04000822249524331
0.038221049118242124
0.06337817015242762
0.047003795970222514
0.06793604639848139
0.04618240534914204
0.0426658342439841
0.06624812565674028
0.050279429426252284
0.03886138861333213
0.04562511780079128
0.03878714993912555
0.047948141512639014
0.05204520101312671
0.07680010635165248
0.048849094174125425
0.03680024700716562
0.0019047133711539883
0.007502664168217456
0.023499197844891517
0.07823790596627234
0.04353154208229335
0.13122409704385898
9120763183605187e-20
0.010218002547323732
0.3123148840230432
480612702397844e-20
0.08043397927672233
0.011057155428256873
0.0012712406473819435
5486381617094769e-21
12044248039568947e-22
0.11557457286382081
0.09878784750957784
0.004161724260578043
0.042395483124564204
0.02070602030465804
0.005818894989623579
0.012265041662176714
0.00048311820786958444
0.6801520357084059
156991300294202e-23
0.08623151289981215
0.0003420319336235214
0.009728653053686562
0.011044954720105452
0.0001570864723838515
0.00017090437501660624
0.7902988369949767
0.0003936624029882103
0.06047977241180071
0.34893352934087235
1317924581086758e-21
2586172664569868e-21
0.0001447473690411407
12571631711362025e-21
0.0005948401976296454
1700336353027077e-20
14432278900554162e-23
10044050927054312e-22
1907735250646161e-20
0.08359095946911711
0.08455887139030524
435017744872848e-19
0.00021272862885523907
0.020049954383664876
0.008232517277529574
0.10182997418417308
0.020653616702630925
27829643616110085e-21
0.16344775517593682
0.040360361633303365
5573481601487406e-22
0.43926889221210885
4458965562229508e-22
0.0037794910681031657
0.0009835617923545834
22994565953103654e-28
0.45802014500264465
0.7719926711285666
0.018468810438318103
0.42200441117200194
0.9800651368318009
0.007463585892297043
0.2506881220670933
22332184598295587e-26
4630639186019332e-21
0.0006298308109393081
9121509668743054e-20
0.15494878163503262
8645608067356564e-22
0.00011182736810609714
0.20170386531914275
0.00093006549358017
0.012006436340591627
12200897018586383e-21
0.16490008884569857
0.10893434447312857
0.021754604214760002
3147009197523952e-20
0.00015347368073645855
120066810630954e-21
0.013886413341232732
0.20366144924887367
8333314589054098e-24
11103426433898128e-21
9106421013248541e-21
9651188494424204e-20
1058651987872234e-20
0.5394256984346865
0.20163862548102116
0.005183554253083668
0.0015508756058910079
0.04387500649776036
0.00592040736963122
6760877180024505e-20
0.02932115056269324
8324402702044046e-20
0.0007215125496095362
0.08926373765017748
9970389156034087e-22
0.8682007304407933
0.8799574038545382
0.0018316556992084465
0.000537387442326077
5829910129555246e-24
0.0010319119334514942
10390421408839372e-24
0.010393391167861553
0.030287839914025987
0.0009047678258271606
0.00033775339190057795
0.00015457460553898
26181881313157383e-22
0.006163773744275723
0.03169656719509667
0.02198263249903552
11257176077198691e-24
0.9765053613955562
0.07296929810680952
0
0
8178619620099664e-20
66621986727168e-18
10336393057199527e-22
7596610303184885e-22
0.00019352265681402099
0.009856691025695485
0.005421882424312113
1520423391018372e-23
0.00013151693052249028
7328786564406039e-21
0.06030222095685539
0.013603212223094838
0.11369381458605098
3845637364324007e-22
0.0651848992793372
0.00775275071237999
0.00012015879240775276
0.1448325654039825
0.00029651873444518616
18549559457239284e-29
8515589074146268e-20
37361713209134234e-22
0.00012473223705925624
0.01663948101070401
0.00392015450836082
0.00016357934396745848
0.00015213958678247347
3799874525894262e-24
0.000514760010575223
0.023529377817934117
13135133743937888e-24
0.0018093544983403098
0.001804280196386389
44189430179713e-18
0.12373872436095075
43374382095488145e-21
0.5659138330758021
0.0019145666608731905
0.23468826732621054
0.0033142996092881396
0.0007013990589626677
0.000569632244203289
44753333800319616e-21
0.6979922682310521
12102145162295065e-21
215681170988976e-19
0.0083759233169083
0.00648884652803864
2171598525924953e-23
8723815314676759e-20
0.0030655960770966926
0.15672279223120314
0.03128999090753295
0.00010012338000347543
0.023610066647396236
0.0003542536431378619
0
0.129678279309898
0.012504778488140073
0.6199411114826163
0.5262735643979389
0.573637575025174
0.055540500765095376
0.03071254582274125
0.9290036308669053
0.6012162489868058
0.954368341439185
0.5098115627633214
0.28763160823008704
0.0007658268843913407
0.016008802300573926
0.16877835994751753
0.4186496167415199
0.1629114757366619
0.00029932764982234416
0.02783768974088583
0.3784190570546878
0.13186192107472125
0.20767753467837888
