0.020193967486109726
36.828707522159995
94.78750300786177
0
95.30086708530311
0.0008950299813290098
99.18308550294996
0
134.83064672416685
0
75.20365643250516
0
22.188978437982836
0
31.206516041926196
0
33.04110120256544
6.142549181769913
26.183032432980877
0.151567585475415
33587580107759004e-26
2.399405651189791
2.2725032183459604
0.5643209930391394
0
6.020435626463956
0.26800704126407493
0.43032885660453696
0.007021039178785182
3.8759612733199944
3.733380590806034
0.892366252886343
1.1789596646073677
1.0316921658670473
1.4894791993104661
0.7106652295338094
2296350241817018e-21
21.46472199156293
35.228709074206165
0.0004065096604744666
11.38583960646174
0
2.496935143368097
0
14.86923827840286
27.88544088424135
4.489142167267828
0
15.798165892479938
0
0.16301757091066335
0.010083075597254937
33.239752427405726
32.94026514324756
18.76430300821182
116.71323201471395
61.67870878052355
0.10225939500934916
0.015173600527273361
0.0090452682928748
19.906855743154683
46.99901141145429
1.2076355294053824
0.11036844910225521
0.008799489686600596
0.20281552622432394
15.898426081588868
0
15.988131419147283
0
12.39017887189247
0.0019733874392452166
0.0019789260222588963
15.803231217272147
0.5590572011403452
1.2229249441581713
2.991357851344388
0
1597167593472843e-20
0.0006376088715508717
0.11007380751044209
0.00590472955037485
0.0021611160188948412
0.009168397369722468
0.0014385521649364081
0.0013594353150290035
0.6412837085171099
0.6696517130382936
0.10356729197174527
0.20163931830214799
817507505311285e-19
0.162667080321135
0.02504857561278786
2.013608337991614
0.08069456242965757
0.1704080438191252
0.028658118211007395
0.046034368705946044
1.0165546424933616
0.0011041749155395744
0
1.258192796661539
1.2722431486451802
0.009834170416532988
0
2.616857709621256
21362523334682583e-21
0.005226273826719851
0
0.0016957252915998386
0
0.13397121459500336
1.225697127769774
0
0
0
0
0.2949932027629037
0.5837162096345796
1.0845928555384645
5.467391169835563
0.3246560333930402
1.3898038397211212
0.11931002022698779
0.017529507542817256
0.03955579708972075
3.294828017313655
0.0039361168563613325
1.6882218622444387
9103305660925766e-22
0.0652667930445491
2.137528003213421
0.47498189754404146
0.5133641281254344
0.003115892853814451
0.8331146481985723
0.20287371305877852
0.002100997025218436
0.024825852476119032
0.9249522767629808
2.2392017145945218
0.14212471357871673
0.11681865659873839
0.35420160985081095
0.03043494310468405
0.44690632339946973
0.4485947102585881
0.40558295804141414
0.6304780038551862
0.14317448407761363
2.7745159497796057
0.324739967586257
10.777302037323304
2.0048159317410152
2.799330593306845
0.19430419008257285
0.45369833266114956
2.4251131938937864
4.195260340173269
0.9542740987597395
5.267257607850436
6.671539202834199
4.11982460987458
2.219902959513402
3.5899517381826995
0.3517754532122319
36.59119330156365
619.5780595895368
4.002298388029705
10534.01909795993
1.0999997311706164
23.219052760910895
1.1824269325798764
45.42840624486116
1.272644377632992
1.3969370448110325
1.099998724055961
0.7532255459862531
1.123788535498637
8.500439603891332
0
0.0012979697712951392
6688417386099334e-20
0
0.00039072672082346124
0.030270315503852445
0.04846878282045679
0.08018743268040032
0.03995244200787481
0.03817918203480053
0.06328637243747469
0.04693163690266217
0.06783452003785677
0.046114706177173295
0.04260447968501874
0.06615274865051538
0.050205982001666066
0.038806021899843536
0.04556128474909462
0.038732205015343024
0.047877307059693154
0.051970944383880155
0.07669924511700008
0.04878195163542233
0.03674680676514585
0.0019047131617267452
0.007502660918438497
0.023499165953853082
0.07823755206998173
0.0435314325995026
0.1312231004150777
9120763135585378e-20
0.010217996519250197
0.3123092178836086
4806127022645079e-21
0.0804336052178821
0.011057148369297404
0.0012712405540943425
548638161535725e-20
1204424803873158e-21
0.11557380001688382
0.09878728305536998
0.0041617232607156565
0.042395379284010666
0.02070599554575247
0.0058188930348829476
0.012265032976523853
0.0004831181943964603
0.6801249592543777
15699130029418777e-25
0.08623108292439922
0.0003420319268705707
0.009728647589221106
0.011044947676717138
0.00015708647095943754
0.0001709043733305769
0.7902621971359535
0.00039366239404262836
0.06047956101112896
0.3489264513272192
13179245809864954e-22
2586172664183793e-21
0.00014474736783171303
12571631702238963e-21
0.000594840177204597
17003363513581893e-21
1443227890043393e-22
10044050926471975e-22
19077352485453176e-21
0.08359055544518292
0.08455845794762289
4350177437804734e-20
0.00021272862624301141
0.020049931169171177
0.008232513364667989
0.10182937439363524
0.020653592068914352
27829643571403364e-21
0.16344620797316736
0.04036026752669675
5573481601308094e-22
0.4392576542259659
4458965562114739e-22
0.0037794902434773346
0.0009835617365115284
22994565953103654e-28
0.45800792240486715
0.7719577223187638
0.018468790741482145
0.4219940428578725
0.9800085650722091
0.007463582676285958
0.25068447599652216
223321845982953e-24
4630639184781564e-21
0.0006298307880406208
9121509620715383e-20
0.15494739139129254
8645608066925098e-22
0.00011182736738423467
0.20170150726211156
0.0009300654436466173
0.012006428017390334
1220089700999346e-20
0.1648985139787818
0.10893365797351813
0.02175457688412577
3147009191807144e-20
0.00015347367937681072
12006681063012185e-23
0.013886402207039478
0.20365904510331648
833331458905009e-23
11103426426781547e-21
910642100846166e-20
965118844065672e-19
10586519872252943e-21
0.5394087166585848
0.20163626895225717
0.0051835527019192
0.0015508754670477633
0.04387489527974342
0.005920405346089473
6760877153639088e-20
0.0293211009062629
832440266204366e-19
0.0007215125195590598
0.08926327687580209
997038915546026e-21
0.868156439460728
0.8799118940757115
0.0018316555055390676
0.0005373874256560232
5829910129553285e-24
0.0010319118719831432
10390421408833142e-24
0.010393384931050225
0.03028778692834332
0.0009047677785730624
0.00033775338531551896
0.0001545746041597556
26181881309200448e-22
0.00616377155094314
0.03169650916427652
0.021982604592319755
11257176077191376e-24
0.9764492040330403
0.07296899030174366
0
0
8178619581488046e-20
666219864709598e-19
10336393056582796e-22
7596610302851767e-22
0.00019352265465218569
0.009856685416434358
0.00542188072722231
15204233910170376e-24
0.00013151692952405075
7328786561305612e-21
0.06030201079633862
0.013603201538475575
0.11369306671612084
3845637364238639e-22
0.06518465368335594
0.007752747242322805
0.00012015879157432216
0.1448313510139709
0.0002965187293698578
18549559457239284e-29
8515589032287405e-20
37361713201076537e-22
0.00012473223616117464
0.016639465023144014
0.003920153621209127
0.00016357934242285988
0.00015213958544636083
3799874525893428e-24
0.0005147599952794518
0.023529345844908463
13135133743927929e-24
0.0018093543093583228
0.0018042800084629282
4418943006699469e-20
0.12373783832406082
4337438198688954e-20
0.5658951324106379
0.001914566449273521
0.23468507285326984
0.0033142989751706138
0.0007013990305642748
0.0005696322254727022
44753333684706145e-21
0.6979637422059304
12102145153840679e-21
21568117072045273e-21
0.008375919266527818
0.006488844097240152
2171598525922231e-23
8723815270745772e-20
0.003065595534578987
0.1567213699203385
0.03128993435636642
0.00010012337942480785
0.023610034454653372
0.0003542536358936854
0
0.12967730605376968
0.01250476945957957
0.6199186447104191
0.5262574049850068
0.5736183573586293
0.05554032250160099
0.03071249134020957
0.9289528545945337
0.6011951270579593
0.9543147261917879
0.5097964036079301
0.2876268047397032
0.0007658268505361562
0.016008787502172425
0.16877671000162708
0.41863941332161053
0.1629099386868043
0.0002993276446504031
0.027837644983275477
0.37841072727901787
0.13186091472104952
0.2076750345776797
