0.02121281919880576
36.65695980799258
92.60787623860578
0
93.12186435127487
0.0008596805222603205
96.61519518705325
0
133.16130490146858
0
75.32313359110196
0
23.149484002597855
0
31.118041612279054
0
33.12440121203821
6.219746134333513
26.006992637567407
0.15118835102753345
22089234394423798e-26
2.3816636893465817
2.2254670522287734
0.5420588172272344
0
5.996194695036415
0.2528660484048604
0.4286317504842438
0.007021090108885776
3.875236141195327
3.718829903537001
0.8232354924396431
1.0195794907487026
1.0315708943768647
1.3740069138694866
0.6238870183595352
22480615636267118e-22
20.438263468438322
33.86664669529492
0.0004126363430882536
10.274253253186508
0
2.4386063200444537
0
14.736151901103947
27.767395701513554
4.488802427072096
0
15.669534354392264
0
0.16315645670623288
0.010242048681995271
33.239052777758
32.94026432294422
18.778669056213893
92.73320555334348
61.67834597826191
0.1025106241544757
0.006746174540834142
0.009045187904555893
19.88799330387186
46.75293157804589
1.2091812428952482
0.1104183818881595
0.009179038448033
0.2049983577839118
15.8693767582767
0
15.938347323308141
0
12.33728486816191
0.0019717519873154047
0.0019780816110441263
15.800720029941644
0.5598072478410452
1.2254708620297818
2.990745469194366
0
16295198091894114e-21
0.0006477355080619604
0.10746727075863917
0.0060612571920285185
0.0021585853381035245
0.009124205628766294
0.0014641351826444992
0.0013385101939962843
0.6442566016674222
0.6692034360224177
0.10175776757851918
0.20422944311340596
8286230218436952e-20
0.1608706792549599
0.024366050343953068
1.9988386074863498
0.08070133616786848
0.17012918147909437
0.028271077955305195
0.04476136653906631
1.0129091749105423
0.0011268943935844882
0
1.2578604969519152
1.2612922558331527
0.009821080395474335
0
2.6105474110251325
21357153771279393e-21
0.0052486315437795415
0
0.0018702473498082557
0
0.13395902576580732
1.2250505582700824
0
0
0
0
0.26215042857463217
0.5841825418727633
1.0780373716138298
5.44527628649747
0.32594525552157017
1.3733356924905307
0.11979306139041516
0.017537371655454638
0.040658984516603124
3.2004554757574946
0.00394192506417541
1.6900590053376698
9106143222659686e-22
0.06491757685520626
2.1362506426149652
0.46746057167520183
0.5053036285289627
0.00311595115336185
0.8311777243794314
0.20303132049532754
0.0021066385704048667
0.024304779638423445
0.9215163480831926
2.233771689710222
0.14257328266700411
0.11469515388427251
0.3469227178841312
0.029590623881262598
0.4363841302862595
0.43986871582780235
0.4059499442163453
0.6303682600952379
0.1427264767806501
2.7701126381465193
0.31969846730925067
10.550594289394104
2.0052260160502344
2.7986578465035077
0.19456985414893915
0.44527069972004824
2.425951132081066
4.193583553226422
0.9550814763498889
5.1627542441633665
6.545019998216966
3.946206786100941
2.220721758323934
3.4868778312656894
0.34677579699914085
35.865052295521
619.57770000051
4.002298205536702
10526.422997654081
1.0999997176072966
23.219052250678654
1.1824168402975164
45.42810587157896
1.2732736570356609
1.3969434562376397
1.09999871048947
0.763369858073873
1.1237526877212944
3.963289374103921
0
0.00127799786471423
7011723236168944e-20
0
0.00042530795482810237
0.02924528333546769
0.046791066806403665
0.07738362641793654
0.03862070164971072
0.03720102198780034
0.06110870851929175
0.04524236388816626
0.06545046112799091
0.044509322444814904
0.041144825032481736
0.06387941060463298
0.04846254449941504
0.037488259308807885
0.044031996989622985
0.03742437437460551
0.0462155971713794
0.050205114106067525
0.07422621239456192
0.047169726604253975
0.03547618584889323
0.001904709465263185
0.007502603558884339
0.0234986030724976
0.07823130593463819
0.04352950023356948
0.13120551079878853
9120762288018231e-20
0.010217890122135408
0.312209225370616
4806126999110767e-21
0.08042700322901179
0.011057023776825688
0.001271238907535234
548638158468942e-20
12044248023951706e-22
0.11556015983669492
0.09877732076321738
0.0041617056128188095
0.04239354650216721
0.02070555854689688
0.005818858533104776
0.012264879672590196
0.0004831179565909591
0.6796472273242046
15699130029393678e-25
0.08622349405415512
0.0003420318076785458
0.009728551139914698
0.011044823359079562
0.00015708644581801257
0.00017090434357154536
0.7896157697604832
0.00039366223614987296
0.060475829833662786
0.3488015454293043
13179245792168265e-22
25861726573694204e-22
0.0001447473464848744
12571631541213572e-21
0.0005948398166951466
1700336321901712e-20
1443227889831175e-22
10044050916193488e-22
19077352114646658e-21
0.08358342459655071
0.08455116086595255
4350177244996625e-20
0.00021272858013624454
0.020049521429300547
0.008232444301537646
0.10181878845298503
0.020653157279653386
2782964278231344e-20
0.16341890168953724
0.04035860654682569
5573481598143168e-22
0.4390593469797166
445896556008902e-21
0.003779475688559775
0.0009835607508617277
22994565953103597e-28
0.45779224276600194
0.7713411234056745
0.018468443088589262
0.42181108024857417
0.979010590147789
0.007463525912743498
0.2506201302464943
22332184598290203e-26
4630639162934514e-21
0.0006298303838705624
9121508773009493e-20
0.15492285513436319
8645608059309538e-22
0.00011182735464309908
0.2016598912311448
0.0009300645623016111
0.012006281110796518
12200896858325229e-21
0.164870719477818
0.10892154171665111
0.021754094494098458
3147009090903401e-20
0.0001534736553785315
12006681061543398e-23
0.01388620568593035
0.20361661572678322
8333314588979334e-24
11103426301171284e-21
9106420923971424e-21
9651187491641023e-20
10586519758065726e-21
0.5391090700836627
0.20159467989135155
0.005183525323376055
0.0015508730164158172
0.043872932287515896
0.005920369629952239
6760876687926854e-20
0.029320224465968055
8324401956022284e-20
0.0007215119891573802
0.089255144431216
9970389145331986e-22
0.8673750592727132
0.8791090171417358
0.0018316520872071478
0.0005373871314235691
5829910129518658e-24
0.0010319107870448957
10390421408723142e-24
0.010393274849667835
0.030286851726943766
0.0009047669445213734
0.00033775326908684356
0.0001545745798159435
26181881239359096e-22
0.006163732837950249
0.0316954849165877
0.02198211203442255
1125717607706226e-23
0.9754585374563439
0.07296355764358638
0
0
8178618899978889e-20
6662198194879166e-20
10336393045697283e-22
7596610296972131e-22
0.00019352261649500658
0.009856586411451663
0.005421850773054733
15204233909934855e-24
0.00013151691190122993
7328786506581947e-21
0.06029830150699219
0.013603012952423537
0.11367986734831344
3845637362731868e-22
0.0651803189768637
0.007752685994801427
0.0001201587768639686
0.14480991826249234
0.0002965186397884722
18549559457239284e-29
8515588293463233e-20
3736171305885526e-21
0.00012473222030970758
0.016639182839397738
0.003920137962690688
0.00016357931516013292
0.00015213956186348646
3799874525878713e-24
0.0005147597253035772
0.02352878151647614
13135133743752143e-24
0.0018093509737604626
0.0018042766915484097
44189428077475384e-21
0.1237222004934823
4337438007008449e-20
0.5655651605326552
0.001914562714465902
0.23462869639509504
0.0033142877827845928
0.0007013985293224541
0.0005696318948711026
4475333164408611e-20
0.6974604392836232
12102145004617675e-21
21568116598091887e-21
0.008375847776154981
0.006488801192908693
21715985258741847e-24
8723814495347824e-20
0.0030655859589590897
0.15669626773842102
0.03128893622443996
0.00010012336921111401
0.023609466248205875
0.0003542535080313472
0
0.12966012892975998
0.012504610103261241
0.6195222319580042
0.5259722670971765
0.5732792644717454
0.05553717617997249
0.030711529719529257
0.9280570914874509
0.6008224394107259
0.9533688930939346
0.509528913156053
0.28754203458185035
0.0007658262529800278
0.016008526307231253
0.16874759050856317
0.41845936015807395
0.1628828115820776
0.00029932755336376876
0.02783685500694591
0.37826373387067574
0.1318431534751784
0.2076309118404389
