0.023750069798283122
36.14619361371642
87.33752982020695
0
87.85203568349966
0.0007830906847554095
90.7702484894556
0
128.09730172643188
0
75.65145476876603
0
25.20355380014776
0
30.941553237604115
0
33.3217935210143
6.4296614175463
25.628069010871236
0.15103520264762746
8427671171075872e-26
2.344162569913377
2.0941355240574473
0.4900260025042484
0
5.935042715749101
0.21826797573851706
0.42463863173882205
0.0070211281166421245
3.8726287810308033
3.6845883694391386
0.6925138757674297
0.7215721316901792
1.0308249061747874
1.1558066928547268
0.4605772395557205
2130712715649189e-21
18.059738778019934
30.554134278917612
0.0004315531395476029
7.888166427961383
0
2.2966709063168294
0
14.402343677376297
27.175735636371154
4.487937594867893
0
15.35468397600513
0
0.16362047983762434
0.010789568950064107
33.23731045766359
32.940262229049246
18.8121299225411
89.75940987525102
61.67746363950615
0.10314013901428017
0.00438926749343096
0.009044998817529605
19.84317706623138
46.03503424798928
1.2115871204288127
0.10988557717533001
0.010115669368229586
0.2090438020583253
15.709827258074043
0
15.800289701460413
0
12.15794518255291
0.0019567735436175652
0.0019656401912635777
15.794424755936433
0.5619041565003328
1.2316180461286799
2.9892177665072555
0
16817518643564865e-21
0.0006825639150488321
0.10038074169317053
0.006430127593210891
0.0021403976694912763
0.00897830883212293
0.0015187462967785222
0.0012876336405746325
0.6441677105260473
0.6680991743797026
0.09671417840641687
0.20998736798012008
8492927349195148e-20
0.15508507612392838
0.022534848499738337
1.9620185045200231
0.07966879640121816
0.1697587748204021
0.02702827656177158
0.041360085980132855
1.0043853955430304
0.0011787656759167026
0
1.2570577578791973
1.2306691218586967
0.009734506525508915
0
2.5949837563706617
21359687731825068e-21
0.00530722777155367
0
0.0023198208887449303
0
0.13392959051864034
1.2234738202896036
0
0
0
0
0.19683671921436002
0.5851275267437966
1.0617992611952192
5.3896929780885845
0.3290968244715594
1.3268903483295431
0.12089011122513058
0.01757080069149108
0.04333724844365859
2.979091049979472
0.003954749073681635
1.6941398535492942
9113182479068906e-22
0.06406394277756826
2.1302965639116875
0.44598456483590665
0.48421724218265116
0.0031160926691862698
0.8263531793934817
0.20342100403356939
0.0020887351464311506
0.02286283735522674
0.9131001392202364
2.22009816657213
0.14368654741748624
0.10878469403360336
0.3266268463737865
0.027358418252304683
0.40742853153202147
0.4106675856245035
0.40685646950035453
0.630095783302184
0.14153925547161333
2.7610669757538746
0.3054341849166126
9.918218959619441
2.005860270370695
2.796206171602396
0.19510795664479103
0.4215373134827722
2.4272433688425368
4.187482062735953
0.9567207048905298
4.879821746580678
6.184044983287841
3.531304454003689
2.2232309293048753
3.2221676688845187
0.3322899882245369
33.87040920278155
619.5768045153886
4.002297751073664
10507.530194636682
1.0999996838305048
23.219050980045267
1.1823917078197148
45.42735785939352
1.274724280143433
1.3969569855239847
1.0999986767047811
0.7861197381373116
1.1236634207133105
2.775348143452609
0
0.0012199862499297368
778631877964802e-19
0
0.0005100099600636363
0.02658378159965368
0.04244932973882913
0.07015803319399955
0.035158270823741025
0.03461874775315461
0.05546964714716789
0.04089565694351625
0.05930473766905694
0.04036023059630067
0.03736447675129041
0.057991948936801894
0.043954697887007656
0.03407199221649136
0.04005958684716653
0.03403203179641575
0.04192791839211467
0.04562886947431644
0.06772815502432877
0.04297304345300712
0.032188907963657185
0.0019047002599759946
0.007502460718057136
0.02349720138534426
0.07821575332525543
0.043524688427538996
0.1311617175513046
9120760177318633e-20
0.010217625165778798
0.3119603527180272
4806126940503178e-21
0.08041056462398734
0.011056713509783612
0.0012712348071116006
5486381508317196e-21
1204424798714536e-21
0.1155261986358767
0.0987525159921809
0.0041616616645141335
0.042388982662357876
0.02070447032693587
0.005818772614074122
0.012264497907502978
0.0004831173643834527
0.6784589873924697
15699130029331154e-25
0.08620459836185537
0.0003420315108543377
0.009728310955966869
0.011044513776437894
0.0001570863832082363
0.0001709042694625297
0.7880082661026382
0.0003936618429491716
0.06046653906747161
0.34849068604487393
13179245748098127e-22
25861726403995554e-22
0.00014474729332476826
12571631140211374e-21
0.0005948389189179332
17003362485461274e-21
14432278893026914e-23
1004405089059696e-21
19077351191225725e-21
0.08356566925853115
0.08453299165011767
43501767648458365e-21
0.0002127284653164173
0.020048501088810188
0.008232272315858784
0.10179243102399492
0.020652074561951304
2782964081723961e-20
0.16335092056379788
0.0403544704989044
5573481590261524e-22
0.438565890627768
4458965555044362e-22
0.0037794394426324683
0.0009835582962982785
2299456595310347e-27
0.4572555761719721
0.769807744167234
0.01846757735560436
0.42135579238767623
0.9765297435367174
0.007463384556137055
0.2504599615311906
22332184598277572e-26
46306391085287e-19
0.000629829377365335
9121506661964379e-20
0.15486176927741427
8645608040344459e-22
0.00011182732291380316
0.20155629197092964
0.0009300623674881561
0.012005915276515133
12200896480625237e-21
0.1648015230767669
0.10889137440895202
0.021752893242721186
3147008839622415e-20
0.0001534735956155346
1200668105788569e-22
0.013885716300692958
0.20351099208865558
8333314588803131e-24
11103425988363547e-21
910642071356506e-20
9651185128303747e-20
10586519473704825e-21
0.5383635822023971
0.20149114775850163
0.005183457143106212
0.0015508669136138592
0.04386804422159742
0.005920280686845576
6760875528161905e-20
0.02931804197695941
8324400197814615e-20
0.0007215106682975964
0.08923489539095197
9970389120109516e-22
0.8654322400347872
0.8771127917667777
0.0018316435745488683
0.0005373863986959816
5829910129432416e-24
0.0010319080852236853
10390421408449223e-24
0.01039300071861675
0.0302845229165559
0.0009047648674823727
0.00033775297964227006
0.00015457451919246502
26181881065432874e-22
0.0061636364318819505
0.03169293437220596
0.02198088546343473
11257176076740718e-24
0.972995842299826
0.07295003043043803
0
0
8178617202814086e-20
6662197068721916e-20
10336393018589036e-22
759661028233005e-21
0.00019352252147205974
0.009856339863258958
0.005421776178787544
15204233909348307e-24
0.00013151686801505714
7328786370303378e-21
0.06028906524008409
0.013602543327166714
0.1136470035678847
3845637358979544e-22
0.06516952549219997
0.007752533471950535
0.0001201587402307226
0.14475655797667078
0.0002965184167036977
18549559457239284e-29
8515586453566647e-20
3736171270468105e-21
0.0001247321808347429
0.016638480136854147
0.003920098968489811
0.00016357924726767187
0.00015213950313497355
3799874525842081e-24
0.0005147590529821642
0.023527376225887516
1313513374331439e-23
0.0018093426671341522
0.0018042684314490793
4418942312296768e-20
0.12368326612817897
43374375296657305e-21
0.5647442661564431
0.0019145534136908314
0.23448836071970228
0.0033142599105040363
0.0007013972810794491
0.0005696310715734169
4475332656232208e-20
0.6962086386772111
12102144633007006e-21
21568115417803872e-21
0.00837566974603808
0.006488694349308943
21715985257545317e-24
8723812564371435e-20
0.0030655621128835684
0.15663377314395116
0.03128645071078171
0.00010012334377591491
0.02360805130078757
0.0003542531896154432
0
0.12961736255504858
0.012504213266393654
0.61853614496112
0.5252628582894299
0.5724356909728691
0.05552934165690362
0.03070913512245379
0.9258301210116789
0.5998953375861051
0.9510175530638664
0.5088633903932723
0.2873310396722357
0.0007658247648855759
0.016007875870918346
0.16867509594804073
0.41801130950246757
0.1628152764713917
0.00029932732603240973
0.027834887823077983
0.37789792368711755
0.13179893296823347
0.20752107354308705
