0.011115956247117309
37.36971567442476
115.6713314897789
0
116.17809998465718
0.002021108478258581
152.7043239897149
0
141.3047178790822
0
72.00908328899267
0
17.219646914635955
0
32.20973741341361
0
32.05940049703271
7.119102766536078
46.13172839078679
0.14612536576152113
28872948150246828e-22
2.583270484108652
2.4258245407387347
0.7978631770432567
0
6.228043162331592
0.4333257008938512
0.4466248767476282
0.007018983053036547
3.866676037986215
3.873031474825986
2.144622842232637
3.9688643457241426
1.0242647603189734
3.5829721635308647
2.2197700508120244
2741529729688079e-21
31.963278617020745
47.57284751187253
0.0005156220619514576
25.42196543452977
0
2.9550139688603507
0
15.523101693211688
29.75429150195898
4.491639136011838
0
17.005845779508885
0
0.1582322350561253
0.009176109743186642
33.24598789196233
32.940273511885465
18.60929241599263
103.6065196376244
61.68217431059337
0.09665178829723362
0.14748683464038972
0.00904579863046111
20.100484309286603
48.97510016680842
1.1685477829264426
0.15202702010492058
0.005128179785437628
0.1618860267306614
22.355538257032865
0
37.60407156633214
0
12.211219639737184
0.0027535991768737034
0.46223798032655683
15.82643078237449
0.4921244588174335
1.193935930395293
2.99674928113719
0
15447549313755635e-21
0.0005796875557383125
0.12120276619123017
0.00430424012221714
0.003022958720959971
0.009005663740196523
0.0011078689485304715
0.0015535509230530033
0.5248212928338496
0.6737414178172307
0.10725525602548358
0.16863686444771553
9201528456607457e-20
0.15979501729884119
0.028789902547697855
2.142119882070771
0.06705062005895586
0.17019091955688007
0.027596071269274793
0.0520248985901984
1.025913169255442
0.0008436914716415947
0
1.2611837943198234
1.3692338523328673
0.013786608649519626
0
2.6741356233868974
2097359101734194e-20
0.0048811118461906415
0
0.0010296104848557521
0
0.13408456539160424
1.2316414703265846
0
0
0
0
0.9015556432820686
0.5776592745681368
1.1427514857457228
5.659245781446204
0.3125400418810759
1.4597242264160986
0.11335744913029411
0.017096646251984496
0.028893630872416712
4.278303659972437
0.003862383895657641
1.6658838941756244
9077802439038187e-22
0.06855012666419906
2.098917033120155
0.49813160466806666
0.5681965129075116
0.003114818285630892
0.8505613085038896
0.2014405868308543
0.0016475411036446215
0.026947891061752435
0.9569341972356877
2.285509866406789
0.13809411526716853
0.12521791460542317
0.37949579694029784
0.03489692135220149
0.4847997447490145
0.48739371098540096
0.40228284969096545
0.6314641906208615
0.1465681716810861
2.7558784145312107
0.34258396899454074
11.541058870360455
1.9995033827517577
2.8040559023998206
0.190871005874721
0.48178151862361246
2.4142613154410464
4.207060625191508
0.9438196336838806
5.705530144497488
6.894378330343124
5.480488003958537
2.2075154937102184
4.12006370424286
0.36527061290842583
39.96826618686534
619.5812635519713
4.0023000140503315
10601.943293211983
1.0999998520203693
23.21905730710182
1.1825168590396309
45.43108267101508
1.2653973318598553
1.3968269801745763
1.0999988449340043
0.6236059766241229
1.1241079901255016
51.8312774568133
0
0.001350103751793715
3700901312245356e-20
0
0.00011411804177038962
0.035292622126143904
0.056898910497944925
0.09488058358819156
0.04654081130280452
0.043262423229573174
0.07427731585782921
0.05582134889458233
0.08024650020106128
0.05424504064511985
0.049925879707420184
0.07749649534288994
0.059009750046185964
0.0454017215390807
0.053065772848395185
0.04527624610268427
0.0565442984694323
0.06083222698530922
0.08796804509121575
0.05663564694338222
0.0431332067152927
0.001904746097687902
0.007503172013818795
0.023504181845510147
0.07829322741841853
0.04354865384819377
0.1313799287748092
9120770687447492e-20
0.010218944570893231
0.3132015704241846
4806127232336812e-21
0.08049245314530667
0.01105825855539953
0.001271255225098805
5486381888608886e-21
12044248170420857e-22
0.11569540569480999
0.09887609186509276
0.004161880507516393
0.04241171294526801
0.02070988963098984
0.005819200456196795
0.012266399005566855
0.0004831203132585584
0.6843964237100058
15699130029642641e-25
0.08629872957010008
0.0003420329888783164
0.00972950699877939
0.011046055413830675
0.00015708669497075956
0.0001709046384850169
0.7960453065976909
0.0003936638008764582
0.06051281612288017
0.3500413447037224
13179245967543152e-22
2586172724900175e-21
0.00014474755803307472
12571633136982167e-21
0.000594843389368477
17003366138166386e-21
1443227891934254e-22
1004405101805366e-21
1907735578935483e-20
0.08365411846869933
0.08462350305966372
435017915573342e-19
0.00021272903705666835
0.02005358233821161
0.00823312874561867
0.10192374417055128
0.02065746646348663
2782965060222866e-20
0.16368970962868515
0.04037506994491648
5573481629507754e-22
0.4410285391579152
4458965580163965e-22
0.0037796199308742966
0.0009835705187359552
2299456595310416e-27
0.4599341287202028
0.777473451542757
0.018471888632192766
0.42362775508556283
0.9889455977063918
0.007464088460876164
0.25125852917786634
22332184598340611e-26
46306393794397244e-22
0.0006298343892241424
9121517173813665e-20
0.15516618209925814
8645608134780097e-22
0.00011182748090834857
0.2020726872034291
0.0009300732965042425
0.01200773704062833
12200898361363796e-21
0.16514637110410518
0.10904167384912598
0.021758875471668573
31470100908638394e-21
0.00015347389320264507
12006681076099088e-23
0.013888153341109087
0.20403748317379586
8333314589680475e-24
11103427545974258e-21
9106421761273217e-21
965119689643025e-19
10586520889665878e-21
0.5420859439655478
0.20200720822013965
0.0051837966522646165
0.0015508973024515402
0.04389238950041512
0.005920723587874228
6760881303155937e-20
0.029328911182574167
8324408952726194e-20
0.000721517245477355
0.08933577001803067
9970389245703495e-22
0.8751497207317616
0.8870980119236955
0.0018316859633006471
0.0005373900472865689
58299101298617936e-25
0.0010319215388785226
10390421409813199e-24
0.010394365812233861
0.030296120886823822
0.0009047752100423317
0.0003377544209196294
0.00015457482106430562
26181881931489876e-22
0.006164116496058856
0.03170563671530689
0.021986993791019628
11257176078341711e-24
0.9853206229608134
0.07301741337439342
0
0
817862565376555e-19
6662202676367998e-20
10336393153573263e-22
7596610355239591e-22
0.00019352299463457396
0.009857567598864003
0.005422147627410602
1520423391226905e-23
0.00013151708654422377
7328787048895765e-21
0.060335070794691775
0.013604881963493668
0.11381074131680514
38456373776640383e-23
0.06522328882822154
0.007753292981654715
0.00012015892264426504
0.14502245782779552
0.0002965195275449328
18549559457239284e-29
8515595615244419e-20
3736171446827429e-21
0.00012473237739849598
0.016641979503377282
0.003920293142022656
0.00016357958533509462
0.0001521397955709164
3799874526024492e-24
0.0005147624007820039
0.023534374632377925
13135133745494247e-24
0.0018093840299458252
0.001804309562578793
4418944779369859e-20
0.12387725933868074
43374399065706257e-21
0.5688437082490664
0.0019145997268867772
0.23518798787814868
0.003314398701465434
0.0007014034966656083
0.0005696351711552093
4475335186671973e-20
0.7024642680796334
12102146483423961e-21
21568121294990075e-21
0.008376556275670688
0.006489226389147049
21715985263503234e-24
8723822179576863e-20
0.0030656808550720374
0.1569452090200765
0.03129882915932169
0.00010012347042929185
0.023615097801570995
0.00035425477515448387
0
0.1298304554460915
0.012506189420681872
0.6234619163719659
0.5288048297397343
0.5766485581017343
0.055568364229175354
0.030721060749999207
0.9369724098241002
0.6045260125612962
0.9627836750153785
0.5121859630086195
0.28838321457984306
0.0007658321748067593
0.016011114948145975
0.16903638784774092
0.42024711877179344
0.16315184186901613
0.000299328458019351
0.027844684695149842
0.3797229691521943
0.13201927383642875
0.20806858419786917
