0.01145488602841491
37.33167843292884
114.85578762084313
0
115.33810469086909
0.0019201787735426653
149.38892381456074
0
141.39982468379355
0
72.85773101473569
0
17.712937572235877
0
32.16173415339195
0
32.11185663198151
6.942128943506475
44.04313729758788
0.14816499648270057
15775793315752866e-22
2.596038780941118
2.4148968376971807
0.7882659326664985
0
6.220570199989055
0.42641487566150726
0.44604974822023924
0.0070191548297487165
3.867788515459294
3.8681049682625614
2.0546189032060673
3.819432221528955
1.0249756426855525
3.4323428504875473
2.138969794408723
27250485584012466e-22
31.542909306164734
47.11830262077837
0.0004974364998366536
24.774156772531764
0
2.945382558396612
0
15.664037783404492
29.948028413284064
4.49158603477575
0
16.958765135515478
0
0.15996199191858115
0.00934271820637228
33.24575460366065
32.940272656405604
18.616081846955936
108.15492455351881
61.68209227040615
0.09785375698070443
0.14508757157395846
0.00904588512694728
20.09196069293726
48.911160381476506
1.1713291899058784
0.14412130758212763
0.00532017967961874
0.1644168491420142
21.179276898627066
0
34.26282811623945
0
12.217254108879898
0.002608997206069006
0.2581681466739549
15.82513578366426
0.49730959330731606
1.1954918880737955
2.9965527847595332
0
14879980880091244e-21
0.0005902409576203275
0.12048551899193542
0.0043653393363170066
0.002864235096004
0.009036145831261272
0.0011240536025543333
0.0015465219824053384
0.5290362572145832
0.6735851361158792
0.10794511886699522
0.17021257665167808
8893752636979807e-20
0.15995839095676992
0.02862183410862494
2.1376451042112468
0.06759655829036526
0.17179133376022868
0.027619519460557556
0.05167814867408116
1.0350918399402589
0.0008550465436342466
0
1.261070402196963
1.365639568982931
0.013060257751043814
0
2.6719569130537444
211859115233521e-19
0.0049434568020099365
0
0.0010825955049423403
0
0.13408016377688736
1.2314121510571112
0
0
0
0
0.8509145943958933
0.5779564040212964
1.1406495342545635
5.652250384488309
0.3130135117553341
1.4555259016241104
0.11364996064466219
0.01727855022602742
0.029317429481566966
4.238440569919408
0.0038659868084305296
1.6669335747094722
9078760109837964e-22
0.0684206388595667
2.102532428279137
0.4965078518840344
0.5657078974846214
0.0031149360197495067
0.8499041392486455
0.2014950348100981
0.0016618397196972359
0.02681190395363432
0.9556931789920897
2.283713659881396
0.13824562026221862
0.1246667462409853
0.37766750107388025
0.03464779515551822
0.4820759364731135
0.48459172212420676
0.4024069230855267
0.6314270997951836
0.14647407003873572
2.782768103599745
0.3413360700913676
11.484470881898984
1.9997686289861099
2.803934003752502
0.1910384932313795
0.47971691381899173
2.414802684814324
4.206755464203155
0.944331557363476
5.675957702402356
6.870225191612916
5.412135654539985
2.2080637028328147
4.085882681975247
0.364142728031822
39.72936509146051
619.5811439309485
4.0022999533424395
10599.399321326902
1.0999998475084136
23.219057137368647
1.1825135014902486
45.43098274315307
1.2657262179522808
1.396834294260096
1.099998840420971
0.6302326895562346
1.124096061544662
51.54562218859488
0
0.001345931434346036
38163776337903706e-21
0
0.0001227724346118374
0.03497526440995223
0.05637305973171756
0.09398366688194545
0.046129402958374914
0.04296638269283472
0.07359546268062825
0.05527842768473124
0.0794864876271381
0.053739223224144504
0.049468884197649485
0.07678564446575288
0.05846131022002929
0.04499039945785382
0.052592858074247975
0.04486840528397812
0.05601548062329588
0.060280301631808655
0.08723563288495399
0.05613952103860043
0.042734387062818534
0.001904744868005461
0.00750315293132146
0.023503994556723345
0.07829114805378148
0.04354801076622633
0.1313740701825961
9120770405496752e-20
0.010218909173571378
0.3131682084482169
480612722450792e-20
0.08049025526993604
0.011058217104325408
0.0012712546773502042
5486381878406968e-21
12044248165504207e-22
0.1156908632183771
0.09887277473204885
0.0041618746365616605
0.04241110301093766
0.02070974423120036
0.005819188978254602
0.012266348001802718
0.000483120234150154
0.6842364664871261
15699130029634287e-25
0.08629620301255325
0.0003420329492279369
0.009729474911147994
0.01104601405419677
0.00015708668660723607
0.0001709046285854033
0.7958286341726675
0.00039366374835188094
0.06051157420656656
0.34999965593881627
13179245961656195e-22
25861727226333145e-22
0.00014474755093185564
12571633083415676e-21
0.0005948432694412371
17003366040176867e-21
14432278918636582e-23
10044051014634437e-22
19077355666002835e-21
0.08365174445922635
0.08462107368549568
4350179091594118e-20
0.0002127290217188252
0.02005344600897011
0.008233105769392969
0.10192021928058041
0.020657321798952667
27829650339731043e-21
0.1636806119186894
0.04037451719544485
5573481628454913e-22
0.44096229461248165
44589655794900914e-23
0.0037796150888834805
0.0009835701908480381
22994565953104143e-28
0.4598620679668201
0.7772668139461868
0.01847177296234397
0.4235666465294469
0.9886104713865991
0.00746406957666821
0.2512370731565836
22332184598338923e-26
4630639372172113e-21
0.0006298342547727002
912151689181677e-19
0.15515800794525064
8645608132246716e-22
0.00011182747666989583
0.20205881684180557
0.000930073003314681
0.012007688165359283
12200898310910052e-21
0.1651371106058827
0.10903763912575305
0.02175871496758308
31470100572973325e-21
0.00015347388521939963
12006681075610485e-23
0.013888087958119905
0.20402334146633755
8333314589656939e-24
1110342750418892e-20
9106421733166812e-21
9651196580731733e-20
10586520851680513e-21
0.5419857506443956
0.20199334685605463
0.005183787544112183
0.001550896487215848
0.04389173622404923
0.005920711705931548
676088114823266e-19
0.02932861954660484
8324408717861928e-20
0.0007215170690334774
0.08933306241104257
9970389242334242e-22
0.8748876153205926
0.8868286647505375
0.0018316848261435295
0.0005373899494071181
58299101298502734e-25
0.0010319211779609798
10390421409776608e-24
0.010394329189130224
0.030295809695229423
0.0009047749325855029
0.00033775438225503834
0.00015457481296611542
2618188190825655e-21
0.006164103617101257
0.03170529588871531
0.02198682990345915
11257176078298762e-24
0.9849879624432825
0.07301560490973309
0
0
8178625427055496e-20
6662202525934094e-20
10336393149952102e-22
7596610353283679e-22
0.00019352298194123718
0.00985753466094727
0.005422137662390354
152042339121907e-22
0.00013151708068183366
7328787030691467e-21
0.060333836165872554
0.01360481922068222
0.11380634571869594
3845637377162798e-22
0.06522184596416118
0.007753272605652248
0.00012015891775073391
0.1450153182783631
0.00029651949774483154
18549559457239284e-29
8515595369468008e-20
3736171442096316e-21
0.000124732372125363
0.01664188561781155
0.003920287932889548
0.0001635795762659001
0.0001521397877258593
3799874526019598e-24
0.0005147623109717727
0.023534186862048546
13135133745435772e-24
0.0018093829203116114
0.0018043084591599127
4418944713186762e-20
0.12387205119887804
4337439842806431e-20
0.5687333468500747
0.0019145984844485112
0.23516919206915107
0.003314394978105776
0.0007014033299221061
0.000569635061177155
44753351187889645e-21
0.7022957094202588
12102146433783636e-21
21568121137325374e-21
0.008376532491907155
0.006489212115779983
21715985263343403e-24
8723821921633858e-20
0.0030656776695677816
0.156936846189861
0.03129849702423182
0.00010012346703161559
0.023614908740756682
0.0003542547326198361
0
0.12982473432685226
0.012506136403187536
0.6233292642235034
0.5287094997808599
0.576535137673204
0.05556731702999896
0.03072074076601363
0.9366717573107798
0.6044013221248693
0.9624661382401773
0.5120965472653156
0.28835493811719326
0.0007658319760231422
0.016011028046297834
0.16902668553538602
0.42018698388816444
0.1631428039025009
0.00029932842765198166
0.027844421833787207
0.37967389460066425
0.1320133580436427
0.20805387753254145
