0.013776857863181589
37.1152521695516
109.3242268212121
0
109.7815438999538
0.00139400413433267
128.2500160463645
0
141.19557584607853
0
74.47304640886536
0
20.021616234402728
0
31.868244741502895
0
32.419927159884864
6.194398517007569
33.77088686752892
0.15156797365626234
40401937660791436e-24
2.551385673030275
2.3534384477066745
0.7237718749207988
0
6.168787253620449
0.3800601191341709
0.4418804240758111
0.007020011884097248
3.873315397044132
3.832386128523281
1.6108984701833926
2.8836983236792935
1.02858701962797
2.6909111487759043
1.6305744131403168
2613061505616495e-21
28.698926239257457
43.975608636233154
0.00042235551253580125
20.565707419014377
0
2.853849935126226
0
15.694126290574303
30.23442277565107
4.491076750837977
0
16.640324065917515
0
0.1626683500069285
0.009783074829210916
33.24415918103677
32.94027002893594
18.660348498468206
131.0235055401285
61.68119187216691
0.10042513618499257
0.12435786559971616
0.00904584106021294
20.037897416259845
48.438113509247664
1.186758870684371
0.11724007707633433
0.006340942258456943
0.17916891312517016
17.1425646922284
0
21.18187526250506
0
12.249654934329998
0.0021149437875677426
0.005956820355131627
15.818827190712037
0.5056208004296381
1.2044707569369004
2.9951909236437344
0
13413839898116859e-21
0.0006182265516278378
0.11637284390110215
0.0047808520523106085
0.002320935281417932
0.009186784776888026
0.001226535904801599
0.0014970480674651083
0.5581588052262224
0.6725231868317949
0.1071207736899328
0.18032219550796214
7776627901519987e-20
0.16095694934727453
0.027530844459490552
2.1058310671100613
0.07131434964594348
0.17322081701362965
0.027828388475333525
0.049626146248175136
1.041990052797851
0.0009302977906546488
0
1.260301625237294
1.3405801312999035
0.010573977866469854
0
2.657130072648662
2147087902513673e-20
0.005086650091167543
0
0.0013652222071363438
0
0.13405044700939836
1.2298615479048063
0
0
0
0
0.6025522779794984
0.5798196938902077
1.125977419537568
5.603978501126871
0.3162120356874771
1.4308035370522285
0.1154850683202211
0.0175445932685697
0.0321717529086461
3.968560568219802
0.003888711870325302
1.6736463089333034
908531194733853e-21
0.06755369160405136
2.1220725816688715
0.4873180779853154
0.5497947843354148
0.003115337907903707
0.845411286681353
0.20186607452034006
0.0017656302291353646
0.026028468865593003
0.9472968649041321
2.2715741427164495
0.13928151240945438
0.12150958509321211
0.367469713016216
0.03316245101401031
0.46690303073827105
0.46859558440113186
0.4032548649182094
0.6311735607433845
0.14574191692518906
2.8123732846098233
0.33430052667614507
11.170859525877162
2.001391911070458
2.802880921210759
0.19209111621585073
0.4682282395538684
2.4181168976084657
4.204122329940904
0.947543667049991
5.508535045295161
6.747067618374705
4.990147942893453
2.2116555998741894
3.891291221545289
0.35802207303702854
38.399657661771904
619.5803244206819
4.002299537439162
10581.988329783395
1.0999998165974862
23.219055974544776
1.1824904995333902
45.43029815392391
1.2678525723232748
1.3968745507744929
1.0999988095028035
0.6709868209333602
1.1240143436418033
48.052434258849914
0
0.0013230945057136018
4596069234662245e-20
0
0.00018646969753710816
0.03315928279621005
0.05335323240364614
0.08879933549065833
0.04376607660936277
0.04122342204855168
0.06967263707557445
0.052141173656175405
0.07509818768997385
0.05083253104310672
0.0468446146069776
0.07270878744207271
0.05531080387597691
0.042627397745880716
0.04988457397264688
0.04252470665988421
0.05295819902181081
0.05710846345868242
0.08307361942050313
0.05329974478388492
0.04044492418025135
0.0019047364436033702
0.007503022200469706
0.023502711501325282
0.0782769040331945
0.04354360533553426
0.13133394061645678
9120768473882494e-20
0.010218666673586643
0.31293974465289814
4806127170873017e-21
0.08047519947370488
0.011057933131609719
0.0012712509247892229
5486381808514715e-21
12044248131820771e-22
0.11565974799204502
0.09885005239940493
0.004161834415498785
0.04240692465168727
0.02070874814018048
0.0058191103447039
0.012265998586149867
0.00048311969218724975
0.6831416215248771
15699130029577054e-25
0.08627889582502551
0.00034203267758753337
0.009729255085048603
0.01104573070791445
0.00015708662930963906
0.00017090456076422028
0.7943458196329503
0.00039366338851178474
0.0605030666555885
0.3497141841420708
13179245921325278e-22
25861727071032958e-22
0.00014474750228216944
1257163271643736e-20
0.0005948424478331399
17003365368861122e-21
14432278913800138e-23
10044050991209701e-22
19077354820931477e-21
0.08363548218487996
0.0846044321772736
4350178652182622e-20
0.00021272891664092533
0.02005251205677992
0.008232948363442075
0.10189607391290431
0.020656330744882056
2782964854138786e-20
0.1636182980730918
0.040370730571185766
5573481621242008e-22
0.4405087277985473
4458965574873458e-22
0.0037795819170868983
0.000983567944525778
2299456595310402e-27
0.459368690952809
0.775852637976527
0.018470980540007727
0.4231482353117619
0.9863176087279155
0.0074639402042555964
0.25109012950524473
22332184598327343e-26
4630639322382486e-21
0.0006298333336609615
9121514959886316e-20
0.1551020192659589
8645608114890784e-22
0.00011182744763271171
0.20196381807191516
0.0009300709947067065
0.012007353331446341
1220089796525682e-20
0.1650736818821411
0.10901000168021246
0.02175761540302695
31470098273367764e-21
0.00015347383052704658
12006681072263127e-23
0.013887640034502316
0.20392648449017417
833331458949569e-23
11103427217922028e-21
9106421540612831e-21
9651194417915093e-20
10586520591446831e-21
0.5412998347113124
0.20189840970242823
0.0051837251455602775
0.0015508909021344675
0.043887260958716
0.0059206303046489715
6760880086869883e-20
0.029326621657624504
8324407108832043e-20
0.0007215158602364242
0.0893145150907014
9970389219251834e-22
0.8730940689169057
0.8849855939771998
0.0018316770356202124
0.0005373892788459046
5829910129771354e-24
0.0010319187053567272
10390421409525925e-24
0.010394078291617795
0.030293677840718857
0.0009047730317606059
0.0003377541173681616
0.00015457475748628844
26181881749087485e-22
0.006164015385458037
0.031702961020562796
0.02198570716008833
11257176078004517e-24
0.982711959056599
0.07300321651545723
0
0
8178623873889228e-20
6662201495327523e-20
1033639312514392e-21
7596610339883934e-22
0.00019352289498056113
0.009857309009747467
0.005422069393590452
1520423391165393e-23
0.0001315170405192304
7328786905975753e-21
0.060325378534717665
0.013604389384144806
0.11377623650935553
38456373737288503e-23
0.06521196191450508
0.007753133013269521
0.00012015888422567877
0.14496641543708674
0.000296519293587592
18549559457239284e-29
8515593685680193e-20
3736171409683963e-21
0.00012473233599969647
0.016641242432043513
0.003920252245859562
0.00016357951413382824
0.00015213973398021916
3799874525986071e-24
0.0005147616956918659
0.023532900507808485
13135133745035165e-24
0.0018093753183440933
0.001804300899772826
4418944259773434e-20
0.12383637667585934
4337439405964749e-20
0.5679778482496
0.0019145899726579557
0.23504046437366652
0.0033143694698777957
0.0007014021875811969
0.0005696343077297891
4475334653729733e-20
0.7011420907776292
12102146093703072e-21
21568120057181337e-21
0.008376369553692278
0.006489114331306657
21715985262248398e-24
8723820154494005e-20
0.0030656558461064055
0.15687956531327926
0.031296221696887006
0.00010012344375450046
0.023613613545957816
0.00035425444121963106
0
0.12978554632755113
0.012505773192024647
0.6224212371903325
0.5280568663908644
0.5757587061066158
0.05556014331067362
0.030718548679436408
0.9346146117527441
0.6035477725985479
0.9602935422094065
0.5114843891824263
0.28816129363065685
0.0007658306141791398
0.016010432703675834
0.16896023100145924
0.41977523755164614
0.16308089921937963
0.0002993282196084515
0.027842621065320025
0.37933786059365165
0.1319728367056284
0.20795315168574338
