0.01479874863213131
37.04951964116211
106.92687467588851
0
107.39621604469878
0.0012469518335445073
120.8476794737639
0
140.68894410063817
0
74.61931135147387
0
20.5929120744235
0
31.7528405639994
0
32.53519233261914
6.05676769750863
31.13794925431321
0.1516195033726921
11743495362926242e-24
2.5201525769789463
2.3349723080284024
0.696315609358179
0
6.145674234502799
0.3604387253749988
0.4399932453545648
0.007020284308852402
3.8748253663585523
3.816215860328925
1.4594077176578844
2.523978722071696
1.0296669941131902
2.4376559943775966
1.435866953743425
25629757346838234e-22
27.474927084680758
42.58091418842834
0.00041085358138567287
18.85321341456099
0
2.802993931207617
0
15.580500252666829
29.998468931023293
4.490805103184334
0
16.502468531794655
0
0.16270410612029035
0.009855265158511472
33.24345741020452
32.94026927485664
18.678652003212576
136.86592508791597
61.68076318150047
0.10078845342897373
0.11272490959845051
0.009045743103143017
20.015444175711195
48.21569910289323
1.191837043311123
0.11336466079892216
0.006743575427503734
0.1844022526274752
16.536837972858926
0
18.833587872701397
0
12.26917298092174
0.002042025503853943
0.0026552904742637037
15.816363535893812
0.5058319244380389
1.2078722847604568
2.9945855770934053
0
13532478539854792e-21
0.0006228556462962098
0.11504730866633983
0.004962875057870431
0.002240260443220674
0.009224843306386015
0.0012674986394638323
0.0014748657673087594
0.5715807892506587
0.6720601128235594
0.10633246011177763
0.1843632744594564
7685504468567466e-20
0.16141439716380146
0.027100276328852764
2.0914405787569756
0.07296969304228319
0.17269937127001975
0.027966047561099196
0.048925170715409326
1.0379317884407084
0.0009615939301152231
0
1.2599660396013377
1.3294408541799303
0.010203984853737611
0
2.650651573116926
214498301747389e-19
0.00511134616754368
0
0.0014454084679832732
0
0.13403758306368965
1.2291885265973497
0
0
0
0
0.5300624111624371
0.5805534455896102
1.1194391139046573
5.5825414469639965
0.31759507705152773
1.4225151586284124
0.11620521558848712
0.017538828653304306
0.03339742618806935
3.852954469983411
0.0038976827002928185
1.6763436525353868
9088189562985726e-22
0.067179359514418
2.127959036194092
0.48456003114066176
0.5434961268807524
0.0031154527443917907
0.8434401651789781
0.202028277717128
0.0018166565854659561
0.02577578880800747
0.9436579275326176
2.2663343092703667
0.13973624463573045
0.120504869957002
0.36441666890753555
0.03264087030568777
0.4623418306524955
0.46364912098818595
0.40362687754364185
0.6310622919881447
0.14538624350072035
2.8060462644246122
0.33214215611234815
11.078414323612913
2.0020193380656175
2.8023354921214887
0.19250669571924364
0.4648265156040481
2.4193983526496488
4.202759772006355
0.9488095434706821
5.455852031400041
6.719648807804531
4.830167611170256
2.213146148942104
3.827910858197061
0.35635093137239915
37.98670090751046
619.5799637577461
4.002299354401762
10574.334885995195
1.099999802993708
23.219055462790536
1.182480376603471
45.42999687213713
1.2687128446986622
1.3968881970230411
1.0999987958958448
0.6867027107960658
1.123978381843553
45.463932471005
0
0.001316777584765134
4934054417482182e-20
0
0.0002165587025201363
0.032564611310568134
0.052356065519287225
0.08706301850130871
0.04298674572417656
0.04062441619761018
0.06837312433064356
0.051090575137400396
0.07363164680170096
0.04987089897801875
0.04597837517110869
0.07136636455522909
0.05426944405885468
0.04184708976033431
0.048996373549262236
0.04175048281028781
0.05193431050497329
0.05606021229116691
0.08173683887907061
0.05236944181254908
0.03968935045582471
0.0019047327360685994
0.007502964667052375
0.02350214685583275
0.07827063611641388
0.043541666663859176
0.13131628363521605
9120767623786706e-20
0.010218559952110608
0.312839251448871
4806127147268507e-21
0.08046857436882952
0.011057808158633465
0.0012712492733052475
54863817777554085e-22
12044248116996822e-22
0.11564605695404091
0.09884005404407097
0.004161816714488702
0.04240508590249197
0.02070830977958099
0.005819075738720939
0.012265844812834874
0.00048311945367167706
0.682660339830328
15699130029551873e-25
0.08627128009912684
0.00034203255803971717
0.009729158342011586
0.011045606010621437
0.0001570866040931962
0.00017090453091639005
0.7936941145428508
0.00039366323014766285
0.060499322894553904
0.34958862291137394
13179245903575802e-22
25861727002685945e-22
0.00014474748087163705
12571632554931632e-21
0.000594842086246973
17003365073417683e-21
14432278911671634e-23
10044050980900565e-22
1907735444901887e-20
0.08362832622309398
0.0845971093513891
4350178458799346e-20
0.00021272887039656691
0.020052101041839257
0.008232879090649254
0.10188544944328733
0.02065589460090932
27829647749944066e-21
0.16359088151029036
0.04036906420512605
5573481618067637e-22
0.4403092626764671
4458965572841697e-22
0.0037795673184005613
0.0009835669559297181
2299456595310396e-27
0.45915172542343885
0.7752310802655722
0.018470631808793634
0.4229642251638413
0.9853102146793086
0.007463883268670822
0.2510254874140409
2233218459832224e-25
4630639300470264e-21
0.0006298329282836965
912151410965137e-19
0.15507738526879242
8645608107252506e-22
0.00011182743485356238
0.2019220236378071
0.0009300701107275276
0.012007205975302965
12200897813136183e-21
0.16504577486853456
0.1089978407679554
0.021757131506553003
3147009726132036e-20
0.000153473806457161
12006681070789964e-23
0.01388744290963924
0.20388387268421126
8333314589424726e-24
11103427091937085e-21
9106421455870573e-21
965119346606806e-19
10586520476919001e-21
0.5409982409257605
0.201856642371624
0.005183697684438417
0.0015508884441682586
0.0438852915564588
0.005920594480615916
6760879619768307e-20
0.02932574243758731
8324406400704351e-20
0.0007215153282501866
0.08930635370751902
9970389209093353e-22
0.8723059017204197
0.8841756799902925
0.001831673607051716
0.000537388983734789
5829910129736624e-24
0.0010319176171750947
10390421409415598e-24
0.010393967874518037
0.03029273966738318
0.000904772195216231
0.00033775400079254377
0.00015457473306983881
26181881679037792e-22
0.0061639765554554055
0.031701933508663474
0.021985213063267974
1125717607787502e-23
0.9817119661134237
0.07299776509744005
0
0
817862319034689e-19
6662201041761633e-20
10336393114225936e-22
7596610333986759e-22
0.00019352285670951838
0.009857209703169398
0.005422039349029656
15204233911417705e-24
0.00013151702284382885
732878685108885e-20
0.06032165673987133
0.013604200219060857
0.11376298808791553
38456373722175826e-23
0.06520761245739025
0.007753071580001514
0.00012015886947143543
0.1449448987131932
0.0002965192037388298
18549559457239284e-29
8515592944651833e-20
37361713954194118e-22
0.0001247323201009345
0.016640959376367233
0.0039202365402394804
0.00016357948678975267
0.00015213971032697815
3799874525971316e-24
0.0005147614249098061
0.023532334410594085
13135133744858856e-24
0.0018093719727578915
0.0018042975729260211
44189440602280084e-21
0.12382067971303212
4337439213712439e-20
0.5676456743639788
0.0019145862266640458
0.23498383414725543
0.0033143582438681326
0.0007014016848419975
0.0005696339761408511
4475334449058989e-20
0.7006349883870318
12102145944034944e-21
21568119581814168e-21
0.008376297846222321
0.006489071297207393
21715985261766486e-24
8723819376782745e-20
0.003065646241735206
0.15685436284811238
0.03129522038659443
0.00010012343351033438
0.02361304355827799
0.0003542543129756108
0
0.1297683035902649
0.012505613347548
0.6220220373093801
0.5277699003224163
0.5754173330308299
0.055556986478200725
0.030717584000231554
0.9337107022837
0.6031725108545597
0.95933894591498
0.5112152127352461
0.28807611265981303
0.0007658300148376612
0.016010170702719546
0.16893099289975963
0.4195941574719825
0.16305366265344287
0.00029932812804934925
0.027841828591030543
0.37919006759674606
0.1319550073641497
0.2079088380870003
