0.020039630579141945
36.84359198269315
95.12071495721372
0
95.63378762077812
0.0009007109938471907
99.58898771006706
0
135.06592232975208
0
75.20399612452492
0
22.096347233680095
0
31.221996550227303
0
33.02744629367267
6.130282080336022
26.21867711593412
0.15164060912650232
3586977242520255e-25
2.398313422146876
2.2766709497792497
0.5677213993005603
0
6.024089170010453
0.27033185550667677
0.43059338430302124
0.007021051876028797
3.876112525375273
3.735648485650201
0.9033154124116083
1.2043270601039169
1.0317542022921284
1.5077932001222165
0.7243275829228321
2303859051891995e-21
21.623619884526068
35.43627882250997
0.00040602497177885205
11.56210422957691
0
2.505565047125828
0
14.924549037138048
27.8988345364158
4.489192540909681
0
15.8177725959718
0
0.1630346768343431
0.010072061484573869
33.23985840106516
32.94026525416997
18.76231275037748
120.95542505015494
61.67876463472058
0.10224448231006741
0.017720571558492115
0.009045283063361218
19.90949739503937
47.03569421632528
1.2073642848341777
0.11033687682069056
0.00874428137861299
0.20244093347717768
15.8996513491813
0
15.999690664587254
0
12.393805691439033
0.0019732392421477085
0.001978881410279175
15.803605382712606
0.5072631589098587
1.2226583120031953
2.991452684792899
0
1590371212373172e-20
0.0006369020472897487
0.11032769632893605
0.0058794266679835045
0.0021610608887897413
0.009191570892287254
0.001438439687216119
0.0013625402977083042
0.6400391599710893
0.6697188391748126
0.10375418685323468
0.20124593005162233
8158270760175384e-20
0.16276451234883346
0.025109562640420795
2.0161479741932307
0.08059692572426343
0.17049909080949463
0.028678301821359053
0.04617068701819792
1.017423367617731
0.0011007332674639982
0
1.2582438617057587
1.2739130000252268
0.0098341933465976
0
2.617790138262122
21368186446016537e-21
0.0052250292994709055
0
0.0016799263143455448
0
0.13397309518538952
1.2257956597268564
0
0
0
0
0.2996938256969722
0.5836405571338797
1.085688740512707
5.470739373816767
0.32445955464692694
1.391418994456621
0.11923568594949648
0.01753248574657349
0.03937946398941723
3.309093191431395
0.0039351934285133975
1.6879279736107162
9102875253940399e-22
0.06532003641418269
2.137697514911428
0.47565210998284657
0.5143825404117763
0.003115886076565503
0.8334082250288446
0.20284978230291856
0.0020962199358623254
0.024875943880757846
0.9254823724117898
2.2399977289305535
0.14205668890364925
0.11701938780818404
0.35485143216373116
0.030526511223163588
0.4478577271680682
0.44932402954281797
0.40552620326793304
0.6304946364658254
0.1433211616164654
2.776733834809902
0.32511490420836886
10.79728006304766
2.004745481989467
2.7994159197738786
0.19426109323348012
0.4544389664429608
2.4249691747883095
4.195473150218818
0.9541431932799911
5.277214051850523
6.681080379974507
4.142324091052646
2.2197739825729563
3.600558974630369
0.35217808906492654
36.66256631338702
619.5781140605424
4.0022984156739625
10535.170242516844
1.0999997332252005
23.21905283820142
1.1824284613786995
45.428451745947555
1.2725068188665365
1.396936020625234
1.0999987261110251
0.7516326936698066
1.1237939658574683
9.82907182270325
0
0.0012996196387768189
6638780506448238e-20
0
0.00038546011871350096
0.030375440278080885
0.048642799164803276
0.08048370478634574
0.04008982884687265
0.03828325341082622
0.06351286127286346
0.0471107573367662
0.06808585790260213
0.04628154154954258
0.0427557453017003
0.06638772668675064
0.050387150184727864
0.038942500329981915
0.04571848832233214
0.03886765583764516
0.04805222362058074
0.052154046992294326
0.07694539717360117
0.048943047061410234
0.03687856658976252
0.0019047137216722063
0.00750266960737235
0.02349925122098704
0.07823849828571687
0.043531725324145266
0.13122576511737571
9120763263975918e-20
0.010218012636512248
0.3123243676648814
4806127026210114e-21
0.08043460534251606
0.011057167242840235
0.0012712408035173213
5486381620002839e-21
1204424804097053e-21
0.11557586638851909
0.09878879224322934
0.0041617259340472395
0.04239565692296253
0.020706061743679418
0.005818898261272463
0.012265056199358875
0.00048311823041953923
0.6801973559539504
15699130029422704e-25
0.08623223255402179
0.0003420319449259288
0.009728662199563722
0.011044966508627383
0.00015708647476789152
0.00017090437783851174
0.7903601648908919
0.000393662417960422
0.06048012623454399
0.34894537612640064
13179245812545608e-22
2586172665216058e-21
0.00014474737106535902
12571631726631366e-21
0.0005948402318150299
17003363558202806e-21
14432278900755375e-23
10044050928028988e-22
1907735254162328e-20
0.08359163568793547
0.08455956337342636
4350177467011563e-20
0.00021272863322732244
0.02004999323779957
0.008232523826486203
0.10183097806089286
0.020653657932123103
2782964369093574e-20
0.16345034476041326
0.04036051913992638
5573481601787516e-22
0.43928770186142924
4458965562421579e-22
0.003779492448278983
0.0009835618858190544
22994565953103646e-28
0.4580406026819707
0.7720511684563538
0.018468843404939452
0.4220217651788417
0.9801598282353905
0.007463591274934644
0.2506942246103652
22332184598296094e-26
46306391880909676e-22
0.0006298308492648185
9121509749126899e-20
0.15495110851248062
8645608068078732e-22
0.00011182736931427806
0.20170781205848717
0.0009300655771539125
0.012006450271138102
12200897032968378e-21
0.16490272473251347
0.10893549347651038
0.021754649958091614
3147009207092172e-20
0.0001534736830121001
1200668106323468e-22
0.013886431976540688
0.20366547312835556
8333314589060772e-24
11103426445809136e-21
9106421021260365e-21
9651188584414776e-20
10586519889550145e-21
0.5394541220123474
0.20164256966244593
0.0051835568492671
0.001550875838272835
0.04387519264387331
0.005920410756432538
6760877224185757e-20
0.02932123367279853
832440276899264e-19
0.000721512599904992
0.08926450885310418
9970389156994446e-22
0.8682748652650992
0.8800335787918675
0.0018316560233527358
0.000537387470226729
58299101295584995e-25
0.0010319120363310192
10390421408849776e-24
0.010393401606414717
0.03028792859631674
0.0009047679049163041
0.0003377534029219851
0.00015457460784738632
26181881319780063e-22
0.006163777415255989
0.03169666432145921
0.021982679206556662
11257176077210872e-24
0.9765993591427671
0.07296981328274128
0
0
8178619684723893e-20
6662198715598343e-20
10336393058231817e-22
7596610303742424e-22
0.00019352266043228252
0.009856700413917278
0.005421885264730779
15204233910206183e-24
0.00013151693219357784
7328786569595206e-21
0.06030257270393812
0.013603230105950053
0.11369506630620171
38456373644668785e-23
0.06518531033515242
0.007752756520214657
0.00012015879380266451
0.14483459795009695
0.0002965187429397578
18549559457239284e-29
851558914420541e-19
3736171322262057e-21
0.00012473223856237443
0.016639507769101346
0.003920155993186151
0.00016357934655265166
0.0001521395890187241
3799874525895645e-24
0.0005147600361757417
0.02352943133125192
13135133743954638e-24
0.0018093548146393187
0.0018042805109137435
4418943036836951e-20
0.1237402073341908
43374382277249395e-21
0.5659451337428645
0.0019145670150273937
0.234693614009623
0.0033143006706102783
0.0007013991064930317
0.0005696322755526553
447533339938217e-19
0.6980400148190035
12102145176445117e-21
2156811714384024e-20
0.008375930096030399
0.006488850596465643
2171598525929495e-23
8723815388204013e-20
0.0030655969851082396
0.15672517278033618
0.03129008555739172
0.00010012338097199092
0.023610120528455493
0.0003542536552624326
0
0.1296799082640367
0.01250479359924722
0.6199787159182971
0.5263006115012132
0.5736697410547733
0.055540799125805375
0.0307126370103155
0.9290886212725012
0.6012516023981052
0.9544580839642309
0.5098369356349187
0.28763964800656333
0.0007658269410547303
0.016008827068674118
0.1687811214963712
0.4186666947515079
0.1629140483278977
0.00029932765847861745
0.02783776465181387
0.37843299900204513
0.13186360542502587
0.20768171916172654
