0.02057345923219542
36.77535373597938
93.97133764759157
0
94.48487244936376
0.0008814239152927156
98.20482918702311
0
134.2300924492809
0
75.26465144376841
0
22.507081194366364
0
31.173654793023402
0
33.071669359340724
6.169587804423397
26.101209731659605
0.15144921242645357
2862698315424107e-25
2.388700067144171
2.2577199099761986
0.5558916678024173
0
6.011425369904687
0.2622510334602061
0.42969373886964407
0.007021083412536561
3.875777467148153
3.7279353609659687
0.8649371036686001
1.115526542462133
1.0317153673547237
1.4436765561317495
0.6760934287855684
2278276485733146e-21
21.077842275485803
34.719672364544266
0.00040841557150421925
10.96094447650001
0
2.4748793093257415
0
14.85426879161708
27.80345792884905
4.4890155790811885
0
15.75010773460297
0
0.16310054075815272
0.01013228081388557
33.2394918181764
32.940264827224084
18.769948657700557
104.46833117974948
61.67857359920724
0.10237558273916403
0.010116055583679683
0.009045240339286297
19.899514252960888
46.91063093848349
1.2082493453784526
0.11039476897137901
0.008943571022620788
0.20365499907150203
15.888699499770516
0
15.96750741507623
0
12.3779452337522
0.0019729142064473662
0.001978562412419687
15.802291918992088
0.5074990417669618
1.2239932273910359
2.9911319201274855
0
16109547051901914e-21
0.0006407471744177969
0.1092338184692022
0.005964508509770655
0.0021603154392063257
0.009170169145873342
0.0014522894390961135
0.0013515162156468674
0.6431533200139429
0.6694834191122567
0.10301867509368566
0.20263902152039628
8219879920978787e-20
0.162112851052728
0.024799069083517186
2.00841199475136
0.08080486155102112
0.17033662023924584
0.028552241430214207
0.045620424527845975
1.0154786122128159
0.0011128764970804515
0
1.2580688335333163
1.2682961803805926
0.009829973360788028
0
2.614477331804348
21364444738430498e-21
0.005236505359357699
0
0.0017513892434149925
0
0.13396667163094428
1.225455484905067
0
0
0
0
0.28224493775336074
0.5838948702298582
1.0822506463169905
5.45917654856255
0.3251378500636162
1.3844972904334485
0.11949423626754822
0.017535805484851747
0.03996098576428811
3.258972945872502
0.003938318450433528
1.6889146295501738
9104363207113342e-22
0.06513631542206628
2.1371790576667187
0.47263377000300694
0.5105558731253917
0.0031159170713919633
0.8323931538131939
0.2029324929382301
0.0021068065488873537
0.024658756820158865
0.9236754883887117
2.2372073089569757
0.1422918898426704
0.11614110022162072
0.35190813237870516
0.03015353676123636
0.4435761739177233
0.446010669077451
0.4057187478507192
0.6304370972292588
0.14308965044819727
2.7743116453871015
0.32307049097643353
10.706092484022571
2.004975717660502
2.7990916471675678
0.19440596186245138
0.4510557477476608
2.425439738035259
4.194664647932539
0.9545833445863747
5.2337780360825965
6.633371527357455
4.0585193536482755
2.2201692785639247
3.5561145295370613
0.35023708028162837
36.36112234266931
619.5779256533712
4.0022983200565205
10531.189137713682
1.0999997261186816
23.219052570864584
1.1824231734969177
45.4282943645783
1.272843552939405
1.3969395106875055
1.0999987190028453
0.757078062503763
1.1237751831561882
5.794858581347724
0
0.0012918136924423755
6809337829088123e-20
0
0.0004035902684301163
0.029933664173956796
0.04791584745722885
0.07925830175807086
0.03951439587245646
0.03785537728105674
0.06256815289894756
0.046371885700086254
0.06704510819058601
0.04558489327470838
0.042123612562609124
0.06540431330102686
0.0496310553225802
0.03837198600087976
0.04505904078208299
0.03830148252852958
0.047326422514507575
0.05138914201959003
0.07589399162376594
0.04824889599272517
0.036328080613989434
0.0019047117849039497
0.007502639553671368
0.02349895629583199
0.07823522551337178
0.04353071284104624
0.13121654853428974
9120762819892015e-20
0.010217956889382285
0.3122719699253672
4806127013879282e-21
0.08043114611143966
0.011057101962169412
0.001271239940800143
5486381603934389e-21
12044248033226602e-22
0.11556871927016747
0.09878357228251741
0.004161716687393928
0.042394696618410034
0.02070583277568998
0.00581888018398008
0.012264975875176441
0.00048311810582102007
0.6799469791874649
15699130029409542e-25
0.08622825621948077
0.00034203188247510706
0.009728611664631594
0.011044901371957207
0.000157086461595009
0.0001709043622462282
0.7900213604765728
0.00039366233523229865
0.06047817123237739
0.34887992239494264
13179245803273409e-22
2586172661645658e-21
0.00014474735988065506
12571631642261902e-21
0.0005948400429255995
17003363403865214e-21
14432278899643456e-23
10044050922643568e-22
19077352347338742e-21
0.08358789934655704
0.08455573992966797
4350177365989507e-20
0.00021272860906962113
0.02004977855236339
0.00823248764065282
0.10182543131919651
0.02065343012186785
2782964327749105e-20
0.16343603666720527
0.04035964885345606
5573481600129245e-22
0.4391837802509837
44589655613602003e-23
0.003779484822199943
0.0009835613693863837
22994565953103626e-28
0.4579275763267077
0.7717280001089228
0.0184686612504277
0.42192588549313237
0.979636730469217
0.007463561533516142
0.25066050720144184
2233218459829344e-25
4630639176644175e-21
0.0006298306374993484
9121509304970302e-20
0.15493825191638788
8645608064088549e-22
0.00011182736263854353
0.2016860055334797
0.000930065115371903
0.012006373298874249
12200896953501614e-21
0.16488816081211416
0.1089291448732383
0.021754397207039148
3147009154223528e-20
0.0001534736704381704
1200668106246511e-22
0.01388632900848757
0.20364324039823664
83333145890237e-22
1110342637999548e-20
9106420976991597e-21
9651188087176774e-20
10586519829721604e-21
0.5392970878252059
0.20162077727014097
0.005183542504215021
0.0015508745542603143
0.043874164113670414
0.0059203920428729535
6760876980175231e-20
0.02932077445544273
8324402399071828e-20
0.0007215123220002766
0.08926024769718495
9970389151687726e-22
0.8678653165139371
0.8796127608074328
0.001831654232312069
0.000537387316063227
5829910129540356e-24
0.0010319114678760094
10390421408792145e-24
0.010393343928896206
0.03028743859045858
0.000904767467913702
0.00033775334202381437
0.00015457459509241416
2618188128318659e-21
0.006163757131484415
0.03169612765882281
0.021982421127966417
11257176077143222e-24
0.9760800928781838
0.07296696675202882
0
0
8178619327646291e-20
6662198478658762e-20
10336393052528333e-22
7596610300661778e-22
0.0001935226404397784
0.009856648539927494
0.005421869570172738
15204233910082784e-24
0.00013151692296007792
7328786540922671e-21
0.06030062917049261
0.013603131295514234
0.11368815016786316
3845637363677402e-22
0.065183039101333
0.007752724429399045
0.00012015878609515564
0.1448233675853033
0.0002965186960034711
18549559457239284e-29
8515588757097531e-20
37361713148103537e-22
0.00012473223025697764
0.0166393599175913
0.0039201477888726995
0.00016357933226831016
0.00015213957666244628
3799874525887937e-24
0.0005147598947215092
0.023529135647888496
13135133743862539e-24
0.0018093530669473148
0.001804278773010911
4418942932595832e-20
0.1237320134695776
4337438127293691e-20
0.5657722052762929
0.001914565058168696
0.23466407272826803
0.0033142948063376483
0.000701398843866668
0.0005696321023334868
4475333292463622e-20
0.6977762345105867
1210214509825953e-20
21568116895511755e-21
0.00837589263843393
0.006488828116628613
21715985259043202e-24
8723814981933257e-20
0.00306559196794389
0.15671201963951584
0.031289562578398995
0.00010012337562051282
0.02360982281317255
0.00035425358826878835
0
0.12967090782364157
0.012504710103886735
0.6197709631984504
0.5261511816015864
0.573492031980694
0.05553915057020296
0.030712133161790015
0.9286191086685639
0.6010562850627024
0.9539623220784609
0.5096967550191631
0.2875952274746968
0.0007658266279643401
0.016008690214382164
0.1687658632754475
0.4185723398588965
0.1628998341248592
0.00029932761064886335
0.027837350738134255
0.3783559699626793
0.13185429890933809
0.20765859908394552
