0.02100052391014666
36.69768043187121
93.05894075547918
0
93.57268860914402
0.0008667485074089604
97.13566566138465
0
133.52392322290186
0
75.31556485010543
0
22.937610115444137
0
31.136926169444518
0
33.10649841593421
6.202220321268142
26.034307525037466
0.15127957118753732
24042747620308533e-26
2.3813774886042167
2.23648121649279
0.5465887917081617
0
6.001258071688594
0.2559303706270183
0.42898412275396214
0.007021103862951687
3.8754649371011625
3.7218511916941615
0.8363677205950535
1.0497282592135808
1.0316598496802112
1.3959566373332055
0.6402486379328518
225809588459029e-20
20.648914721981388
34.14921390618507
0.00041117658724068834
10.498202386300507
0
2.4504504299095085
0
14.798207909801492
27.7662235181494
4.4888730141554545
0
15.696236108090721
0
0.16316118947070843
0.01020434651999463
33.239198550856315
32.94026448249324
18.775947820661145
94.9351713651618
61.67842163602545
0.10248173176326997
0.007381380642152131
0.009045206819896788
19.89162836780965
46.80682240176003
1.2088838745956647
0.11040835448504686
0.00910270002946183
0.20455749257927036
15.875520862593433
0
15.947281491540103
0
12.35257198873826
0.001972103786109264
0.0019781668695720506
15.801238455796335
0.5077108377674611
1.2250537954061258
2.990875165115007
0
1623611757333581e-20
0.000645335599252042
0.10806814675635204
0.006029366589099929
0.0021591183240466847
0.00915118177037679
0.0014629355159924355
0.0013427554585397495
0.644001831055755
0.6692956035234997
0.10220376737824664
0.2037181220172578
8265807629065974e-20
0.1612866254864851
0.02450142058688498
2.002218741226744
0.08075572233180142
0.17022385524877495
0.02836993499470131
0.04505525121727502
1.0139630787325797
0.0011223565495914207
0
1.2579297122740891
1.2636842379264026
0.009823866296660898
0
2.6118334502161225
21362508981931814e-21
0.005245909305784355
0
0.0018300632970687123
0
0.13396156925997715
1.2251847064636008
0
0
0
0
0.2684801569962356
0.5840886229820207
1.07950299811171
5.4499029933460585
0.325677770601508
1.3771435490559814
0.11969571382099949
0.01753937169603139
0.04042291770725695
3.219534522577873
0.003940738362555496
1.6896804077282492
9105552400540076e-22
0.06499007334605957
2.1366161462314506
0.4692364945153137
0.5070712883320814
0.0031159415033913027
0.8315812996047349
0.20299853384963265
0.002107196442999057
0.024425428125682828
0.9222363808766109
2.2349167026329226
0.14247988404575712
0.11518851159997806
0.3486242952039403
0.029780863192992127
0.43883478018540784
0.44206773595404614
0.405872531976819
0.6303911030240704
0.14290118585337683
2.772505657945987
0.3207998096989314
10.60368014027687
2.0051449468417437
2.7988047334378656
0.19451634274998977
0.44724791040994133
2.4257855097298444
4.193949575441232
0.9549188215016108
5.186923352653365
6.575376411409068
3.9836597711963115
2.220513531079191
3.510278202504722
0.3479615048933232
36.03544846268405
619.5777749270558
4.002298243562253
10528.005323986747
1.0999997204334429
23.219052356994236
1.1824189431911296
45.42816845935789
1.2731071941731542
1.3969421753754494
1.0999987133162767
0.761307716532773
1.123760157137657
4.305586530144976
0
0.0012827393371183003
6944654359183448e-20
0
0.00041808334788946303
0.02947790123601743
0.04717089050313861
0.07801611505604462
0.03892269487796088
0.037422434010910624
0.061601537324048036
0.045623589085819906
0.06598855677740327
0.044872321505218735
0.04147540344518732
0.06439445160838474
0.048857082505487766
0.03778675910676421
0.04437917713542256
0.03772066420670004
0.04659013756355278
0.05060503028504565
0.07479073950242776
0.04753198961347232
0.035763861763503636
0.0019047102354843937
0.007502615510698429
0.023498720357403125
0.0782326073833037
0.043529902868192735
0.1312091757035892
9120762464623449e-20
0.010217912291713975
0.31223005789079544
48061270040145755e-22
0.08042837882231829
0.011057049737695576
0.001271239250623985
5486381591079577e-21
1204424802703143e-21
0.1155630018702058
0.09877939649537465
0.004161709290055662
0.04239392838727152
0.02070564960236847
0.005818865722127161
0.012264911615945099
0.0004831180061418181
0.679746743309756
15699130029399018e-25
0.08622507527078954
0.0003420318325142525
0.009728571236708708
0.011044849262683442
0.00015708645105666052
0.00017090434977235113
0.7897504204041913
0.0003936622690495405
0.06047660726971572
0.34882756803452214
13179245795855617e-22
25861726587893267e-22
0.00014474735093285575
12571631574766061e-21
0.000594839891813477
1700336328039463e-20
1443227889875393e-22
10044050918335215e-22
19077352191910476e-21
0.08358491038141215
0.08455268128656303
43501772851715306e-21
0.00021272858974338263
0.020049606804963552
0.008232458691981637
0.1018209941251356
0.020653247874723682
27829642946733936e-21
0.16342459104739684
0.04035895263492934
5573481598802625e-22
0.43910066032215633
44589655605110943e-23
0.003779478721322712
0.0009835609562387443
229945659531036e-26
0.4578371749523785
0.7714695617681838
0.018468515527512806
0.42184919711337676
0.9792184515468438
0.007463537740368866
0.25063353642857183
22332184598291317e-26
4630639167486705e-21
0.0006298304680863271
9121508949643579e-20
0.15492796736529385
8645608060896386e-22
0.00011182735729793423
0.20166856193917895
0.000930064745944942
0.012006311721165334
12200896889927947e-21
0.16487651055401906
0.10892406623613667
0.021754195007480312
3147009111928439e-20
0.00015347366037898598
12006681061849455e-23
0.01388624663425619
0.20362545588848527
8333314588994041e-24
11103426327344342e-21
9106420941576437e-21
9651187689384754e-20
10586519781858576e-21
0.5391714928728354
0.2016033449803977
0.005183531028154766
0.0015508735270468406
0.04387334130348578
0.005920377072006332
6760876784966015e-20
0.02932040708522627
8324402103133975e-20
0.0007215120996756675
0.08925683890489446
997038914744233e-21
0.8675378152583768
0.8792762499259645
0.001831652799474906
0.0005373871927319501
5829910129525839e-24
0.0010319110131103576
10390421408746038e-24
0.01039329778692218
0.030287046589868447
0.0009047671183103353
0.00033775329330508534
0.00015457458488839525
26181881253911693e-22
0.0061637409044485135
0.031695698333491076
0.021982214666427042
11257176077089108e-24
0.9756648769579239
0.07296468959804912
0
0
8178619041983046e-20
6662198289106323e-20
10336393047965532e-22
7596610298197252e-22
0.00019352262444571086
0.009856607040761642
0.0054218570145074035
15204233909984065e-24
0.00013151691557324808
7328786517984552e-21
0.06029907438244564
0.01360305224735741
0.11368261753736465
3845637363045819e-22
0.06518122216378681
0.007752698756736663
0.00012015877992912357
0.14481438388351567
0.0002965186584542928
18549559457239284e-29
8515588447409968e-20
37361713088489684e-22
0.0001247322236126333
0.016639241636842952
0.0039201412254073215
0.0001635793208407909
0.00015213956677738411
37998745258817715e-25
0.000514759781557686
0.023528899102900725
13135133743788857e-24
0.0018093516687891797
0.0018042773826841354
4418942849202596e-20
0.12372545874160559
4337438046948365e-20
0.565633899979793
0.0019145634926767425
0.2346404422833311
0.0033142901149077297
0.0007013986337647841
0.0005696319637576203
4475333206928434e-20
0.6975652811676438
12102145035710803e-21
2156811669684815e-20
0.008375862672354184
0.006488810132741135
21715985258841793e-24
8723814656915329e-20
0.0030655879542018224
0.15670149787840487
0.03128914419977856
0.00010012337133931294
0.02360958464267011
0.0003542535346736617
0
0.12966370789149875
0.012504643307725178
0.6196048104651863
0.526031667738597
0.5733499037740787
0.055537831755531196
0.0307117300872641
0.9282436678804328
0.6009000762366732
0.9535658963522397
0.5095846378171482
0.2875596958423448
0.0007658263774910905
0.016008580731340902
0.16875365764169697
0.41849687094546534
0.1628884636086284
0.00029932757238490835
0.027837019610260597
0.37829435776701664
0.13184685413910174
0.20764010479887404
