0.021332685326330956
36.62996756825445
92.35357687929128
0
92.86760909921567
0.0008557279724573075
96.32367028294178
0
132.95088431290608
0
75.35667723475132
0
23.284819841552558
0
31.10973192099366
0
33.13327252818925
6.228129061244385
25.988034173263102
0.15119198059143338
21053182392363015e-26
2.3759035056900233
2.218224243653559
0.539448463677278
0
5.993328034782109
0.25110094638325603
0.42843849830210273
0.007021117007683952
3.8751967554839473
3.7171729103858215
0.8154078781803958
1.0016002729450466
1.03160278787458
1.3609525846880721
0.6139830061790348
22425201070494874e-22
20.320132845142147
33.70743950949805
0.0004136767124131969
10.149307888849538
0
2.4315229604796915
0
14.754720880870416
27.736617070753883
4.488761571017154
0
15.654491327304592
0
0.16321324643963864
0.010271434806558566
33.23897045414179
32.94026421238352
18.780547486578495
91.8894513624947
61.67830407097183
0.10256523791223561
0.006458704430303426
0.009045181168058315
19.885556024340726
46.723115435845806
1.2093335092760076
0.11039328370564365
0.00922629764122389
0.20521737684679203
15.861800413537155
0
15.93247892267833
0
12.328829770192078
0.0019710405885493207
0.0019775920148530513
15.800417462475993
0.5078897565913795
1.2258754496130861
2.9906753861696487
0
16319090181765133e-21
0.0006496032496125266
0.10708013309614726
0.006078625849029846
0.002157714865471967
0.009135341139855367
0.0014709561466063647
0.0013359732178081776
0.6441175101671263
0.6691498692731828
0.10150512406510559
0.2045371073901321
8299100561133988e-20
0.1605446836551944
0.024255295656167627
1.9973994102996908
0.08064529098748782
0.1701475174831584
0.028203145913579017
0.04458125350391033
1.0128089206929236
0.0011295946317926113
0
1.2578222284156226
1.2600001662184053
0.009816968475635157
0
2.6097813792032265
21361651439363744e-21
0.005253371832928963
0
0.0018964857359841784
0
0.13395762674559286
1.2249750674150588
0
0
0
0
0.25812737365292426
0.5842330151792595
1.077368114275656
5.442675942903842
0.3260960464675593
1.3708740741849768
0.11984927155468976
0.017542703968109395
0.04078025868089439
3.1892428571571405
0.003942572800928882
1.6902617894517928
910647659327661e-21
0.06487677941795172
2.136094254612467
0.4663025269670155
0.5042374339681908
0.0031159605264632724
0.8309498367928629
0.20304982047563572
0.0021049283452686408
0.024226765779992145
0.9211211000843131
2.2331176532058996
0.1426259965934722
0.1143749828301841
0.3458043482620387
0.029470649706894895
0.434778317457632
0.4383755836131843
0.4059919497199876
0.6303553526933333
0.1427525089269979
2.771181363156742
0.31884626438262553
10.51562501114529
2.005265564973935
2.798559749189244
0.19459860257325817
0.44396697737193047
2.426031861343458
4.193339209561613
0.9551689260818715
5.147119158965843
6.52462539125398
3.923895739293286
2.220837947993399
3.4720269608238454
0.34597657792942793
35.75800239691334
619.5776576955025
4.002298184066712
10525.529689894634
1.0999997160115906
23.219052190650633
1.1824156529637577
45.42807053331663
1.2733088162537578
1.3969441733301313
1.099998708893391
0.7645225901190941
1.1237484703659868
3.809823060256187
0
0.001274834940544354
7049052699034908e-20
0
0.0004293237899050628
0.0290971298333968
0.04654972017415778
0.07698335608049074
0.038428568755019696
0.03706106945896596
0.06079570929183254
0.04500176739224904
0.06510984345829211
0.04427851173497107
0.04093475195708814
0.06355192159486771
0.04821195548341189
0.03729851856712059
0.043811211261063986
0.037236046613795926
0.04597776866069161
0.04995099061709918
0.07386404845912034
0.04693264056897951
0.035293398266445716
0.0019047090303811658
0.007502596810661632
0.023498536851374
0.07823057112049114
0.043529272899726225
0.13120344156611877
9120762188303462e-20
0.010217877604773197
0.3121974635308082
4806126996342026e-21
0.08042622655215972
0.011057009118830905
0.0012712387138205659
5486381581081391e-21
12044248022212965e-22
0.11555855519912056
0.09877614878296863
0.004161703536579435
0.04239333088378823
0.02070550713534982
0.005818854474044185
0.012264861636775704
0.0004831179286135641
0.6795910450619309
1569913002939083e-24
0.0862226012807127
0.000342031793655815
0.009728539792884834
0.011044808733418262
0.00015708644286016772
0.00017090434007044735
0.789539753479174
0.00039366221757406963
0.060475390882273515
0.34878685340813986
13179245790086224e-22
2586172656567736e-21
0.00014474734397345665
12571631522269295e-21
0.0005948397742818529
1700336318436197e-20
14432278898062072e-23
10044050914984272e-22
19077352071021825e-21
0.08358258570463674
0.08455030241841834
4350177222313107e-20
0.000212728574711865
0.020049473224669694
0.00823243617641887
0.10181754310787888
0.020653106128056695
27829642689478416e-21
0.16341568945281812
0.040358411139934006
557348159777081e-21
0.4390360223647224
44589655598506786e-23
0.003779473976202785
0.000983560634901811
22994565953103585e-28
0.45776687511085223
0.7712686140059496
0.018468402188262806
0.42178956023256614
0.9788932469724201
0.007463519234640092
0.25061256116713704
2233218459828967e-25
4630639160364228e-21
0.0006298303363206757
9121508673278361e-20
0.15491996874197148
8645608058413593e-22
0.00011182735314412718
0.2016549957422097
0.0009300644586129625
0.012006263827610079
1220089684048176e-20
0.1648674498112651
0.10892011634875991
0.021754037742456097
3147009079032259e-20
0.00015347365255517637
12006681061370614e-23
0.013886182565747392
0.20361162456580262
8333314588970973e-24
11103426286393458e-21
9106420914031311e-21
9651187379990973e-20
10586519744631778e-21
0.5390738281320058
0.20158978757484752
0.005183522102347689
0.001550872728103498
0.04387270135067712
0.005920365428025135
6760876633136628e-20
0.02932012135601796
8324401872960095e-20
0.0007215119267565744
0.08925418771200283
9970389144140357e-22
0.8672831775050212
0.8790146082469389
0.001831651685046777
0.0005373870968076432
5829910129514549e-24
0.001031910659403878
10390421408710178e-24
0.010393261898861786
0.03028674170402821
0.000904766846396699
0.00033775325541274547
0.00015457457695193657
26181881231142334e-22
0.006163728283450125
0.03169536441780903
0.02198205408657037
11257176077047018e-24
0.9753420533600399
0.07296291852741893
0
0
817861881980053e-19
6662198141676651e-20
10336393044416684e-22
7596610296280399e-22
0.00019352261200588145
0.009856574763753444
0.005421847249010022
15204233909907283e-24
0.00013151690982793628
7328786500143794e-21
0.06029786513056916
0.013602990765775232
0.11367831456645584
3845637362554588e-22
0.06517980902515438
0.0077526787891691405
0.00012015877513332107
0.14480739694518355
0.0002965186292493796
18549559457239284e-29
8515588206541869e-20
3736171304212335e-21
0.00012473221844481018
0.016639149641286634
0.003920136120497402
0.00016357931195272094
0.00015213955908900288
37998745258769755e-25
0.0005147596935413963
0.023528715125109876
13135133743731548e-24
0.0018093505813335992
0.001804276301319606
44189427843411896e-21
0.1237203608599163
4337437984457557e-20
0.5655263525683717
0.0019145622750727754
0.23462206469352234
0.0033142864660223844
0.0007013984703522514
0.0005696318559764141
4475333140401065e-20
0.6974012504383281
12102144987061794e-21
21568116542332016e-21
0.008375839365477391
0.006488796145307558
21715985258685145e-24
8723814404123617e-20
0.0030655848324060704
0.15669331477483425
0.031288818798052495
0.00010012336800949094
0.023609399400607058
0.0003542534929885688
0
0.12965810822066448
0.012504591355401756
0.6194756113576132
0.5259387312806201
0.573239383965911
0.05553680603243721
0.030711416588512383
0.927951763323445
0.6007786085508298
0.9532576791279359
0.5094974525996343
0.28753206316327184
0.0007658261826786197
0.01600849557838202
0.16874416498129932
0.418438182309191
0.16287962042249485
0.0002993275426240578
0.027836762069081988
0.3782464441069004
0.13184106405286303
0.20762572149368655
