0.02219117471272532
36.45149590503849
90.54805831881701
0
91.06273735604938
0.0008285762867532248
94.2893525573609
0
131.36913144104702
0
75.46671994949658
0
24.094127370070815
0
31.04477975246906
0
33.2013018885026
6.2969827432153185
25.865910201169466
0.15110363570208288
15078535781724928e-26
2.3625341714812738
2.171185323407659
0.5213762071797094
0
5.972743277556665
0.23896910618748077
0.42705434964526257
0.007021140641784168
3.87441074132555
3.7053043565685564
0.7660505077156077
0.8886834707996276
1.0314037908893627
1.2785429428317536
0.5522360835917953
22025293807665444e-22
19.490393813850954
32.57430767537501
0.0004203832458288732
9.291306281019228
0
2.3829451780835065
0
14.642179232875334
27.600288619135583
4.4884713875949975
0
15.547216849064453
0
0.16336194104525603
0.01045901361563079
33.238380927663854
32.940263508113
18.792171607238995
90.23209052229583
61.67800285890206
0.10278190542811584
0.005391326566544058
0.009045116213816156
19.87010719707978
46.49412040359826
1.2103277041074338
0.11026648424051455
0.009544811664361753
0.206760067934256
15.81459180937479
0
15.891260146132899
0
12.265390904199986
0.0019668245978705207
0.001974644839204759
15.798290616780335
0.5083929079601902
1.227981095391344
2.990158742227519
0
16507065136188418e-21
0.0006615326798509015
0.10454474297194018
0.006204244533844806
0.0021524869153114515
0.009090287192843669
0.0014906496500066903
0.0013185744202983908
0.6439686020665922
0.668774616651641
0.0997040543305752
0.20657522255625016
8376254650496508e-20
0.1585530318565286
0.023617488573686108
1.9849375016769017
0.08029236728988963
0.16998939036218616
0.02776215549260924
0.043367334164073824
1.0098927712865902
0.0011477712630006535
0
1.2575474591444398
1.2500684017946277
0.00979186804535345
0
2.604495267874058
2136133710552447e-20
0.005273046641450762
0
0.002062596310084884
0
0.1339475454514778
1.2244372148473062
0
0
0
0
0.23350027906386128
0.5845809173999236
1.0718602771488597
5.423939377425366
0.327170405699912
1.3545463903172315
0.12023399328968633
0.01755296983059784
0.041696075042007626
3.112478779426718
0.003947126573316847
1.6917079607050327
9108862170216818e-22
0.06458578482152195
2.134427501394952
0.4586805555971195
0.49691676588083067
0.0031160096559469065
0.8293175268581243
0.2031820554943859
0.002097532997572107
0.02371398748473788
0.9182547438462519
2.228466678368833
0.14300320066521438
0.1122727692315069
0.3385385418824722
0.0286764945838338
0.42437085077900816
0.42806953690958716
0.40629972223501987
0.6302630468094216
0.14235988081360318
2.7679890277275865
0.3137807798988488
10.28889873323519
2.0055312495487123
2.797833232164398
0.19479677646585833
0.43548959550856403
2.4265740134602467
4.19153004809202
0.9557719222972273
5.045271702124162
6.3940198943385225
3.7743514247114853
2.2217324477558322
3.3755909012336147
0.34081593869542126
35.04412724016177
619.5773547042302
4.00229803029723
10519.133974163262
1.0999997045830714
23.219051760726494
1.1824071492331836
45.4278174390733
1.2738164933675056
1.396949053549366
1.0999986974621994
0.7725423636182251
1.1237182658197389
3.262934915460659
0
0.0012542456451835812
7315262039187163e-20
0
0.00045820053284193076
0.028133421200707904
0.04497822289396561
0.07437098522076607
0.03717675819882949
0.036137984182296655
0.05875611883545447
0.04342965330734215
0.0628873402315077
0.04277662816206921
0.039566650750804074
0.061420376323494154
0.04658017001579893
0.03606261087572288
0.04237335840560483
0.03600905950711557
0.04442818068459916
0.04829546809061482
0.07151303927678378
0.04541442897906631
0.03410333126509303
0.0019047059157293517
0.007502548479607461
0.023498062576621608
0.07822530853314899
0.04352764475392661
0.1311886225343178
912076147413935e-19
0.01021778795501897
0.3121132373816384
4806126976511902e-21
0.08042066415875546
0.01105690413783998
0.0012712373264237554
54863815552405275e-22
12044248009759387e-22
0.11554706332653422
0.09876775538686387
0.004161688666441613
0.04239178664229463
0.02070513892607205
0.005818825402857926
0.012264732463816385
0.00048311772823759986
0.6791887995868614
15699130029369667e-25
0.0862162074465673
0.00034203169322407403
0.009728458525069324
0.011044703983999852
0.00015708642167588482
0.0001709043149953479
0.7889955335396022
0.0003936620845329248
0.06047224717558663
0.3486816462363618
13179245775174901e-22
25861726508259105e-22
0.00014474732598650981
12571631386588519e-21
0.0005948394705150356
17003362936160268e-21
1443227889627392e-22
10044050906323574e-22
1907735175857848e-20
0.08357657774958138
0.08454415441333486
4350177059852069e-20
0.00021272853586208875
0.020049127983201052
0.008232377983998038
0.10180862430642486
0.02065273978053289
27829642024587432e-21
0.1633926850396521
0.04035701165009245
5573481595104023e-22
0.4388690060933999
4458965558143796e-22
0.003779461712207843
0.0009835598043893812
22994565953103545e-28
0.4575852313152752
0.7707494959259734
0.018468109259980835
0.4216354644962343
0.9780532381304093
0.007463471405782297
0.2505583575853368
2233218459828539e-25
46306391419557934e-22
0.0006298299957652544
912150795899734e-19
0.1548992977744234
8645608051996681e-22
0.00011182734240838592
0.2016199373897666
0.0009300637159881238
0.01200614004497638
12200896712685381e-21
0.1648440341314513
0.108909908311816
0.02175363128764743
3147008994010281e-20
0.0001534736323341134
12006681060133017e-23
0.013886016978544
0.20357588110603209
8333314588911351e-24
11103426180553644e-21
910642084283943e-20
9651186580345836e-20
1058651964841707e-20
0.5388214901965858
0.20155475194019784
0.005183499033181261
0.0015508706631925445
0.04387104740080608
0.005920335333623588
6760876240725272e-20
0.029319382886115988
8324401278063119e-20
0.0007215114798378923
0.08924733592343377
9970389135606231e-22
0.8666253984375333
0.8783387415744895
0.0018316488047493346
0.0005373868488860935
58299101294853685e-25
0.0010319097452306562
10390421408617493e-24
0.010393169144776651
0.030285953724079804
0.0009047661436213806
0.00033775315747793574
0.000154574556439726
26181881172293657e-22
0.0061636956639077225
0.03169450141072162
0.021981639064562932
11257176076938229e-24
0.9745081927803254
0.07295834129743367
0
0
8178618245557665e-20
6662197760636602e-20
10336393035244497e-22
7596610291326183e-22
0.00019352257985446423
0.00985649134254621
0.005421822009628256
1520423390970883e-23
0.00013151689497886416
7328786454033369e-21
0.06029473986514699
0.013602831864543393
0.11366719405673031
3845637361284973e-22
0.06517615683281923
0.007752627182134651
0.00012015876273830747
0.14478934038159977
0.000296518553767694
18549559457239284e-29
85155875840051e-18
3736171292228703e-21
0.00012473220508828903
0.016638911876085013
0.003920122926608702
0.00016357928898101914
0.00015213953921796192
37998745258645785e-25
0.0005147594660585411
0.02352823963108908
1313513374358343e-23
0.001809347770748074
0.0018042735064767103
4418942616703337e-20
0.12370718607824348
4337437822946641e-20
0.5652484851022114
0.0019145591281121697
0.23457457347261615
0.0033142770352968176
0.0007013980480037801
0.0005696315774100736
447533296845744e-19
0.6969774826774725
12102144861325764e-21
21568116142976612e-21
0.008375779127877256
0.006488759994158474
21715985258280293e-24
8723813750769611e-20
0.0030655767639685637
0.15667216707456597
0.031287977795131705
0.00010012335940338396
0.02360892063907425
0.0003542533852511842
0
0.12964363668464646
0.012504457082774124
0.6191418139631849
0.5256986079630185
0.5729538381389735
0.05553415508263157
0.030710606348628922
0.9271977451426685
0.6004647823860141
0.9524615362203591
0.5092721867171586
0.2874606572891035
0.0007658256791753406
0.016008275497990578
0.1687196331536312
0.41828653643383573
0.16285676694707565
0.00029932746570552205
0.02783609645082685
0.378122636735457
0.13182610043544177
0.20758855166816015
