0.02237757009605347
36.41338000141008
90.1594572526357
0
90.67420497705501
0.0008229011601720523
93.85799180956296
0
131.00577216369345
0
75.4910203377932
0
24.249703383206853
0
31.031604261848578
0
33.215865780121895
6.312287574684482
25.838241981332605
0.15109529796738955
14045004363356888e-26
2.3597627405686024
2.1613356821471585
0.5175255014871486
0
5.968257023182109
0.23640201366444133
0.42675889905609493
0.007021143935303783
3.8742236284437777
3.7027708645403536
0.7562016606401776
0.8662212141300107
1.0313514519291174
1.2621023068064068
0.5399323506989319
2193888673073702e-21
19.31411902092329
32.33007582090317
0.00042180257093164456
9.11318980602577
0
2.372473750795316
0
14.61762701730657
27.5589840271856
4.488407987299979
0
15.524042383159692
0
0.163396161568956
0.010500016929351874
33.238252930177
32.94026335430826
18.794645935147994
90.1351158959526
61.67793791687278
0.10282869942537579
0.005234967393533033
0.009045102310890412
19.86679931436066
46.442056630251265
1.2105133185321082
0.1102265036569423
0.009613755953814388
0.20706565393035664
15.802710740070086
0
15.881338556149297
0
12.251906098368229
0.001965704850006084
0.0019737415850790098
15.797828119552184
0.5085076520075239
1.2284336978659318
2.9900465133400638
0
16545152967946637e-21
0.0006641405985099127
0.1040138363284718
0.006231355334844897
0.002151129291258073
0.00907975131048063
0.001494729738995647
0.0013148234442617174
0.643937853692233
0.6686934042357552
0.09932623800898226
0.20700315235568784
8391592918256199e-20
0.1581228520511728
0.023481533517256323
1.9822312474978736
0.08021401971838303
0.16996132828571597
0.02766889484909677
0.04311282413925632
1.0092680020067972
0.001151617889468859
0
1.2574883503429786
1.2478374553957101
0.009785408460704232
0
2.6033508350914576
21361533518287008e-21
0.005277359153506203
0
0.0020964867368856925
0
0.13394537680006557
1.2243211661737763
0
0
0
0
0.22857487511950242
0.5846517962273767
1.0706664011099878
5.4198602744228825
0.3274024010737084
1.3510797986605976
0.12031529422977186
0.017555431348954667
0.04189343929078475
3.0961038722127996
0.003948080431892805
1.6920113932287444
9109379535164636e-22
0.06452294977701643
2.134007926814724
0.45707281180121667
0.49535239843366435
0.0031160202345367214
0.8289630772167276
0.2032107058145603
0.0020960637645705926
0.023606087584322966
0.917635416356504
2.2274600602172696
0.14308501651915764
0.11183034969084167
0.3370166318942726
0.02850967173096835
0.42219818320261326
0.42585274008205254
0.40636637681810345
0.6302430229906747
0.14227309427945103
2.767327000712042
0.31271326089582424
10.241460150559531
2.005580396257325
2.797658153084843
0.19483714294567217
0.43371043997627656
2.4266741912559295
4.191094243171845
0.9558948479204928
5.024034452305445
6.366855850796227
3.7433029359998238
2.221921788086448
3.355689536914253
0.3397298070483455
34.894524893466716
619.5772889187256
4.002297996910772
10517.745848692502
1.0999997021017092
23.219051667381283
1.1824053029096202
45.427762487388044
1.2739242370210522
1.396950062293929
1.0999986949802572
0.7742306848490208
1.123711707909702
3.185373879280707
0
0.0012499011214742708
7372381765117132e-20
0
0.0004644349196159071
0.027933678671924325
0.04465244849271712
0.07382903847065629
0.03691699879272887
0.035944726204460466
0.0583330734714496
0.043103624379238696
0.062426361181816055
0.04246531462731606
0.039283000380390135
0.060978577633405015
0.046241930766679
0.03580629343117662
0.04207525754643234
0.035754546399887434
0.04410661404675285
0.04795212383975456
0.07102531361921095
0.04509954006215067
0.03385666441417443
0.0019047052394762143
0.007502537986000673
0.023497959603259504
0.07822416596593404
0.04352729125863906
0.13118540524439962
9120761319079905e-20
0.010217768490350743
0.3120949531862814
4806126972206382e-21
0.0804194565016446
0.011056881344478417
0.0012712370251920888
5486381549629953e-21
12044248007055463e-22
0.11554456835991878
0.0987659331053018
0.004161685437841405
0.04239145136371238
0.020705058981266896
0.0058188190909354755
0.012264704417937975
0.00048311768473194235
0.6791014954341003
1569913002936507e-24
0.08621481927869719
0.0003420316714183187
0.009728440880275038
0.011044681240916922
0.00015708641707634958
0.0001709043095510379
0.7888774219742941
0.0003936620556470114
0.06047156463496956
0.34865880782808817
13179245771937353e-22
2586172649579244e-21
0.00014474732208118068
12571631357129484e-21
0.0005948394045611454
17003362882270666e-21
14432278895885674e-23
10044050904443161e-22
1907735169074072e-20
0.08357527335826807
0.08454281961633954
43501770245784975e-21
0.00021272852742701867
0.020049053025091426
0.008232365349302606
0.10180668795773991
0.02065266023994557
2782964188022617e-20
0.1633876907448761
0.04035670779899687
5573481594525009e-22
0.43883275188377574
44589655577731974e-23
0.003779459049452123
0.0009835596240684527
22994565953103537e-28
0.4575458023034566
0.7706368310819823
0.018468045659948914
0.4216020146391241
0.9778709505114858
0.007463461021211845
0.25054659044217137
2233218459828446e-25
463063913795895e-20
0.0006298299218238191
9121507803912514e-20
0.154894810054356
8645608050603441e-22
0.0001118273400774398
0.2016123263188072
0.0009300635547493522
0.012006113169435386
12200896684938206e-21
0.16483895055391337
0.10890769206725272
0.021753543039103384
31470089755502925e-21
0.0001534736279437126
12006681059864311e-23
0.013885981026478943
0.20356812130817611
8333314588898408e-24
11103426157573682e-21
9106420827382235e-21
9651186406726735e-20
10586519627526913e-21
0.5387667181436856
0.2015471458009469
0.005183494024412903
0.001550870214859038
0.043870688303125585
0.005920328799541456
6760876155524845e-20
0.029319222551844142
8324401148898975e-20
0.0007215113828028572
0.08924584833126188
99703891337533e-20
0.8664826472487422
0.8781920659483703
0.0018316481793791894
0.0005373867950573333
5829910129479032e-24
0.0010319095467452946
10390421408597369e-24
0.010393149006100937
0.030285782640428277
0.0009047659910347382
0.00033775313621431445
0.00015457455198611118
2618188115951642e-21
0.006163688581569111
0.03169431403755901
0.02198154895593891
11257176076914606e-24
0.9743272390255937
0.07295734752630631
0
0
8178618120877947e-20
6662197677905115e-20
1033639303325303e-21
7596610290250524e-22
0.00019352257287374292
0.009856473230210685
0.005421816529664279
1520423390966574e-23
0.00013151689175483093
7328786444021864e-21
0.060294061328311166
0.013602797364122144
0.11366477971322865
3845637361009314e-22
0.0651753638951456
0.00775261597725063
0.00012015876004709988
0.14478542023449315
0.0002965185373790982
18549559457239284e-29
8515587448839803e-20
3736171289626815e-21
0.00012473220218831875
0.016638860252906895
0.003920120061954876
0.00016357928399339918
0.00015213953490355797
3799874525861887e-24
0.0005147594166674324
0.023528136393004058
13135133743551269e-24
0.0018093471605137728
0.0018042728996604466
44189425803057744e-21
0.12370432575245163
433743778787936e-19
0.565188172505548
0.0019145584448441518
0.234564263439689
0.0033142749876993857
0.0007013979563034311
0.0005696315169277133
44753329311250086e-21
0.6968855081671538
12102144834025932e-21
2156811605626849e-20
0.008375766049134984
0.006488752145040532
2171598525819239e-23
8723813608913269e-20
0.0030655750121506417
0.15666757585888458
0.03128779519940005
0.00010012335753482444
0.0236088166915595
0.0003542533618592265
0
0.1296404948353437
0.012504427929665482
0.619069363576436
0.5256464868287295
0.5728918591696788
0.05553357952461156
0.03071043043201155
0.9270341135397647
0.600396666051192
0.9522887653926627
0.5092232901061536
0.287445155974973
0.000765825569854654
0.016008227714492763
0.1687143072696641
0.41825361831405417
0.16285180541972585
0.0002993274490049572
0.027835951933764223
0.37809576100976994
0.13182285175631164
0.20758048222765194
