0.02256396547938162
36.37559530344755
89.772100161205
0
90.28688849781547
0.0008172958947640945
93.42982476374492
0
130.6350545925128
0
75.51541021477897
0
24.398619974337326
0
31.018730413753186
0
33.23036078138538
6.327718834736293
25.810216494237007
0.15108856186364567
13088055671287901e-26
2.357034334826498
2.151638128603629
0.5137010403908931
0
5.96376477534347
0.2338589150967821
0.4264653011491359
0.0070211466134962
3.8740310141987737
3.700253219449498
0.7466465617974152
0.8444514721198872
1.0312960589041151
1.2461531971268767
0.5280009364682519
21852633055719974e-22
19.13924637247802
32.08652966820762
0.0004232022423388904
8.937935175336547
0
2.3620329198356695
0
14.593014824198201
27.514057557079095
4.488344450947166
0
15.500909659392523
0
0.16343092918640983
0.010540849604543517
33.23812493295817
32.94026320024064
18.797102850923384
90.05690412208882
61.67787312281898
0.10287533368695977
0.00509136334630603
0.009045088467685562
19.863507822640333
46.38918951912746
1.2106886860560655
0.11018333043259369
0.009682618871077653
0.2073613170978821
15.790423622751836
0
15.871038204558339
0
12.238575740121012
0.0019645340419307427
0.00197276030391776
15.797365410547593
0.5086239310650994
1.228884338763161
2.9899342656763177
0
16582592578534583e-21
0.0006667378291651741
0.10349095900655841
0.006258421794123939
0.0021497161750205487
0.00906895546299094
0.0014987405018987922
0.0013110826692119527
0.6439147754438395
0.668612283339849
0.09895395922698264
0.20742598578915664
8406513467747482e-20
0.15769486258050103
0.023346716507985595
1.9795250094873198
0.08013598270943974
0.16993522194404526
0.02757684788646286
0.042861984925458244
1.0086454193844043
0.0011554291540686425
0
1.257429425501813
1.2455814654221817
0.009778697560740929
0
2.602207549667136
2136180571867391e-20
0.005281678965426492
0
0.002129559844292337
0
0.13394321514760918
1.22420536715054
0
0
0
0
0.22379548454329323
0.5847210717048029
1.0694732605985164
5.415777243783552
0.3276339454911528
1.3476489950590005
0.12039582574178777
0.017557960133735177
0.04209027445205118
3.0798339256822973
0.003949022115709578
1.6923111196595306
9109896685514797e-22
0.06446023760275013
2.1335686045272153
0.4554858569821817
0.49379883021813664
0.003116030755390808
0.8286086175712459
0.20323933453469822
0.002094675643615489
0.02349964095198613
0.917017144039117
2.2264548588635464
0.14316680272195162
0.11139390771007733
0.33551801697557526
0.028345113228883573
0.4200611671691141
0.4236647850393358
0.4064329714846008
0.630223005460322
0.14218577837218271
2.7666736269193786
0.31165982098080064
10.194767353248881
2.005626605936982
2.7974771199995914
0.19487659256292375
0.43195742030636736
2.4267683365581534
4.190643680685888
0.9560150205271443
5.003153703741905
6.3401879896484665
3.7127828791362254
2.2221082124870897
3.336187918931992
0.33865884419494435
34.74718444945323
619.5772231332278
4.002297963524313
10516.35790640149
1.099999699620347
23.219051574036072
1.18240345658894
45.427707535769265
1.27403111759778
1.3969510538817411
1.0999986924983145
0.7759007844891356
1.1237051500379036
3.1145633585573766
0
0.0012456129144481373
7429264677802621e-20
0
0.00047065650229573535
0.027737617311345865
0.04433264207378595
0.07329684709660217
0.03666191670573549
0.03575434196718414
0.05791769304605593
0.04278349732137106
0.061973712648161434
0.042159710797298015
0.03900453463952763
0.06054490539561493
0.04590989704042574
0.03555463615285967
0.04178262042295907
0.035504645349927394
0.04379080284792405
0.04761502002270707
0.07054647281937054
0.044790383231185234
0.03361452960990657
0.0019047045632233168
0.007502527492408561
0.02349785663034865
0.07822302341540756
0.04352693776622231
0.1311821880333828
9120761164020464e-20
0.010217749025719595
0.3120766700620478
4806126967900862e-21
0.08041824886266884
0.011056858551163841
0.0012712367239604938
548638154401938e-20
1204424800435154e-21
0.11554207344717625
0.09876411085736111
0.0041616822092436995
0.04239111608778187
0.02070497903677042
0.0058188127790198725
0.012264676372123695
0.0004831176412262887
0.6790142025035723
15699130029360475e-25
0.086213431133178
0.00034203164961256477
0.009728423235512759
0.011044658497880826
0.00015708641247681442
0.00017090430410672807
0.7887593280901276
0.00039366202676110004
0.06047088210205622
0.34863597091571463
13179245768699802e-22
25861726483325775e-22
0.0001447473181758517
12571631327670447e-21
0.0005948393386072626
17003362828381065e-21
14432278895497429e-23
10044050902562748e-22
19077351622902958e-21
0.0835739689873126
0.08454148484041822
4350176989304926e-20
0.00021272851899194894
0.020048978067262045
0.008232352714626566
0.10180475164588335
0.02065258069966458
2782964173586491e-20
0.1633826966027568
0.04035640395018901
5573481593945996e-22
0.43879650066904907
4458965557402598e-22
0.003779456386698279
0.0009835594437475575
2299456595310353e-27
0.4575063766891405
0.7705241827068533
0.01846798206013602
0.4215685674357113
0.9776886968669662
0.007463450636655842
0.2505348238516343
2233218459828353e-25
4630639133962106e-21
0.0006298298478823926
9121507648827691e-20
0.15489032246430617
86456080492102e-20
0.00011182733774649375
0.20160471553516265
0.0009300633935106084
0.012006086293954553
12200896657191032e-21
0.1648338671331464
0.10890547586778855
0.02175345479091734
31470089570903044e-21
0.00015347362355331193
12006681059595603e-23
0.013885945074506969
0.203560361806104
8333314588885462e-24
1110342613459372e-20
9106420811925039e-21
9651186233107638e-20
10586519606636757e-21
0.5387119516584509
0.20153953994873142
0.005183489015649387
0.0015508697665256612
0.043870329208384407
0.005920322265466536
6760876070324419e-20
0.02931906221844909
8324401019734836e-20
0.0007215112857678353
0.08924436076388548
9970389131900369e-22
0.8663399195740346
0.8780454148159211
0.0018316475540092578
0.0005373867412285786
5829910129472696e-24
0.0010319093482599711
10390421408577245e-24
0.010393128867464244
0.030285611557743192
0.0009047658384481216
0.0003377531149506945
0.00015457454753249652
2618188114673918e-21
0.006163681499238638
0.03169412666550412
0.02198145884768427
11257176076890985e-24
0.9741463188716686
0.07295635376871519
0
0
8178617996198232e-20
666219759517363e-19
10336393031261563e-22
7596610289174863e-22
0.0001935225658930219
0.009856455117908442
0.005421811049705841
15204233909622647e-24
0.0001315168885307978
732878643401036e-20
0.060293382799111374
0.013602762863788398
0.11366236542100873
3845637360733655e-22
0.0651745709671189
0.007752604772382802
0.00012015875735589235
0.14478150019352384
0.0002965185209905034
18549559457239284e-29
8515587313674506e-20
37361712870249265e-22
0.00012473219928834853
0.01663880862988894
0.003920117197303144
0.0001635792790057794
0.00015213953058915416
3799874525859194e-24
0.0005147593672763284
0.02352803315537203
1313513374351911e-23
0.001809346550279677
0.0018042722928443872
4418942543908212e-20
0.12370146549279551
4337437752812079e-20
0.5651278663443008
0.0019145577615763772
0.23455395385990893
0.003314272940103219
0.0007013978646030941
0.0005696314564453594
4475332893792577e-20
0.696793545793971
12102144806726101e-21
2156811596956037e-20
0.008375752970413135
0.0064887442959320855
2171598525810449e-23
8723813467056929e-20
0.0030655732603337205
0.15666298477774693
0.03128761260473402
0.00010012335566626494
0.02360871274450241
0.00035425333846727044
0
0.1296373530621821
0.012504398776624806
0.6189969216676457
0.5255943708620643
0.5728298869049252
0.055533003972556665
0.030710254516401865
0.9268705108145213
0.6003285574434426
0.9521160259045613
0.5091743981898456
0.2874296554967507
0.0007658254605339828
0.016008179931137574
0.16870898155381633
0.41822070278484746
0.1628468440435319
0.0002993274323043932
0.02783580741745189
0.37806888719432197
0.13181960315724092
0.20757241310082125
