0.025537177296558515
35.82452211384108
83.77101580908241
0
84.28360930341772
0.000735469995105504
86.93208448373403
0
123.63069147028166
0
75.91258768024508
0
26.106125055080344
0
30.845945867572446
0
33.45375020664168
6.590283416919715
25.33942961384571
0.15111372221308617
4428090546177444e-26
2.3186248988295235
2.0173002408805294
0.45628367821156013
0
5.891310572220344
0.1965485724636421
0.4220473611264607
0.0070211192576882355
3.8703315593556926
3.6623639585309276
0.6284130890017944
0.5769680323687597
1.030064730585078
1.0489097126740137
0.38078253474451373
20501551263498123e-22
16.544087257319347
28.31060824161754
0.00044326505230582875
6.507250912265326
0
2.2007746812085953
0
14.19032627101601
26.476999056139412
4.487314665300857
0
15.137593604969412
0
0.16404481018226827
0.011154598950049341
33.236083278047985
32.94026071367629
18.834027634180316
89.56858025820225
61.67685652235226
0.10359453682932512
0.0037079010392753716
0.00904487428585675
19.813156634392502
45.450132346428234
1.2122756301709132
0.10933158202264145
0.01076989583428782
0.2109303952339468
15.576890728190719
0
15.671876806770014
0
12.049224829370502
0.0019436053782022086
0.0019523234038957143
15.78996116003918
0.5106426148831585
1.235737664094999
2.988141539223314
0
1714414743646669e-20
0.0007058021923677715
0.09621228773950363
0.0066855337126516265
0.002124754485889916
0.008864782528894699
0.0015535790088123571
0.0012530414919362104
0.6450698196023575
0.6673299246194726
0.09376607112251845
0.21351896345002147
8608463320921715e-20
0.15126890288698647
0.02136330373088425
1.9364258197527842
0.07900134034907486
0.16973024857597196
0.02628365583187728
0.03934278751420908
0.9989357547604396
0.0012115500703547828
0
1.2565100096313777
1.2067714443329756
0.009660823232305802
0
2.5841165261232923
2137438954867352e-20
0.005350500527706286
0
0.002559373682984456
0
0.13390960093796808
1.2223881783512636
0
0
0
0
0.16480707423376073
0.585629829469562
1.0505487467836094
5.350118587901137
0.3312671088486791
1.2980841562973233
0.12158514279228826
0.01760570652684867
0.04515775465741951
2.8347124765009424
0.003962488185427866
1.6966135192298832
9118115617572527e-22
0.06347623006483182
2.1241625884842255
0.43307544201040254
0.4705445338015905
0.0031161831446075107
0.8229553750849101
0.20369307857220187
0.0020848615064559552
0.02199868223811738
0.9072906040293309
2.210628602904942
0.14446733690233096
0.1052492620245488
0.31473386245824203
0.026018055574230675
0.3906587319492
0.3933681824018861
0.407487522262295
0.6299045505362522
0.14072836044321077
2.757157333129672
0.29681084404979463
9.549436147698247
2.00600798203768
2.7938738493026416
0.19539339376531292
0.40754138526999584
2.427539144521232
4.181686637791823
0.9575948628535063
4.717216816543928
5.98043173071735
3.292510793608898
2.224696934587444
3.0754138333325156
0.3236930622395125
32.70448389130362
619.5761737829727
4.002297430973535
10494.2434423374
1.099999660039884
23.219050085077093
1.182374006128761
45.42683100586623
1.2756269584129352
1.3969648566975206
1.099998652908598
0.8002940960169823
1.1236005499278623
2.4604845426222535
0
0.001185115068574315
8306965064681292e-20
0
0.0005681886107959574
0.02507251001025876
0.03997998401983385
0.06603277880887633
0.03318260142362518
0.0330935943256188
0.052254991288359656
0.03841627811099335
0.055798526016471804
0.0380007360424088
0.03521371670371727
0.054646842237981094
0.04139161859328161
0.032126332617467966
0.0378015869468839
0.032098770865295334
0.03947668829482596
0.04302239234921682
0.06403081317198188
0.04058117340576138
0.03032054264271405
0.001904693776276667
0.0075023601100321505
0.023496214159924235
0.07820480073112986
0.04352129956063677
0.1311308806369634
9120758690651812e-20
0.010217438548410973
0.3117851788371881
4806126899223063e-21
0.08039898814143469
0.011056494979024976
0.0012712319189941712
5486381454524558e-21
12044247961220973e-22
0.1155022841213079
0.0987350485390688
0.004161630709890237
0.04238576842561702
0.02070370387566354
0.005818712097934371
0.012264229019142908
0.0004831169472636894
0.677623300060086
15699130029287193e-25
0.08619129170349774
0.00034203130178694213
0.00972814178643212
0.011044295727718091
0.00015708633910917753
0.00017090421726400858
0.7868779887205017
0.0003936615659992621
0.06045999599120139
0.3482718991495601
13179245717057326e-22
25861726284468765e-22
0.00014474725588156355
12571630857766348e-21
0.0005948382865711217
17003361968782557e-21
14432278889304506e-23
10044050872568109e-22
19077350540815925e-21
0.08355316558484388
0.08452019654204147
43501764266526214e-21
0.00021272838444333424
0.020047782445148668
0.008232151180238801
0.10177387031590682
0.02065131198592424
27829639433143842e-21
0.16330305516574073
0.040351557536061025
55734815847101e-20
0.4382186585297431
44589655514911474e-23
0.003779413913093088
0.0009835565674349883
2299456595310338e-27
0.4568779537706762
0.7687295415088448
0.018466967602628094
0.42103540626904046
0.974786138378735
0.007463284993494688
0.250347208454181
2233218459826869e-25
46306390702080565e-22
0.0006298286684363107
912150517505416e-19
0.1548187580311937
8645608026986473e-22
0.0001118273005653414
0.2014833539816757
0.0009300608215786996
0.012005657608545195
12200896214593015e-21
0.16475280215939125
0.10887013113994774
0.021752047183477417
3147008662633159e-20
0.00015347355352159894
12006681055309416e-23
0.013885371613510259
0.2034366291743923
8333314588678985e-24
11103425768038027e-21
9106420565365757e-21
9651183463692092e-20
10586519273415754e-21
0.5378391181123766
0.20141825701920918
0.005183409121004739
0.0015508626151316501
0.043864601648813194
0.005920218040744359
6760874711283855e-20
0.029316504842605427
8324398959424696e-20
0.0007215097379540432
0.08922063577644547
9970389102344067e-22
0.8640664316823937
0.8757094757079023
0.0018316375786984053
0.0005373858826013364
5829910129371643e-24
0.0010319061822054454
1039042140825625e-23
0.010392807639286879
0.0302828827309944
0.0009047634045268779
0.00033775277577269996
0.00015457447649245068
2618188094292821e-21
0.006163568529361333
0.031691138024451546
0.021980021571638305
11257176076514206e-24
0.9712649805949994
0.0729405040696474
0
0
8178616007419594e-20
6662196275515374e-20
10336392999495463e-22
7596610272016908e-22
0.00019352245454286096
0.009856166211223163
0.005421723639077311
1520423390893534e-23
0.00013151683710392628
7328786274315826e-21
0.06028256054274862
0.013602212557267023
0.11362386173108904
3845637356336592e-22
0.0651619241952099
0.007752426044579845
0.00012015871442817393
0.14471898556606988
0.00029651825957447336
18549559457239284e-29
8515585157639328e-20
37361712455219325e-22
0.00012473215303063608
0.016637985207504324
0.003920071503233485
0.0001635791994477666
0.00015213946176967415
3799874525816263e-24
0.0005147585794344194
0.02352638646258855
13135133743006139e-24
0.0018093368164010483
0.0018042626134869703
4418941963327018e-20
0.12365585013851835
4337437193450338e-20
0.5641667860772055
0.001914546862735216
0.23438956594557794
0.0033142402788584276
0.0007013964018832627
0.0005696304916860173
44753322982991775e-21
0.6953282841543714
12102144371263718e-21
21568114586470288e-21
0.00837554435314468
0.006488619095284352
21715985256702363e-24
8723811204292251e-20
0.00306554531705824
0.15658977015948283
0.03128470016260832
0.00010012332586068613
0.02360705473623969
0.0003542529653399954
0
0.12958724860962054
0.012503933762681078
0.6178425387439731
0.5247637619686608
0.5718422668034236
0.055523824089281075
0.030707448604754394
0.9242647669942823
0.5992431940256053
0.9493648730098956
0.5083951525660794
0.28718251875744855
0.000765823716750892
0.016007417753235893
0.16862405324031224
0.41769601387937416
0.1627677250562913
0.0002993271659121158
0.02783350232441
0.37764047836022313
0.13176779524329837
0.20744374403131122
