0.026473981485039953
35.6728821199382
81.95378516553626
0
82.46501602020307
0.0007121227433940881
84.98972498452905
0
120.95452502489131
0
76.04058323109717
0
26.462172733583966
0
30.801231048525686
0
33.52168450438448
6.67892389487711
25.189141991421337
0.15116742034914063
3184830222711646e-26
2.3082861520448934
1.9825075700573038
0.4395989649236065
0
5.8681767049378415
0.18605355412546068
0.42076420125102765
0.007021088730869788
3.868969023003846
3.6513576162968517
0.602038483606124
0.5177782060011816
1.0295678455938178
1.0049427989228146
0.34807868325734276
20087364204071623e-22
15.803394212586436
27.17068625523651
0.00044885820447426115
5.872379406391468
0
2.152482162230873
0
14.059312850463247
26.078236828418994
4.486984787995436
0
15.02534813141587
0
0.1642583393067699
0.011330186013772925
33.2354400078995
32.94025992046019
18.844819046932653
89.51896240866323
61.676541759671544
0.10381226756813072
0.0034571524120315168
0.009044809019625562
19.79810000790596
45.12289387189252
1.2123765457828508
0.10907183046827092
0.011108246299359442
0.2116940497943795
15.512647611779474
0
15.604917134297606
0
11.999277253405957
0.0019373654283623646
0.001945749708293873
15.787620293131576
0.5113336650746952
1.2377491930798221
2.987575928880991
0
17322515269076526e-21
0.000716989252412582
0.09430777558095868
0.006818813675179238
0.002117290940410576
0.008789459074896677
0.0015674264383838017
0.0012354979894511173
0.6461647224120057
0.6669300684559226
0.09241478863304542
0.21520208023387638
8664032890067645e-20
0.1494283250174346
0.020804957380981075
1.9228999268644076
0.07870666428829022
0.16973126818453324
0.02594507643512256
0.03840911973099839
0.9959497058405289
0.0012274704944418764
0
1.2562263823843367
1.193689736443479
0.009625584941406707
0
2.5784689845462836
2138112506690521e-20
0.005371891877805758
0
0.0026625928096847508
0
0.1338993112052588
1.221825635641327
0
0
0
0
0.1517989512984884
0.5858486027367719
1.0446309134090912
5.3292248239428295
0.3323887176043353
1.2845223910755716
0.1219265841118006
0.017623269122084426
0.046095775449707235
2.7631477473063426
0.003966166395670979
1.6977931357145213
9120692955582823e-22
0.06317237724709115
2.1203802198428883
0.42713416509204677
0.46381733083899007
0.0031162220431606453
0.821175469706345
0.20383491059043493
0.002086815052298126
0.021599630506695937
0.90427582640198
2.205727287959277
0.1448755180414071
0.10362242581631331
0.3093419658851725
0.02539334978886379
0.38309867883772475
0.3855515330745794
0.40781697842933856
0.6298045398939269
0.14024698426102405
2.754453015526812
0.29288294857699043
9.382819206356414
2.006008181828741
2.7925001616937464
0.19551742567153496
0.4011799769619974
2.427535440057527
4.178276694778187
0.9579766010339749
4.644416186362566
5.891082336591743
3.183426929823491
2.225380425924787
3.010793002100424
0.31979443871226676
32.176224880532374
619.5758431524357
4.002297263176624
10487.28522193537
1.0999996475688107
23.21904961593361
1.1823647269840862
45.426554830969536
1.2760906225985753
1.3969685425672782
1.0999986404346083
0.8071960869675926
1.123567594380927
2.350790985511759
0
0.0011691121630140442
8573086225766126e-20
0
0.0005982855468738396
0.024393390982957272
0.03886831376262292
0.064169655714575
0.032291930669373206
0.032391770311612625
0.05080555924655829
0.03729634665775801
0.0542155702638055
0.036938529357119824
0.0342454636233078
0.05314229568055738
0.04023784502327439
0.03124995574855035
0.03678612434238743
0.031227690743814113
0.038369011137081944
0.041848251111743895
0.062370043135510214
0.03950669262624318
0.029479832811278632
0.001904690377521451
0.007502307371707189
0.023495696671582616
0.07819905997906512
0.04351952321739552
0.13111471878081876
9120757911339122e-20
0.010217340724693845
0.31169339174952015
4806126877583955e-21
0.08039292039931421
0.011056380426628687
0.001271230405041696
548638142632639e-20
12044247947631322e-22
0.11548975007787972
0.09872589331065604
0.004161614483526146
0.04238408361570121
0.020703302112195936
0.005818680375542792
0.01226408806985283
0.0004831167286090843
0.6771856429211061
15699130029264103e-25
0.0861843171556291
0.0003420311921935791
0.009728053108706449
0.011044181428001495
0.00015708631599239584
0.00017090418990147902
0.7862861435863888
0.0003936614208218197
0.060456566384551685
0.34815726563945126
13179245700785738e-22
25861726221812586e-22
0.00014474723625378824
12571630709708238e-21
0.000594837955094329
1700336169793894e-20
1443227888735323e-22
10044050863117351e-22
19077350199870276e-21
0.083546611889466
0.08451349010265134
43501762493712764e-21
0.00021272834204956575
0.02004740574145198
0.00823208768149365
0.10176414211946949
0.02065091225377963
27829638707598957e-21
0.16327796966219404
0.04035003064096761
557348158180004e-21
0.4380367488326578
4458965549628558e-22
0.0037794005305426116
0.0009835556611637079
22994565953103327e-28
0.4566801281944583
0.7681649496325845
0.018466647977329012
0.42086755676186244
0.9738733822450657
0.007463232803152338
0.2502881234170291
2233218459826402e-25
4630639050120333e-21
0.0006298282968150683
9121504395613898e-20
0.15479621624978962
8645608019984188e-22
0.00011182728885024884
0.20144513033321143
0.0009300600112118803
0.01200552254085307
1220089607513855e-20
0.16472726834244703
0.1088589970450243
0.0217516036912138
31470085698551515e-21
0.0001534735314559049
12006681053958917e-23
0.013885190931437044
0.20339765888906228
833331458861393e-23
11103425652543093e-21
9106420487679476e-21
9651182591100515e-20
10586519168423965e-21
0.5375643974634521
0.20138005812898616
0.005183383947931379
0.001550860361866171
0.04386279715539147
0.005920185201837464
6760874283075304e-20
0.029315699106876227
832439831025909e-19
0.000721509250267162
0.08921316177740621
9970389093031422e-22
0.8633513344032335
0.8749747526887085
0.0018316344356732533
0.0005373856120640182
5829910129339803e-24
0.0010319051846420897
10390421408155109e-24
0.010392706428271758
0.030282022978973436
0.0009047626376445558
0.0003377526689040422
0.00015457445410904967
2618188087871113e-21
0.00616353293506624
0.03169019641718367
0.021979568731944104
11257176076395489e-24
0.9703588909296467
0.07293551083531602
0
0
8178615380792238e-20
666219585971546e-19
10336392989486553e-22
7596610266610751e-22
0.0001935224194584929
0.009856075183811357
0.005421696097892933
15204233908718783e-24
0.00013151682090027205
7328786223999024e-21
0.06027915105190323
0.013602039170447625
0.1136117326312898
384563735495116e-21
0.06515793993915904
0.007752369731600283
0.00012015870090244505
0.14469929395326164
0.0002965181772071531
18549559457239284e-29
8515584478312536e-20
3736171232445105e-21
0.0001247321384556879
0.016637725770745442
0.00392005710598553
0.00016357917438051262
0.00015213944008593216
3799874525802736e-24
0.0005147583312002194
0.02352586764395128
13135133742844506e-24
0.0018093337494463294
0.0018042595637107882
4418941780396612e-20
0.1236414810671933
43374370172057884e-21
0.5638643061727461
0.0019145434287243016
0.23433779421997844
0.003314229987969471
0.0007013959410078627
0.0005696301877084867
44753321106702104e-21
0.6948672459214109
12102144234057556e-21
2156811415068414e-20
0.008375478622768861
0.006488579647370671
2171598525626058e-23
872381049133697e-19
0.003065536512700454
0.15656670867365313
0.031283782561997486
0.00010012331646949997
0.023606532352550242
0.0003542528477745566
0
0.12957146563345545
0.012503787248949579
0.6174792601955904
0.5245023244784907
0.571531438846432
0.05552093199182972
0.03070656456687799
0.9234452638815409
0.5989016227487962
0.9484996835470824
0.508149873807783
0.28710469456307885
0.0007658231673178352
0.016007177612559414
0.16859730275418067
0.4175308305026068
0.16274280408795935
0.00029932708197687315
0.027832776071669185
0.3775055952420317
0.13175147574433668
0.20740321930811273
