0.02834758986200283
35.403321018100115
78.43311151250057
0
78.94130466901754
0.000668389366552885
81.23960719969637
0
114.86616387331027
0
76.3004115616081
0
27.01072109460239
0
30.721564741095285
0
33.65498627036277
6.863518359728368
24.89368871277208
0.15133720827872235
16705296949378116e-27
2.2897929288081613
1.922764144884566
0.40823744318295585
0
5.821484071011842
0.16682334014727776
0.4183597157721605
0.0070210048925058565
3.866037085255759
3.6307310629968614
0.5606367969188603
0.42520585817178796
1.0284603021656047
0.9359568225159588
0.29700973593994934
1927895278374734e-21
14.432614943486714
24.975825106480464
0.00045912777474107455
4.767142044914528
0
2.0601936289793668
0
13.791785387699562
25.2382124380919
4.48631890979419
0
14.804086222376698
0
0.1647101112957447
0.0116517091645674
33.234153494929814
32.94025832231075
18.865268072170355
89.46308819118534
61.67591853082448
0.10423698763430314
0.0030791856844409314
0.00904468112979746
19.769087505566915
44.43509652505993
1.2121275512713385
0.10863057232370837
0.011779156248992397
0.212858231174704
15.39719944506271
0
15.478573111232809
0
11.914155234230973
0.0019264848323589853
0.0019340037776672204
15.782929039374135
0.5127826316928809
1.2415506659496307
2.9864438376902855
0
17699102191045866e-21
0.0007374921884117982
0.09099971210815187
0.007084393696530438
0.0021041266722227224
0.008625855875271161
0.0015905018833437304
0.0012016697362721032
0.6495779877796876
0.6661357810455322
0.09009190707397358
0.21826239694740412
8770037592056225e-20
0.14603971315740277
0.019780888114928875
1.8959696665435484
0.07823325892594295
0.16980373059719148
0.025363864848634524
0.03676491126619118
0.990066122455816
0.001256920857312478
0
1.2556643894739914
1.1667564194094169
0.009563228060142358
0
2.5672420218517025
21397946377521463e-21
0.005413993708116292
0
0.0028325515458957726
0
0.13387909700147022
1.2207120605978665
0
0
0
0
0.131762689394239
0.5862049833923302
1.0328641758775086
5.287142819922337
0.3345993718957649
1.2603232967405837
0.12256857604825999
0.017661487029559938
0.047930355555986584
2.6281386634374777
0.003972790203293368
1.6999204271005075
9125828982793767e-22
0.0625731410893945
2.111842725065864
0.4167848291120459
0.4512034133384437
0.0031162815242662127
0.8176195933238168
0.20411694975186778
0.0020981177153456764
0.020899385608108237
0.8983128846056126
2.1960516828153542
0.1456895635133419
0.10078329116782028
0.3000712579455763
0.024282504063939083
0.37015671055527316
0.37213996885571626
0.4084722113437637
0.6296049881832092
0.1392577411656784
2.749382229625496
0.2860516616362273
9.097361624905986
2.0058709717152747
2.7894861019465393
0.19571874194281239
0.39022575356107053
2.4272451712695897
4.1708032526139
0.9586006355868864
4.521184161014216
5.743294007299259
2.9937412886660737
2.226592964490994
2.9028767335040278
0.3131177839150446
31.271650455723123
619.5751818918909
4.002296927582825
10473.38261904077
1.0999996226266642
23.21904867764667
1.1823461689132015
45.42600248621321
1.2769677299792603
1.396975156553883
1.09999861548663
0.8200327109758472
1.1235016861882638
2.1948610062044565
0
0.0011413087553644233
9092575956409276e-20
0
0.0006576752096055201
0.0232290174257935
0.03695799986481276
0.06095710533346577
0.030759899203878574
0.031162165649848996
0.04831095396778712
0.03536438046693074
0.05148678632052099
0.03511296876814771
0.03258189097575745
0.05055969721717288
0.03825528262132186
0.029743583160693633
0.03504394228665418
0.029730034627192994
0.03645767662906092
0.0398298581484622
0.05952537351933606
0.037662945156478084
0.028035937460412125
0.0019046835800292136
0.007502201896169444
0.023494661729091128
0.0781875797391328
0.04351597074841702
0.13108240104412108
912075635271394e-19
0.01021714508006933
0.3115098986304046
480612683430574e-20
0.0803807862888431
0.011056151325396611
0.0012712273771421554
5486381369930055e-21
12044247920452023e-22
0.11546468607137285
0.09870758540051333
0.004161582030987765
0.04238071419677759
0.020702498608649717
0.0058186169312784645
0.01226380617613232
0.000483116291300171
0.6763111764705473
15699130029217921e-25
0.08617036975297493
0.00034203097300695827
0.009727875755680147
0.011043952832117029
0.0001570862697588427
0.00017090413517643305
0.785103788440688
0.00039366113046709536
0.06044970775487685
0.34792811180149075
1317924566824256e-21
2586172609650025e-21
0.00014474719699824557
12571630413592025e-21
0.0005948372921412979
1700336115625171e-20
14432278883450683e-23
10044050844215834e-22
19077349517979e-18
0.08353350604083494
0.08450007882024005
43501758948086074e-21
0.0002127282572620542
0.020046652355293588
0.008231960685472736
0.10174468851615542
0.020650112812702213
27829637256509237e-21
0.16322781021490157
0.040346977024110824
5573481575979922e-22
0.4376731559456777
44589655459033785e-23
0.003779373765583818
0.0009835538486236521
22994565953103226e-28
0.45628473397700825
0.767037009565643
0.018466008743326927
0.4205320584649242
0.9720504331975679
0.007463128423562528
0.2501699951738325
22332184598254678e-26
4630639009944885e-21
0.0006298275535732416
9121502836733577e-20
0.1547511425328281
8645608005979614e-22
0.0001118272654200674
0.2013687047892696
0.0009300583904803598
0.012005252410027471
12200895796229625e-21
0.16467621257983692
0.10883673227109628
0.021750716733812847
31470083842991444e-21
0.00015347348732452627
12006681051257922e-23
0.013884829574343904
0.20331974071239545
833331458848382e-23
11103425421553232e-21
9106420332306915e-21
9651180845917595e-20
105865189584404e-19
0.5370153770642462
0.20130368208037802
0.005183333602151415
0.0015508558553450338
0.04385918839124368
0.005920119524570136
6760873426658283e-20
0.029314087701851805
8324397011928028e-20
0.0007215082748943885
0.08919821565756253
9970389074406133e-22
0.8619229147884786
0.8735071554379392
0.0018316281496391293
0.0005373850709897903
5829910129276124e-24
0.0010319031895182718
10390421407952828e-24
0.01039250400919846
0.03028030354815768
0.0009047611038818617
0.0003377524551668281
0.0001545744093422574
2618188075027698e-21
0.006163461747092716
0.03168831328657822
0.021978663080544168
11257176076158058e-24
0.9685492466739081
0.07292552539208438
0
0
817861412753767e-19
6662195028115709e-20
10336392969468733e-22
7596610255798437e-22
0.00019352234928977588
0.00985589313150981
0.0054216410159438864
15204233908285665e-24
0.00013151678849296957
7328786123365427e-21
0.06027233264870853
0.013601692403439265
0.11358747831581807
3845637352180296e-22
0.06514997215788162
0.007752257106868312
0.00012015867385099181
0.14465991876547155
0.00029651801247258125
18549559457239284e-29
8515583119659114e-20
37361712062914503e-22
0.00012473210930579663
0.016637206909363846
0.00392002831164825
0.00016357912424601613
0.00015213939671845743
3799874525775682e-24
0.0005147578347321783
0.023524830041000425
13135133742521244e-24
0.0018093276155524882
0.0018042534641738897
4418941414535821e-20
0.12361274793349862
4337436664716712e-20
0.5632598328037058
0.001914536560720951
0.23423428507210972
0.003314209406287419
0.0007013950192579713
0.000569629579753912
44753317354123005e-21
0.6939460863286211
12102143959645237e-21
21568113279111867e-21
0.008375347163564752
0.006488500752262785
2171598525537701e-23
8723809065426584e-20
0.0030655189040607405
0.15652059589051406
0.031281947441516494
0.00010012329768713033
0.023605487619849458
0.0003542526126437961
0
0.12953990544771637
0.012503494226636847
0.6167533437739001
0.523979840178008
0.570910289697265
0.055515148248845576
0.030704796567476253
0.9218084368590997
0.5982190641756254
0.9467716693352782
0.5076596712433991
0.2869491094378503
0.0007658220684529039
0.016006697342014056
0.16854381451231967
0.417200659695049
0.16269297359747678
0.00029932691410645854
0.027831323623036874
0.3772359735184107
0.13171884280969415
0.2073221936100277
