0.030689600333206425
35.13028551919982
74.25685976866232
0
74.76126486797688
0.0006188251634166974
76.80481739181855
0
105.92742361904918
0
76.63137749753274
0
27.478088929126937
0
30.63574845994187
0
33.817960602807524
7.105976726273266
24.539846073857163
0.15165919547658546
7652427432023756e-27
2.270305999950425
1.86479511249446
0.37271714812230766
0
5.7623452192322
0.14592979715602605
0.41565463254450846
0.007020867421725488
3.862073644092409
3.6075227741253304
0.5246672607081988
0.3451171552034987
1.0269125673410668
0.8760592615549211
0.2533514044185472
18310751476898195e-22
12.921213862898286
22.409633482917275
0.000470312977596063
3.654715858286888
0
1.953529604211024
0
13.448621835939365
24.157976591964815
4.485477200653572
0
14.533590137394654
0
0.16531459586517858
0.011994241381988053
33.23254540779966
32.94025630597871
18.88882435748103
89.43080907740946
61.67514917075837
0.10475007066504849
0.00275042962072723
0.00904452545009894
19.734788889589986
43.53187095317572
1.2111316882180336
0.10826107298963789
0.012607297341691057
0.2138478824678955
15.281465121511959
0
15.344703266692777
0
11.83579132958929
0.0019164161955781119
0.0019227403189552839
15.777049905420332
0.5147003236134524
1.2458998544730557
2.985027385665831
0
18222627654744977e-21
0.0007593708215981295
0.08770601877062725
0.0074156898172380425
0.0020915498621779044
0.008401452617351271
0.001611287074157773
0.001161979520224309
0.656268741264045
0.6651522475822912
0.08784449808836478
0.2215683557235944
8898097160946811e-20
0.14235763098619006
0.01866246502699119
1.8625872384698219
0.07787926752509149
0.16999845936340616
0.024807044433321646
0.03508049919877293
0.9828487510002569
0.0012895250829343238
0
1.2549669916146993
1.1323312382598585
0.009503090172437735
0
2.5533255337757446
21424293882107137e-21
0.005465155943879418
0
0.0029888083114627127
0
0.13385441386133262
1.219337738292022
0
0
0
0
0.1152916931543483
0.5865203543627218
1.0182888778378536
5.233991320350107
0.3373027578830622
1.2353390594221703
0.12330435419933561
0.017714253922599527
0.05014526177052569
2.4742830327842253
0.003979817359852684
1.702178320165679
9132212629776409e-22
0.06183913459320751
2.099625724366577
0.40653441063323775
0.4369298861826433
0.0031163148706503485
0.8131853034205069
0.20446646347844896
0.0021259541963916514
0.020191619217877214
0.8909775084717619
2.184195427021839
0.1467027420072377
0.09795059002815626
0.29105397534911
0.023124380965115134
0.3576212958647313
0.3590962925688397
0.4092848942995119
0.6293564247858348
0.13797895362135162
2.743548528238043
0.27930559153002676
8.821452129217464
2.005492550830151
2.7853308203497265
0.1958953171997179
0.3795707820239957
2.4264571749167345
4.1605184282933765
0.9591571273031434
4.404878120875078
5.610578965848581
2.802571769744586
2.227870326487562
2.802407573086226
0.30674180084293357
30.398885093721034
619.5743553172026
4.002296508090616
10456.030279974202
1.0999995914489817
23.219047504788048
1.182322971734211
45.42531206471215
1.2779786664406756
1.3969822429920224
1.0999985843016582
0.8344809082919379
1.1234193063872473
2.0726921676003123
0
0.0011139348816792763
9721521043191412e-20
0
0.0007306318053908709
0.022084420487940338
0.03507128139885501
0.05776447456814104
0.029245812790928173
0.029915062096053595
0.045840805693614074
0.0334413443474224
0.04877543345995169
0.03330920992663114
0.03093989828293302
0.04801455205101623
0.036297182459981446
0.02825599811155106
0.03332962902876183
0.028250632814962453
0.034555972105135786
0.03783623737689326
0.056738423054542936
0.03584918863693952
0.026611317035924897
0.0019046750831980311
0.007502070053832575
0.02349336811508371
0.07817323180926801
0.043511530569983387
0.13104201507495172
912075440443284e-19
0.010216900529556854
0.31128068412990983
4806126780207972e-21
0.08036562122621625
0.011055864955532319
0.0012712235922778712
5486381299434636e-21
12044247886477898e-22
0.11543336371237253
0.09868470528705348
0.004161541465670664
0.04237650279979813
0.020701494273069714
0.005818537626920852
0.012263453818093338
0.00048311574466458607
0.675219681202054
15699130029160194e-25
0.08615293867371704
0.00034203069902387974
0.009727654068944144
0.011043667093915173
0.00015708621196692044
0.00017090406677015024
0.7836283444127519
0.00039366076752399114
0.06044113556196554
0.3476418815927347
1317924562756359e-21
25861725939859827e-22
0.00014474714792883222
12571630043446767e-21
0.000594836463451048
17003360479142704e-21
14432278878572498e-23
10044050820588939e-22
19077348665614935e-21
0.08351712662111416
0.08448331770998235
4350175451605312e-20
0.00021272815127771223
0.02004571066240982
0.008231801943201661
0.10172037674152228
0.020649113554876027
278296354426472e-19
0.16316513257430895
0.04034316032801115
5573481568704774e-22
0.4372190892147938
4458965541246905e-22
0.0037793403096518722
0.0009835515829532797
229945659531031e-26
0.4557909725759573
0.7656294132537856
0.018465209731940976
0.42011306166390816
0.9697765446792004
0.007462997951128159
0.25002241326922975
22332184598243e-23
4630638959725576e-21
0.0006298266245221918
912150088813355e-19
0.1546948188426611
8645607988473897e-22
0.0001118272361323475
0.20127321363200815
0.000930056364569931
0.012004914755042775
12200895447593482e-21
0.16461241512889732
0.10880890770733327
0.02174960808792153
3147008152354151e-20
0.00015347343216032085
12006681047881675e-23
0.013884377891202093
0.2032223849655546
8333314588321181e-24
11103425132815909e-21
910642013809122e-20
9651178664439387e-20
10586518695960942e-21
0.5363298900113743
0.20120825275264798
0.005183270670614122
0.0015508502222120277
0.04385467785358177
0.005920037429010582
676087235613716e-19
0.029312073570128733
8324395389014485e-20
0.0007215070556802761
0.08917953652890738
9970389051124522e-22
0.860140713242021
0.8716761200216457
0.0018316202921268116
0.0005373843946477714
5829910129196525e-24
0.0010319006956189239
10390421407699979e-24
0.010392250990900997
0.030278154396929914
0.0009047591866821506
0.0003377521879955007
0.00015457435338378525
26181880589734283e-22
0.006163372763282047
0.03168595953068212
0.021977531068770643
1125717607586127e-23
0.9662919364943465
0.07291304551048682
0
0
8178612560969729e-20
6662193988616167e-20
10336392944446459e-22
7596610242283044e-22
0.00019352226157891538
0.009855665570861667
0.005421572164294525
15204233907744272e-24
0.0001315167479838527
732878599757343e-20
0.06026381072928287
0.01360125895711059
0.11355716770279087
3845637348716716e-22
0.06514001380142685
0.007752116328254234
0.00012015864003668385
0.14461071484789914
0.00029651780655449517
18549559457239284e-29
8515581421342638e-20
3736171173599382e-21
0.0001247320728684421
0.016636558355391497
0.0039199923190240795
0.00016357906157791715
0.0001521393425091314
3799874525741865e-24
0.0005147572141478003
0.02352353310166618
13135133742117166e-24
0.0018093199482144288
0.0018042458397817638
4418940957209874e-20
0.12357684090617098
43374362241054056e-21
0.5625051522709164
0.001914527975751409
0.23410496292997557
0.003314183679364593
0.0007013938670723105
0.0005696288198116062
4475331266339958e-20
0.6927963538857329
12102143616629846e-21
21568112189646578e-21
0.008375182842461196
0.006488402134726931
2171598525427255e-23
8723807283038928e-20
0.003065496893403334
0.15646297400990838
0.03127965369229589
0.00010012327420917325
0.023604181768992306
0.0003542523187305649
0
0.12950046602548668
0.012503127958402473
0.6158471482180462
0.5233274666582552
0.5701348024982407
0.05550791941738179
0.03070258671137477
0.9197664824480059
0.597366959778608
0.944616078004623
0.5070475829847957
0.286754746591474
0.0007658206948739573
0.01600609702409605
0.1684769780725558
0.4167883133179956
0.1626307069399399
0.00029932670426857265
0.02782950816883384
0.3768992171479167
0.1316780630074615
0.2072209559995605
