0.031158002427447144
35.084071025022645
73.45271749700028
0
73.95640751623579
0.0006095498393755626
75.95215906544007
0
103.99120191158835
0
76.69823765693364
0
27.549844041429647
0
30.619998736746776
0
33.85018121277723
7.155800825189941
24.471568566945223
0.1517371077316865
656958020406391e-26
2.266841964615687
1.8552168524683987
0.36608971376729493
0
5.75041730952422
0.14214716281520187
0.4151525281099485
0.007020836489919229
3.861249517393434
3.603214606953022
0.5190429279598869
0.3326246300458866
1.0265859024139994
0.8666968380001434
0.24665657276012354
1812328056999472e-21
12.644876595214582
21.921813376766114
0.00047233730233977255
3.4635495153653246
0
1.933400032618987
0
13.379043792533274
23.941751126270386
4.485307821806665
0
14.480303774937864
0
0.16544001652306276
0.01205461665076138
33.232223797903785
32.940255900599595
18.89328220887498
89.42706858002225
61.674996376610856
0.10485051043824448
0.002697615135273496
0.009044494786890176
19.728180094066943
43.34768146545145
1.2108577431174283
0.10821330755216636
0.012771559241191546
0.2140062528772164
15.262301182773346
0
15.321708993233644
0
11.823806380149366
0.0019148972269647654
0.0019209823959210662
15.775872387343377
0.5150958310447095
1.2467185519796187
2.984743948007511
0
18335624740618694e-21
0.0007632326325751275
0.08714779744654033
0.007481968308473014
0.002089576528610196
0.008354419006105123
0.0016144473217825695
0.0011544092256617889
0.6579348257183733
0.6649566930360447
0.08747526403683668
0.22216652932111386
8923541844159688e-20
0.14169311319601519
0.01845858976826913
1.8559531205527755
0.07784109728622425
0.17004852256189112
0.024716784174901526
0.03478747302439275
0.9814199608988807
0.001295519582828638
0
1.2548276911468836
1.125422786818876
0.009493547316035493
0
2.550556740737528
21430161297081424e-21
0.00547517952652264
0
0.003013790014303041
0
0.13384954416067418
1.2190648133824957
0
0
0
0
0.11288112757338747
0.5865684226655739
1.0153918371927648
5.2232882473585835
0.33783557766246153
1.2310064672245176
0.12344369775237814
0.017725379609445136
0.05057775382598716
2.4454418570933045
0.0039810695405799144
1.7025803293858743
9133484351602462e-22
0.06169422937420888
2.0970056522172342
0.4048162165432452
0.43426140432989824
0.003116315414251499
0.8123002153529958
0.20453596304410768
0.0021333042541171257
0.02007038982047457
0.8895255383525044
2.1818553429186442
0.14690479044252727
0.09747159270501544
0.2895608053804618
0.022919988884052164
0.35554811438271655
0.3569315428023944
0.40944664286231236
0.6293068284689401
0.13771835438960478
2.7424342056587236
0.27817784429329084
8.776010850373957
2.0053949063761354
2.7844605251044503
0.19592196182438243
0.37780957475277027
2.4262544781983255
4.158366972426072
0.95924263882736
4.386143712028907
5.590270211455767
2.769643199160251
2.2280997089114836
2.786298448226324
0.30571089807030283
30.255354037111736
619.5741900023972
4.0022964241921795
10452.563263616603
1.0999995852134457
23.219047270216333
1.1823183323530275
45.42517398167118
1.2781704162540977
1.3969835265987884
1.0999985780646642
0.8371803642455015
1.1234028311523425
2.0546944029176792
0
0.0011093737722975493
9844985847776182e-20
0
0.0007450815563075303
0.021891249085876002
0.0347514820933812
0.05722048509532527
0.02898920375890399
0.029700012054784987
0.04542126611621322
0.03311310353662215
0.04831344795461228
0.033003334875518306
0.030661779017973297
0.047583989536440024
0.03596525917308176
0.028003966731291758
0.033040089655490795
0.027999954597577245
0.034231650827677824
0.03749841081410224
0.056269874981902446
0.03554303385180892
0.02637005086610719
0.001904673383836343
0.007502043685643239
0.023493109400829507
0.07817036253926314
0.043510642588664904
0.13103393937437144
912075401477667e-19
0.01021685162015677
0.3112348614729942
48061267693884184e-22
0.08036258855704265
0.01105580768244955
0.0012712228353063666
5486381285335552e-21
12044247879683074e-22
0.11542710026027243
0.09868012990082561
0.004161533352654693
0.04237566057062225
0.020701293411800558
0.005818521766179035
0.012263383347700404
0.00048311563533754337
0.6750015936264555
15699130029148649e-25
0.08614945288101636
0.00034203064422729033
0.009727609732203185
0.01104360994716195
0.00015708620040853853
0.00017090405308889696
0.7833335885099474
0.0003936606949354105
0.06043942126926045
0.347584663813964
13179245619427794e-22
2586172590853174e-21
0.00014474713811495155
12571629969417715e-21
0.0005948362977131365
17003360343720906e-21
14432278877596862e-23
1004405081586356e-21
19077348495142128e-21
0.08351385112259534
0.08447996588691223
4350175362964658e-20
0.00021272813008085017
0.020045522329141464
0.008231770195114783
0.1017155150837525
0.02064891370911335
27829635079874805e-21
0.16315259993458717
0.04034239703211799
5573481567249745e-22
0.4371283324131849
445896554031561e-21
0.0037793336185010223
0.0009835511298198316
22994565953103072e-28
0.4556922844322015
0.765348204114301
0.018465049933812556
0.4200293124130789
0.9693224056828588
0.007462971856915001
0.24999290733745003
22332184598240665e-26
4630638949681714e-21
0.0006298264387121463
9121500498413596e-20
0.1546835565648352
8645607984972754e-22
0.00011182723027480445
0.20125412083519245
0.0009300559593883748
0.012004847225185456
12200895377866253e-21
0.16459965860491943
0.10880334364825472
0.021749386365524356
3147008105965154e-20
0.00015347342112748214
12006681047206426e-23
0.013884287556336975
0.20320291941093208
8333314588288653e-24
11103425075068447e-21
9106420099248081e-21
9651178228143806e-20
10586518643465052e-21
0.5361928976374659
0.20118917231645606
0.005183258084398351
0.0015508490955878818
0.04385377580171528
0.005920021010035284
6760872142032956e-20
0.02931167076039102
8324395064431815e-20
0.0007215068118377008
0.0891758011725974
99703890464682e-20
0.8597847153846384
0.8713103737794748
0.001831618720628393
0.0005373842593794697
5829910129180605e-24
0.0010319001968397776
10390421407649408e-24
0.010392200387980714
0.030277724584989084
0.0009047588032426959
0.00033775213456126055
0.00015457434219209322
2618188055762574e-21
0.006163354966674075
0.031685488800483295
0.02197730467341255
11257176075801911e-24
0.9658411061602572
0.07291054979046366
0
0
8178612247656178e-20
6662193780716278e-20
10336392939442004e-22
7596610239579966e-22
0.00019352224403674804
0.009855620059362533
0.005421558394069578
1520423390763599e-23
0.00013151673988203084
7328785972415031e-21
0.06026210648999313
0.013601172269502389
0.11355110655085439
38456373480239997e-23
0.06513802231280287
0.0077520881728382
0.00012015863327382339
0.14460087607288444
0.0002965177653708951
18549559457239284e-29
8515581081679384e-20
37361711670609686e-22
0.0001247320655809725
0.016636428647630902
0.003919985120538902
0.00016357904904430024
0.00015213933166726852
37998745257351016e-25
0.0005147570900310145
0.023523273722379594
1313513374203635e-23
0.001809318414750716
0.001804244314907205
44189408657446905e-21
0.1235696607524351
433743613598315e-19
0.5623543375462762
0.0019145262587621202
0.23407910707075338
0.0033141785340039926
0.0007013936366354053
0.0005696286678232666
4475331172525496e-20
0.6925666360839389
12102143548026771e-21
21568111971753525e-21
0.008375149978627356
0.0064883824113996244
21715985254051657e-24
8723806926561441e-20
0.0030654924912908174
0.15645145217960466
0.031279194962634864
0.00010012326951358249
0.02360392060748973
0.0003542522599479479
0
0.12949257958207405
0.012503054706043114
0.6156660689462718
0.5231970894540685
0.5699798315087814
0.05550647376404809
0.030702144759240317
0.919358634677755
0.5971966846032623
0.9441855490334392
0.506925253921375
0.28671588982308066
0.0007658204201584634
0.016005976963214208
0.16846361396543677
0.41670589296130955
0.16261825646844474
0.0002993266623010131
0.027829145092204265
0.37683190195686456
0.1316699085621782
0.20720071441048668
