0.03232900766304894
34.98036648100444
71.48889217011437
0
71.9908805857221
0.000587244927527991
73.87133845458726
0
99.00589762265373
0
76.86614084279397
0
27.703961479934534
0
30.58228121118098
0
33.930297419283995
7.282039041033945
24.304834424439896
0.1519499797701017
4510639345152305e-27
2.258756788841029
1.8339493073468105
0.3501940847111878
0
5.72045519786258
0.13323532754495007
0.4139517579380675
0.0070207549803885695
3.859151181137737
3.5929112845841695
0.506755898442507
0.3053671148135585
1.0257486023354887
0.8462463694251624
0.2322542693699203
17664173046510522e-22
11.990255984980799
20.74094832753085
0.00047710013716601227
3.0260219253912615
0
1.884848462261776
0
13.204019115359403
23.40397404649329
4.484883075007998
0
14.348274229808597
0
0.16575922399240683
0.012193734840870994
33.23141978451253
32.94025488449996
18.90407366460316
89.41961598742398
61.6746157494358
0.10509859041939498
0.0025797374392247468
0.009044418722608825
19.7120104941433
42.88475269109443
1.2100810644590676
0.10813247931273853
0.013180249842758894
0.2143680723094448
15.220172206763259
0
15.269977709240237
0
11.799047083083803
0.001911820593605106
0.0019173180681296106
15.772926496379343
0.5160993708196757
1.2486945046147884
2.9840351727594707
0
1863114733678381e-20
0.0007721397463483437
0.08588477687505955
0.0076477868844411255
0.0020854315444958547
0.008234272590048105
0.001620995084981912
0.001136038398626191
0.662571639076964
0.6644693866234213
0.08665981745050591
0.22357733619623413
8987266873547297e-20
0.14013170367208033
0.017975422692081692
1.8394343434598406
0.07779270521922675
0.17018703563226106
0.024519754711270353
0.03411222323088629
0.9778648948452648
0.0013097824618542827
0
1.2544791773110984
1.1082072178942237
0.009473300681564892
0
2.5436546926088863
21445569595170725e-21
0.005499924006033947
0
0.0030683567001623174
0
0.1338374552786843
1.2183848895905105
0
0
0
0
0.10788894856970967
0.5866692250102921
1.0081756607908747
5.196425023257263
0.3391563303269655
1.2210852015134843
0.12378185987377152
0.017753917115652693
0.051643660213219846
2.3760625038323693
0.003983992416805139
1.7035177098121426
9136656180021201e-22
0.061334590219690344
2.0902291422069963
0.40096898631075856
0.4278426304072673
0.003116307197394511
0.810090492256526
0.204709126028813
0.0021541945493427934
0.019794410270888373
0.8859169583398127
2.176049103568049
0.1474090514974292
0.09639145279354051
0.2862402747395965
0.022444536934180796
0.3509365729054464
0.3521051537445373
0.409849931701041
0.6291830068379501
0.13706064648028804
2.739707275199441
0.275657644078818
8.675333546495136
2.0051250403644887
2.7822415635610485
0.19597737201744983
0.3739010884988029
2.425694887786378
4.15288554998757
0.9594231312523096
4.345296432811326
5.547746916775054
2.6941484126849775
2.228640654522811
2.751162352999197
0.3034648026590472
29.937564563984893
619.5737767155769
4.002296214446097
10443.90075136788
1.099999569624605
23.219046683787045
1.1823067339797142
45.424828775905105
1.2786356382796489
1.3969865647902076
1.0999985624721786
0.8436762489301126
1.1233616441227852
2.0166204549139435
0
0.0010992068970700347
0.00010150715143221002
0
0.0007810359014996989
0.021454152678189342
0.03402566413021979
0.05598156282493903
0.02840700632008616
0.029207410250299572
0.04446785583285603
0.03236454916108569
0.04726121300950142
0.03230888314652217
0.030030907120358143
0.04660809311721646
0.035211866823212847
0.027432212777264427
0.03238463105705704
0.027431246729341153
0.033492600459319094
0.03673192786903474
0.05521283711779729
0.03485034174717197
0.025822785829043602
0.0019046691354387567
0.007501977765575368
0.02349246262765839
0.07816318982498983
0.0435084227146511
0.1310137523002019
9120753040636317e-20
0.010216729347680899
0.3111203343397024
4806126742339534e-21
0.08035500738477637
0.011055664501040667
0.0012712209428795774
5486381250087843e-21
1204424786269601e-21
0.1154114431168561
0.09866869236331083
0.004161513070183964
0.04237355507091597
0.020700791267154094
0.005818482114513643
0.01226320717348972
0.0004831153620200447
0.6744566828108549
15699130029119784e-25
0.086140739016289
0.0003420305072358553
0.009727498891234877
0.011043467081572634
0.00015708617151258746
0.00017090401888576856
0.7825971837189012
0.0003936605134640173
0.060435135750218166
0.3474416605646657
1317924559908831e-21
2586172583021153e-21
0.00014474711358025276
1257162978434509e-20
0.00059483588336856
17003360005166414e-21
1443227887515777e-22
10044050804050114e-22
19077348068960116e-21
0.08350566293831448
0.08447158691101943
43501751413630315e-21
0.00021272807708870426
0.02004505150371178
0.008231690825433286
0.10170336195587745
0.02064841410316849
2782963417294384e-20
0.16312127254661132
0.040340488855566584
557348156361217e-21
0.4369015228215
4458965537987373e-22
0.0037793168906757255
0.0009835499969871242
22994565953103008e-28
0.45544565754777044
0.7646456330576049
0.01846465044454164
0.4198200123209069
0.9681879884047352
0.007462906621781271
0.24991915774123613
22332184598234825e-26
4630638924572059e-21
0.0006298259741872723
912149952411378e-19
0.15465540445733306
8645607976219896e-22
0.00011182721563094815
0.201206396766535
0.0009300549464352565
0.012004678402204073
12200895203548182e-21
0.16456777161974803
0.10878943474531937
0.021748832069420212
3147007989992664e-20
0.00015347339354538885
12006681045518302e-23
0.013884061721745526
0.20315426368116568
8333314588207335e-24
1110342493069979e-20
9106420002140235e-21
9651177137404936e-20
10586518512225328e-21
0.5358505697703302
0.20114147914165703
0.005183226618992632
0.0015508462790310977
0.043851520753223766
0.005919979962796265
6760871606772475e-20
0.02931066376026418
8324394252975193e-20
0.0007215062022316232
0.08916646346631357
9970389034827392e-22
0.8588953652271148
0.8703966794352349
0.0018316147918882454
0.0005373839212088646
58299101291408056e-25
0.0010318989498929666
10390421407522982e-24
0.010392073881758007
0.03027665008183033
0.00090475784464477
0.00033775200097569725
0.00015457431421286679
26181880477354395e-22
0.006163310475378967
0.03168431200558134
0.02197673869522042
11257176075653516e-24
0.9647149503394744
0.07290431086413504
0
0
8178611464372349e-20
6662193260966583e-20
10336392926930868e-22
7596610232822269e-22
0.00019352220018133666
0.009855506281534162
0.005421523968660227
15204233907365294e-24
0.00013151671962747833
7328785909519033e-21
0.06025784610262019
0.013600955552899082
0.11353595508635796
38456373462922096e-23
0.06513304385760921
0.0077520177847454986
0.00012015861636667392
0.1445762820638453
0.00029651766241191996
18549559457239284e-29
8515580232521308e-20
37361711507149344e-22
0.00012473204736230032
0.016636104382653717
0.003919967124383792
0.00016357901771026214
0.00015213930456261469
3799874525718192e-24
0.0005147567797391809
0.023522625286675612
1313513374183431e-23
0.0018093145810971199
0.0018042405027264461
441894063708174e-19
0.12355171219323391
4337435915677518e-20
0.5619774776155279
0.0019145219662956348
0.23401447991554436
0.003314165670637442
0.0007013930605434739
0.0005696282878525953
4475330937989348e-20
0.691992674767769
1210214337651908e-20
21568111427020904e-21
0.00837506781960694
0.006488333103343659
21715985253499427e-24
8723806035367787e-20
0.0030654814860371824
0.15642265131572108
0.031278048167914775
0.00010012325777460654
0.023603267716374984
0.0003542521129914481
0
0.12947286557468682
0.0125028715770223
0.615213603671803
0.5228712885304089
0.5695925882998958
0.0555028597954336
0.030701039906736567
0.9183398062956327
0.5967712089784094
0.943110084884529
0.5066195603657989
0.2866187709362039
0.0007658197333701603
0.01600567681494958
0.1684302083353127
0.4164999133694355
0.16258713445965325
0.00029932655738214005
0.02782823742135397
0.3766636665737187
0.13164952465819538
0.20715011908772785
