0.03279740975728966
34.94349689160858
70.72217400810759
0
71.2235178919415
0.0005786670776937931
73.05948508427649
0
96.97501585130695
0
76.93355461785697
0
27.75655590648846
0
30.567785461964014
0
33.96218922660125
7.333152456668476
24.23977609481261
0.1520419857058749
3889395272309272e-27
2.255741319482147
1.8264590701433603
0.3440997530594826
0
5.70841420717638
0.12988107132938628
0.41349266772751875
0.007020720842794529
3.858297971671632
3.5889718513845965
0.5024616440644577
0.29585332471931847
1.025406159464165
0.8390997910852124
0.22731612735436202
174844659623621e-20
11.742509180937592
20.28432498367616
0.0004788892520641098
2.86611761593349
0
1.8661356704191938
0
13.133642654252396
23.190440960853337
4.484712694904821
0
14.295936916547056
0
0.16588897322620008
0.012244706578845794
33.23109818376928
32.94025447708579
18.908252310177208
89.4170843869065
61.674464003199546
0.10519663432812802
0.002537538750384409
0.009044388515421728
19.705680821424618
42.69915742729514
1.2097368675833182
0.10811548327414895
0.0133429444683899
0.21450350635852206
15.205601337320163
0
15.25159307669491
0
11.791171553838941
0.0019108748534025783
0.0019161424892746618
15.77174737703193
0.5165061371970725
1.24945741405984
2.9837515966522847
0
18754685138732908e-21
0.0007754068763088302
0.0854296912956403
0.007714176496679009
0.0020840849153623
0.00818530438870233
0.0016230948646272835
0.0011289147116261115
0.664611881283211
0.6642750766756865
0.08637467175548907
0.22410927062919672
9012857031585128e-20
0.13954572566706056
0.017792249682021793
1.8328542543673627
0.07779181824517943
0.170247247263254
0.02445190540064815
0.03386369834801907
0.9764486765746476
0.0013152076584739267
0
1.254339570400483
1.1013610994512515
0.009466627462858965
0
2.540901614946072
21452001653761435e-21
0.005509694522103383
0
0.0030872607179725873
0
0.13383265150666235
1.218113792611138
0
0
0
0
0.1062610579928752
0.5867022752431862
1.0052997710473344
5.185637650302654
0.3396801464120621
1.2174669302292436
0.12391327762482648
0.017765598497276772
0.052063892560273224
2.349378418347567
0.003985081727523171
1.7038665506427264
9137921887241129e-22
0.061191753661314754
2.08743391744562
0.3996014922509016
0.4253716737963297
0.003116299969462153
0.8092078841137972
0.20477815730699467
0.0021635347898522786
0.019694317412848907
0.8844819399562255
2.1737437772822594
0.14761041123316226
0.09600411823390975
0.28506864352011785
0.022267711086777286
0.3493080119403731
0.3503961477803497
0.4100108271530447
0.6291335457439318
0.1367952414246837
2.7386364585157477
0.27476397955081194
8.639967423434644
2.0050080105484778
2.781339430738347
0.19599532961264304
0.37252599505624295
2.4254524225002125
4.150658705736311
0.9594828323793549
4.331226010503251
5.5338634479344
2.6665045672917143
2.2288455233287907
2.73903061548316
0.30269325295838984
29.82598354993099
619.5736114009259
4.002296130547666
10440.437756926147
1.0999995633890687
23.219046449215337
1.182302094662247
45.424690694333215
1.2788162757299546
1.3969877161492321
1.0999985562351844
0.8461781970444904
1.1233451697340378
2.0037878628962194
0
0.0010956130695212068
0.00010271924191156869
0
0.0007953571784039322
0.021296422849464855
0.03376282229285163
0.05553114763426413
0.028196284999345088
0.02902733765326022
0.0441221028074861
0.032091980396714
0.04687862470865621
0.032057297724955844
0.029802600292506642
0.04625523672685075
0.034939012076577035
0.027225283017892482
0.03214797990559729
0.0272254142536963
0.033223747625050044
0.03645448160785631
0.0548327801630932
0.034600423963560646
0.025624733037812823
0.0019046674360823754
0.007501951397710405
0.023492203923375615
0.07816032092356591
0.043507534796757584
0.1310056783413661
9120752650980203e-20
0.010216680439100281
0.31107453528737833
480612673151998e-20
0.08035197511612563
0.011055607228996322
0.0012712201859096503
548638123598876e-20
12044247855901186e-22
0.11540518085417471
0.09866411771950105
0.004161504957223351
0.04237271290032594
0.020700590412706027
0.005818466253923147
0.0122631367045141
0.0004831152526930885
0.6742388416742657
1569913002910824e-24
0.08613725371719283
0.0003420304524392967
0.009727454555201187
0.011043409935854398
0.00015708615995420856
0.00017090400520451912
0.7823028156794294
0.00039366044087548347
0.06043342162768581
0.3473844757399293
13179245590952513e-22
25861725798883445e-22
0.00014474710376637443
12571629710316042e-21
0.0005948357176308102
1700335986974462e-20
14432278874182133e-23
10044050799324733e-22
19077347898487312e-21
0.08350238788939537
0.08446823555336147
4350175052722385e-20
0.00021272805589184958
0.020044863176636344
0.008231659077774962
0.10169850111131803
0.020648214264175232
27829633810171465e-21
0.16310874327575836
0.040339725610217904
5573481562157141e-22
0.4368108319394973
4458965537056078e-22
0.0037793101995663375
0.0009835495438544066
22994565953102983e-28
0.4553470441718385
0.764364785252178
0.018464490651253298
0.41973632148926326
0.9677345933172415
0.007462880527887444
0.24988966399496615
22332184598232489e-26
46306389145281976e-22
0.0006298257883774186
9121499134393882e-20
0.15464414504900054
8645607972718752e-22
0.00011182720977340616
0.20118731030797374
0.0009300545412543181
0.01200461087367628
12200895133820957e-21
0.16455501855538768
0.10878387168201142
0.021748610354934014
314700794360367e-19
0.00015347338251255294
12006681044843053e-23
0.013883971388937474
0.20313480465150635
8333314588174807e-24
11103424872952327e-21
9106419963297098e-21
9651176701109423e-20
1058651845972944e-20
0.5357136998270731
0.20112240503755938
0.005183214032883829
0.0015508451524098165
0.043850618766296035
0.005919963543980348
6760871392668293e-20
0.029310260969900224
8324393928392568e-20
0.0007215059583893363
0.0891627286575793
997038903017107e-21
0.8585398827984501
0.8700314700330392
0.0018316132203945459
0.0005373837859406822
58299101291248865e-25
0.0010318984511146641
10390421407472413e-24
0.010392023279700121
0.030276220291243928
0.000904757461205884
0.00033775194754148675
0.00015457430302117764
26181880445245857e-22
0.006163292678950851
0.03168384129985833
0.021976512308024738
11257176075594158e-24
0.964264855759424
0.07290181544308762
0
0
817861115105884e-19
6662193053066715e-20
10336392921926413e-22
7596610230119191e-22
0.0001935221826391749
0.009855460770770595
0.005421510198557692
15204233907257016e-24
0.0001315167115256582
7328785884360634e-21
0.060256142032007985
0.01360086886722463
0.11352989506665198
3845637345599494e-22
0.06513105258207337
0.007751989629687372
0.0001201586096038148
0.14456644563150914
0.00029651762122833987
18549559457239284e-29
8515579892858101e-20
37361711441765207e-22
0.0001247320400748322
0.016635974678432544
0.003919959925944881
0.0001635790051766486
0.0001521392937207545
3799874525711429e-24
0.0005147566556224998
0.023522365917398928
13135133741753494e-24
0.0018093130476379558
0.0018042389778563977
4418940545616564e-20
0.12354453349954522
4337435827555268e-20
0.561826804367117
0.0019145202493117354
0.23398863404977147
0.0033141605253048005
0.000701392830106834
0.0005696281358643977
44753308441748925e-21
0.6917632234503457
12102143307916005e-21
21568111209127862e-21
0.008375034956224445
0.006488313380226193
21715985253278537e-24
872380567889035e-19
0.0030654770839467905
0.15641113245475396
0.03127758946179946
0.00010012325307901655
0.023603006564985676
0.00035425205420886526
0
0.12946498081211288
0.012502798326165007
0.6150327106829162
0.5227410249744304
0.569437764692197
0.055501414273873145
0.03070059797686778
0.9179325911497477
0.5966011036175644
0.9426802423019041
0.5064973345660716
0.28657993259322323
0.0007658194586550116
0.016005556757219704
0.16841684793811174
0.41641755004416287
0.16257468732392372
0.0002993265154146011
0.027827874361303153
0.3765963934526183
0.1316413719802103
0.20712988441808766
