12136344638419208e-22
37.04605075073183
143.08611856305097
0
4506.251871688189
0.002648914833439803
167.2177426480108
0
83.26917194424828
0
460.16723234176345
0
15.51352102436494
0
34.20842205719155
0
27.350765116985954
15.137725910130506
107.9305343078861
1015.3718668865675
24524047656202055e-21
37.234695610420765
1.4829969079275862
1.1189080589643996
0
6.4613416071875305
0.6551318740482818
8.465046341147843
0.006418521838000754
2.8725093295065776
60.23981484774486
21.777227601480366
647.7208080619721
0.3650661814860623
47.60426735347101
3.061842782801387
0.00010974911736658104
45.48996700097671
61.58941747574458
88.4254557123214
46.239099499215286
0
2.690551199291873
0
270.59599026201425
22.66736408801847
0.9722152824084124
0
10.114429276246675
0
0.13672499056614346
11.653189540217495
26.924483152306525
25.789901143576092
18.417507515680626
1.5819999745530504
1777.5951486677614
2.071988138915687
0.035471468740143806
0.5042252172772862
10.647070828386704
51.6866422323297
0.9938089351715665
2.433167495954101
1916888770301128e-20
30208603926945565e-21
170.4129840938699
0
267.04887384455446
0
9.207381670342864
0.02880364380733938
311.0366132040438
3.753675811926735
0.11893029322971657
0.6549883440323891
1.0381200644705602
0
7918465849540198e-20
9.070839572322656
0.12072130961316528
0.002014413376092261
0.0476098084922467
0.0083723352730571
0.0006573914265658127
0.0017400869464426966
0.26543517291214064
0.6789515540270412
1.2160115567189913
0.0026856836179135284
0.005637191117271641
0.07414364063087488
0.02276496610717873
2.301787894777029
0.03689067659763824
3.4362354936585695
0.01959160562768896
0.04156908778241932
10.877585365272175
5327159333300276e-20
0
1.263462146417466
1.556380373583819
0.2258093515961103
0
2.742835196724959
0.04670334038584323
0.05679910856307145
0
0.00047715588795109714
0
0.1342245826825649
1.239285418823344
0
0
0
0
2.894957855532348
0.5656550466256457
1.2167176337439265
5.881725257036188
0.296027484367638
1.463968403445004
0.09898556310817881
0.40047054558453166
0.0014341059192770984
5.536034682202445
0.0036932548648532927
1.6211292235579347
9046257875202964e-22
0.03431441520322709
1.8314341038447564
0.35332838596748556
0.6157356600141963
0.23983719009376875
0.8727264971409977
0.19961356498044905
0.0007293994654676981
0.02671924120300281
1.000253550285708
2.341140990685637
0.13308830097120783
0.12395396668913311
0.36612963720611635
0.036467101520426336
0.4664341099771921
1232.542229521329
0.308688963653995
0.6327061161274754
0.15891607869980248
43.77401014377051
0.32213934429669977
11.067315968120191
1.990771563804993
2.8136389665789032
0.18419922465729757
0.46441673526055777
2.3964947601468016
4.231043758901578
0.9231768198429322
5.684867884569531
5.99903418408306
6.714749667801819
0.2051436769899373
4.301292881488621
0.34898219068589953
45.73091924161686
619.5851863740158
4.002302004883857
10685.703211059183
1.0999999999838435
23.219062873271778
1.182626970601608
45.43435979154866
0.747032771278483
1.0607321362038995
90.04464079352388
0.20255919275656242
1.124499243759254
32.41025468546986
0
0.0012732645298394844
4022786558493649e-24
0
2448358566038111e-76
0.03609497215189618
0.05867848224091152
0.09938479109025194
0.047684295878939416
0.04508451765730534
0.07672629418747147
0.05862446560968875
0.08384090058035727
0.056077229407836875
0.05147513978856439
0.07973963250805469
0.06096579157326504
0.04677653579347363
0.05429951687655603
0.0466511165396913
0.05902395661688908
0.0627255309649952
0.08803638883270183
0.057327092088576385
0.044490513322081815
0.0019047864238960906
0.007503797825336961
0.02351032455433769
0.07836144797237819
0.0435697481122651
0.1315721981987129
9120779933644549e-20
0.010220105446010468
0.3142976027541575
4806127489074695e-21
0.08056456275259169
0.011059617973269686
0.00127127318790224
5486382223166977e-21
1204424833165562e-21
0.11584446891951265
0.09898493443311386
0.004162073042105357
0.04243171977584849
0.020714658385625653
0.0058195768722927
0.012268071722371831
0.0004831229075185896
0.689662775678846
15699130029916492e-25
0.08638162560017652
0.00034203428916129627
0.009730559327782688
0.011047411832758154
0.00015708696924142027
0.00017090496312973966
0.8031835670526687
0.0003936655233526322
0.06055355721095992
0.35141122617053433
13179246160597966e-22
25861727992387816e-22
0.00014474779090811849
12571634893622663e-21
0.0005948473222330917
1700336935160017e-20
14432278942493493e-23
10044051130182448e-22
1907735983451685e-20
0.08373200823389385
0.08470320974924496
4350181259095348e-20
0.00021272954004104892
0.020058053584422014
0.008233882255316866
0.10203940573242896
0.02066221110212898
27829659210483517e-21
0.1639883370530762
0.04039320080814239
557348166403426e-21
0.443206462331451
4458965602262723e-22
0.003779778720834883
0.0009835812714361746
2299456595310469e-27
0.46230353080083925
0.7842803771784937
0.018475682269423345
0.4256366199418323
0.9999987863662727
0.007464707769344859
0.2519631665575544
22332184598396069e-26
46306396177712e-19
0.0006298387983927847
9121526421524307e-20
0.15543448114925387
8645608217858931e-22
0.00011182761990274854
0.20252807487469132
0.000930082911309578
0.012009339949043546
12200900015926066e-21
0.16545034451006402
0.1091740698905085
0.021764139641616317
3147011191632115e-20
0.00015347415500258438
12006681092122127e-23
0.01389029765815492
0.2045017848423866
8333314590452334e-24
1110342891626781e-20
9106422682984708e-21
9651207249340773e-20
10586522135344484e-21
0.5453819314512406
0.20246230031535295
0.005184095350641465
0.0015509240372381283
0.04391381820161798
0.00592111325328642
676088638365671e-19
0.029338476595806438
8324416654784949e-20
0.0007215230317389815
0.08942460780550418
9970389356193634e-22
0.883788761293375
0.8959763628841325
0.0018317232552176059
0.0005373932571203185
5829910130239577e-24
0.0010319333747499065
10390421411013145e-24
0.010395566888762366
0.030306327764602146
0.0009047843089099716
0.00033775568887492034
0.00015457508663370702
261818826933954e-20
0.006164538858920963
0.031716815691630436
0.02199236893829826
11257176079750231e-24
0.996292250832866
0.0730767443471396
0
0
8178633088417877e-20
6662207609645817e-20
10336393272324254e-22
75966104193811e-20
0.00019352341089580395
0.009858647814168283
0.005422474426885968
15204233914838394e-24
0.00013151727879350341
732878764588112e-20
0.060375572775093166
0.013606939689263638
0.11395498310801681
38456373941015586e-23
0.06527062328973544
0.00775396121470008
0.00012015908312109308
0.145256784542535
0.0002965205048005069
18549559457239284e-29
8515603675152432e-20
3736171601977855e-21
0.00012473255032386594
0.01664505864670847
0.003920463972315115
0.00016357988274730918
0.0001521400528391522
3799874526184992e-24
0.0005147653459954385
0.023540533135933028
13135133747411813e-24
0.0018094204192723477
0.001804345748078729
44189469497553546e-21
0.1240481746108744
43374419976314584e-21
0.5724747515654126
0.0019146404714118085
0.23580520406209501
0.003314520806314533
0.0007014089648146366
0.0005696387777481426
4475337412803771e-20
0.7080140383205867
12102148111311124e-21
21568126465390715e-21
0.008377336269366719
0.006489694482262964
21715985268744886e-24
8723830638472198e-20
0.0030657853211989087
0.15721970376850877
0.031309723032454946
0.00010012358185154175
0.02362129863340376
0.0003542561700234162
0
0.13001821156029264
0.012507928182066511
0.6278277415368603
0.5319405890786615
0.5803804168679956
0.0556027166438007
0.030731556037932723
0.9468855569821714
0.6086293515285291
0.9732551158268947
0.5151268981891506
0.2893120408760996
0.0007658386936745376
0.016013965037794627
0.16935487080932385
0.4222239367381043
0.16344850732845997
0.0002993294538777582
0.027853306252276708
0.38133582211527184
0.1322134212027868
0.20855144581077759
