16280436072034658e-22
37.03721373214084
143.0850982677059
0
4492.488154549308
0.0026631560166031714
167.55772293353786
0
83.2780803892407
0
474.2639665990061
0
15.645126052691802
0
34.20834332115527
0
27.351068345650546
15.14317426422719
108.34955784297576
1014.1359507889238
2639128616922609e-20
41.10086543742568
1.6158121958061262
1.1188978375092438
0
6.461333325152658
0.6551260767630774
8.46391656842177
0.006418651550267997
2.8726720626066062
60.233297313249416
21.791743627834066
645.2884000753714
0.36513322400778925
47.64718467127248
3.0576280298464673
0.00010959027234564996
45.489496439383046
61.588928544818685
88.39702067798679
46.23990286599504
0
2.690499283279913
0
270.5589554889472
22.945998026087782
1.2224588224595907
0
10.122010653409735
0
0.18128157882377274
11.651721482504156
26.936373229532816
25.802891423530866
18.41745492993165
1.6953208531472685
1775.6783575421005
2.072150002161767
0.03549043717794912
0.503745277864581
10.639389948177813
51.68653535520197
0.9938099156770845
2.433202058095601
25695265252751252e-21
4048999582517154e-20
175.8716911040964
0
267.0660018896079
0
9.20287676233085
0.028789855504034744
310.9961108255742
4.202518668436647
0.18309917008364804
0.7151913192178774
1.2248976695942886
0
792112792270673e-19
9.065677431770553
0.12058938830134149
0.002014158200145114
0.047612573500685894
0.008371861239037336
0.0006573420791035887
0.0017400836497723214
0.26520008984268956
0.6789513528764529
1.2150383727246723
0.0034752677504643953
0.00635259768926674
0.08082103805642661
0.022750001904912085
2.301770946509667
0.03685665388246617
3.4364334940173933
0.01957050947046738
0.04152382801108886
10.877865290237821
6710888548523191e-20
0
1.2634628913985235
1.5563708322750796
0.22582292955172048
0
2.7428338961206395
0.04665694442407166
0.05679481529671053
0
0.000499981805456445
0
0.1342245778963092
1.2392851222029286
0
0
0
0
2.891069804759544
0.5656555816719925
1.2167113719436942
5.881717231883165
0.2960281375847534
1.4632160136440167
0.09898607670304244
0.40049952805223105
0.001445434228966681
5.536003069423305
0.0036932622147821397
1.6211312838074123
9046259143028416e-22
0.03428676098874182
1.8314435618525369
0.3530590128398368
0.6155294924003801
0.23971676396095828
0.8727257421861377
0.19961363464693568
0.0007283732489629353
0.026693176460930147
1.000251558588437
2.341114505397859
0.1330884940755575
0.1238467103456469
0.3657376706186427
0.036429740054457864
0.4658660898449268
1231.9109047577954
0.308803795215833
0.6327060523062028
0.15891242653045629
43.77539493779351
0.3218924462980401
11.054942208462512
1.9907719072296348
2.8136383669404665
0.18419951788902397
0.4639607703216967
2.3964954569032475
4.231042255937077
0.9231777384189075
5.679417698370312
5.991792201923415
6.708386758073785
0.2687383321080578
4.2958629102474415
0.34869735162865156
45.687075083182485
619.5851862277543
4.002302004809629
10685.70007579158
1.0999999999783265
23.219062873064246
1.1826269664959472
45.434359669358
0.7503188937557954
1.0765394923697773
90.01229102996838
0.2025892298798932
1.124499229168649
32.45385148695809
0
0.001272169127118956
5394087621859027e-24
0
11281853358304423e-74
0.03604169407256088
0.05859186787927181
0.0992422340003383
0.04761611951401396
0.04503930463310421
0.07661451781949202
0.05853795536123171
0.08371931424299987
0.05599445994958602
0.051399831328154795
0.07962193680705529
0.06087579624695043
0.04670871791470851
0.05422036448100899
0.04658389674766026
0.05893985175010049
0.06263473692195615
0.0879065370075703
0.05724467609276555
0.04442484122378191
0.0019047864223925267
0.0075037978020028335
0.023510324325279098
0.0783614454276918
0.04356974732558268
0.13157219102477444
9120779933299808e-20
0.010220105402725202
0.3142975618175732
4806127489065122e-21
0.08056456006280727
0.01105961792258117
0.0012712731872324989
5486382223154504e-21
12044248331649608e-22
0.11584446335816576
0.09898493037272553
0.004162073034926608
0.04243171902972516
0.0207146582078039
0.005819576858257707
0.012268071660000941
0.0004831229074218633
0.6896625785713224
15699130029916481e-25
0.08638162250794423
0.00034203428911281557
0.00973055928854486
0.011047411782181462
0.00015708696923119416
0.00017090496311763538
0.8031832997155218
0.0003936655232884102
0.06055355569143202
0.35141117499519336
13179246160590768e-22
25861727992360097e-22
0.0001447477908994358
12571634893557167e-21
0.0005948473220864558
1700336935148036e-20
14432278942492632e-23
10044051130178267e-22
19077359834366023e-21
0.0837320053284507
0.08470320677601087
4350181259016924e-20
0.00021272954002229532
0.020058053417694635
0.008233882227221245
0.10203940141758382
0.020662210925206537
27829659210162562e-21
0.1639883259087113
0.04039320013198798
5573481664032973e-22
0.443206380928211
44589656022618994e-23
0.0037797787149143327
0.0009835812710352618
2299456595310469e-27
0.4623034422313885
0.7842801222770064
0.018475682127964434
0.4256365448647327
0.9999983719577181
0.00746470774625321
0.25196314024860206
22332184598396069e-26
4630639617762314e-21
0.0006298387982283898
9121526421179509e-20
0.15543447113717798
8645608217855833e-22
0.00011182761989756618
0.20252805787661063
0.0009300829109510916
0.012009339889275699
12200900015864377e-21
0.16545033316610228
0.10917406495117468
0.02176413944531991
3147011191591073e-20
0.00015347415499282322
12006681092121528e-23
0.013890297578198665
0.20450176751138655
8333314590452304e-24
11103428916216719e-21
9106422682950343e-21
9651207248954768e-20
1058652213529804e-20
0.545381808188716
0.20246228332831132
0.005184095339504283
0.0015509240362413233
0.04391381740246164
0.005921113238757409
6760886383467284e-20
0.029338476239105328
8324416654497782e-20
0.0007215230315232421
0.08942460449157322
9970389356189514e-22
0.8837884376053264
0.8959760302070948
0.0018317232538271762
0.0005373932570006407
5829910130239563e-24
0.0010319333743086078
10390421411013102e-24
0.010395566843978077
0.03030632738397832
0.0009047843085707218
0.00033775568882764496
0.00015457508662380535
26181882693366993e-22
0.006164538843172778
0.031716815274752896
0.02199236873786335
1125717607975018e-23
0.9962918394906634
0.07307674213410734
0
0
8178633088140678e-20
666220760946188e-19
10336393272319828e-22
7596610419378708e-22
0.0001935234108802838
0.009858647773890642
0.005422474414701001
15204233914838302e-24
0.00013151727878633546
7328787645858862e-21
0.060375571264484805
0.013606939612536277
0.11395497772660758
3845637394100945e-22
0.06527062152424701
0.007753961189784179
0.00012015908311510976
0.14525677579869412
0.0002965205047640702
18549559457239284e-29
8515603674851921e-20
37361716019720704e-22
0.0001247325503174185
0.01664505853189311
0.00392046396594563
0.00016357988273622023
0.00015214005282956005
3799874526184986e-24
0.000514765345885627
0.023540532906285418
1313513374741174e-23
0.001809420417915571
0.001804345746729552
44189469496744325e-21
0.12404816823396658
4337441997553494e-20
0.5724746157521278
0.0019146404698926478
0.2358051810192445
0.003314520801761814
0.0007014089646107577
0.0005696387776136716
447533741272077e-19
0.708013830583816
12102148111250427e-21
21568126465197937e-21
0.008377336240283584
0.006489694464809652
2171598526874469e-23
872383063815681e-19
0.003065785317303861
0.15721969352512732
0.031309722626210165
0.00010012358184738741
0.023621298402177644
0.0003542561699714089
0
0.13001820455481483
0.01250792811723292
0.6278275781900693
0.53194047181706
0.5803802772777462
0.055602715362587575
0.030731555646552892
0.9468851854257876
0.6086291980189855
0.9732547232875937
0.5151267882232564
0.2893120061894404
0.0007658386934314829
0.016013964931520613
0.16935485892362326
0.4222238628600899
0.1634484962573461
0.000299329453840628
0.027853305930775323
0.38133576185311047
0.1322134139587529
0.20855142778658453
