28857972741343293e-22
37.01040265540681
143.08200109221605
0
4450.8914942253905
0.0027059096886664223
168.56489860960028
0
83.30531834709298
0
511.8759257908733
0
16.03953152117091
0
34.20810720470126
0
27.351989045126846
15.159636906077205
109.59911227819589
1010.3977888341761
32832439851418804e-21
47.66700585303669
1.831106241636605
1.1188668473217378
0
6.461308188572562
0.6551085240997
8.460486954827694
0.006419045691154892
2.873166217355024
60.213510231802964
21.833742077378528
637.9496384480267
0.36533696789051107
47.77200521020403
3.044871481478765
0.00010909960103895234
45.488068236360654
61.58744459988396
88.3099942761716
46.24233759373328
0
2.690343103768287
0
270.4437942776661
23.663123674816116
1.8210054504593762
0
10.144998081071732
0
0.3104123178858885
11.647533725831472
26.972287756649482
25.84213895977225
18.417295038220413
2.0452496584225845
1770.253960843466
2.072593223389308
0.03555748422417165
0.5023562701574498
10.61842275295474
51.686208245334385
0.9938130089189862
2.43328283222545
4544672783307732e-20
7159619155636029e-20
190.5028959583132
0
267.11768358727824
0
9.189262179660606
0.02875243456396112
310.873225315539
4.991589325785455
0.39479551058301066
0.8145292356777718
1.609373819251829
0
7928341345612424e-20
9.05003521581673
0.12019052044616542
0.0020133837209348844
0.047620558603142404
0.008370422908061585
0.0006571925728695548
0.0017400736924538995
0.2644888309461388
0.67895074272804
1.2120761783324814
0.0057006559062624486
0.007640905589323628
0.09171743443302527
0.02270467303789987
2.301719471859219
0.03675371136382256
3.4369709205269365
0.019506720038215852
0.041387005102756565
10.878612856824581
0.00010244125094978208
0
1.2634651476216805
1.5563420066664968
0.2258621331610257
0
2.742829951634859
0.046515699228707616
0.05678127854175913
0
0.0005655496934044483
0
0.13422456339106928
1.2392842273293945
0
0
0
0
2.879281391712922
0.565657201225744
1.2166923612952987
5.8816928749654664
0.29603012011527335
1.4609358314835013
0.09898762869261042
0.40057839609458523
0.0014798817219535449
5.535907386155222
0.0036932844883970782
1.6211375366309584
9046262990193229e-22
0.03421124343285961
1.8314720763502839
0.35224366203527085
0.6149042334545088
0.23935099438682622
0.8727234500201311
0.1996138460877541
0.0007252749448117688
0.02661433136100457
1.0002455170512068
2.341034081877152
0.1330890801056653
0.12352212058784343
0.3645524453121526
0.03631674493505543
0.46414953534271847
1229.994337074532
0.30915132063103196
0.6327058587434722
0.15890133856788893
43.778975397690125
0.32114500193176476
11.017533703725533
1.9907729388773456
2.813636525418189
0.18420040547836733
0.4625815346691978
2.3964975499049816
4.231037640313729
0.9231805189147196
5.662932251498437
5.96990653908222
6.6891369634088065
0.44458661076338557
4.279456608857835
0.34783517652592166
45.55446714379272
619.5851857838429
4.002302004584344
10685.690560094221
1.0999999999615828
23.219062872434375
1.1826269540350498
45.4343592985029
0.7600817122594377
1.1164248765050708
89.91404307034676
0.20268038155223517
1.124499184885394
32.58528024469224
0
0.0012688540507993786
9548834851772226e-24
0
16816482378439919e-69
0.03588085920771921
0.058330390015276776
0.09881179925532801
0.0474102659273588
0.04490255239337609
0.07627705274757579
0.058276790255238645
0.08335222160375429
0.055744589361572956
0.05117247269253036
0.07926662840247056
0.060604111999099694
0.04650396274217535
0.053981396128922596
0.046380940033589474
0.05868589767079405
0.062360609696758884
0.08751452969609277
0.05699583748167813
0.044226585476319406
0.0019047864178291308
0.007503797731182521
0.023510323630074166
0.07836143770443452
0.04356974493796
0.13157216925149418
91207799322535e-18
0.010220105271352132
0.3142974375729073
4806127489036069e-21
0.08056455189916988
0.011059617768738842
0.0012712731851997985
5486382223116646e-21
1204424833163136e-21
0.11584444647918545
0.0989849180492332
0.004162073013138727
0.0424317167652015
0.02071465766810548
0.005819576815660765
0.012268071470701993
0.0004831229071282939
0.6896619803399087
15699130029916448e-25
0.08638161312285633
0.00034203428896567415
0.009730559169455982
0.011047411628678526
0.00015708696920015738
0.00017090496308089825
0.8031824883336875
0.00039366552309349286
0.06055355107958474
0.3514110196753725
13179246160568919e-22
2586172799227597e-21
0.00014474779087308341
12571634893358382e-21
0.0005948473216414081
1700336935111672e-20
14432278942490015e-23
10044051130165577e-22
19077359833908266e-21
0.08373199651027773
0.08470319775208884
4350181258778906e-20
0.00021272953996537711
0.020058052911668244
0.008233882141949549
0.1020393883218017
0.020662210388237578
2782965920918845e-20
0.16398829208497903
0.04039319807982366
5573481664029066e-22
0.443206133865164
44589656022593985e-23
0.0037797786969451497
0.0009835812698184706
2299456595310469e-27
0.46230317341852506
0.7842793486380182
0.01847568169862917
0.4256363170018459
0.9999971142068899
0.0074647076761688354
0.25196306039955707
22332184598396066e-26
4630639617735345e-21
0.0006298387977294428
9121526420133029e-20
0.15543444075000212
864560821784643e-21
0.00011182761988183741
0.2025280062865455
0.0009300829098630667
0.012009339707877122
12200900015677145e-21
0.16545029873658323
0.1091740499600367
0.021764138849549954
3147011191466509e-20
0.0001534741549631977
12006681092119715e-23
0.013890297335527208
0.20450171491089375
8333314590452215e-24
11103428916061654e-21
9106422682846039e-21
9651207247783222e-20
10586522135157078e-21
0.5453814340806054
0.2024622317717503
0.005184095305702349
0.0015509240332159664
0.043913814976979985
0.0059211131946610915
676088638289237e-19
0.029338475156498622
8324416653626211e-20
0.0007215230308684612
0.08942459443361823
997038935617701e-21
0.8837874551957062
0.8959750205154478
0.0018317232496071487
0.000537393256637412
5829910130239519e-24
0.0010319333729692432
10390421411012968e-24
0.01039556670805539
0.030306326228764897
0.0009047843075410809
0.00033775568868416175
0.00015457508659375322
26181882693280778e-22
0.006164538795376204
0.031716814009507543
0.021992368129532813
1125717607975002e-23
0.996290591046364
0.07307673541743785
0
0
8178633087299364e-20
6662207608903626e-20
1033639327230639e-21
7596610419371449e-22
0.0001935234108331793
0.009858647651645869
0.005422474377718982
15204233914838014e-24
0.00013151727876458037
7328787645791306e-21
0.06037556667970878
0.013606939379664685
0.11395496139374746
3845637394099085e-22
0.06527061616589654
0.007753961114163104
0.00012015908309695006
0.1452567492606779
0.00029652050465348294
18549559457239284e-29
8515603673939852e-20
3736171601954513e-21
0.00012473255029785013
0.01664505818342242
0.003920463946613909
0.00016357988270256476
0.00015214005280044735
3799874526184968e-24
0.0005147653455523433
0.023540532209292794
1313513374741152e-23
0.0018094204137976827
0.001804345742634729
4418946949428831e-20
0.12404814887971612
4337441997316868e-20
0.5724742035518224
0.0019146404652819141
0.23580511108298824
0.003314520787944072
0.0007014089639919749
0.0005696387772055451
4475337412468858e-20
0.7080132000921038
12102148111066211e-21
21568126464612854e-21
0.00837733615201473
0.00648969441183793
2171598526874409e-23
8723830637199592e-20
0.0030657853054821844
0.15721966243592705
0.031309721393235804
0.00010012358183477877
0.023621297700394176
0.00035425616981356404
0
0.1300181832928215
0.012507927920459539
0.6278270824241801
0.5319401159220561
0.5803798536141629
0.055602711474038204
0.03073155445869443
0.9468840577334054
0.6086287321096394
0.9732535319110244
0.5151264544710957
0.28931190091362075
0.0007658386926937993
0.016013964608973356
0.16935482284989842
0.4222236386364879
0.16344846265593452
0.0002993294537279357
0.027853304955001636
0.381335578954322
0.13221339197272938
0.20855137308221497
