4601538794965423e-21
36.973855186667556
143.0777748639454
0
4394.582091839695
0.0027631138024323608
169.88167339817363
0
83.34294276327627
0
553.4143796488942
0
16.559846480728705
0
34.20779187672421
0
27.353245926193235
15.18191401405492
111.25205828780045
1005.3298445352134
43779186957833135e-21
51.90230122584818
1.9603981715138155
1.1188245877227763
0
6.461273898566241
0.6550846081764939
8.45580682910281
0.006419584374898962
2.8738408655593015
60.18650344813926
21.886648761102954
628.0446857274059
0.36561551326026254
47.93065253981927
3.027557145064338
0.00010841227785884596
45.48611992200239
61.58542027043183
88.18905850708796
46.245650205387896
0
2.6901331785164424
0
270.282536541668
24.423659536013194
2.385229631873618
0
10.176296450172487
0
0.4731052222254068
11.642352251438322
27.0208748935857
25.895258611338246
18.417076308761857
2.536750831883508
1763.6295189879038
2.073103540747469
0.03566728198697297
0.5005949166155721
10.594453045951147
51.68575543553244
0.9938175170679167
2.433321698398918
7226153521427166e-20
0.00011380741075133941
206.77133962967827
0
267.18702199301407
0
9.170853450124868
0.02870988257958546
310.7075415426136
5.516541213778393
0.682736413963901
0.8767678984655352
1.9176132068444733
0
7936086457024034e-20
9.028757870278861
0.11965011284221176
0.0020123273156972053
0.04763022235379524
0.008368462709207204
0.0006569891303960946
0.0017400601415131416
0.26352403115469786
0.6789499112593079
1.2080230883177294
0.008482221953897019
0.008527819220849334
0.0983792142834275
0.02264306640115963
2.3016491680231868
0.03661407843205361
3.4375792748526335
0.01942028898118821
0.04120168086865312
10.879432072667223
0.00014025953558971489
0
1.2634682169599833
1.5563027247682557
0.22590955137028193
0
2.742824577710254
0.046322230779038576
0.05676211624595544
0
0.0006475108436006091
0
0.13422454365540173
1.2392830144211453
0
0
0
0
2.8632317697323386
0.5656594000281275
1.2166664145580484
5.8816596485511035
0.29603282450420426
1.4578337241067625
0.09898974062154055
0.40066810087294763
0.0015267616969091352
5.535777040149026
0.003693314848293999
1.6211460659597579
9046268236414045e-22
0.034124842594577716
1.8315108412074788
0.3511368327194805
0.6140525014245664
0.23885128442806025
0.8727203211743202
0.19961413451927087
0.0007210879322019603
0.026507417429575533
1.0002372837534228
2.3409242858174446
0.13308987940257522
0.12308163481579072
0.36294638969750276
0.0361635769707637
0.46182593948634
1227.378773006661
0.3096229905774881
0.6327055950323999
0.15888620565635664
43.782635996367304
0.3201300619239656
10.966859983335391
1.990774320431777
2.8136339612785677
0.18420161050828954
0.46071140038386166
2.3965003526619495
4.231031213658896
0.9231842939306061
5.640580320082077
5.940280224542846
6.663029014493857
0.6494024425525344
4.257255674972471
0.3466647570681477
45.374660593395205
619.5851851782896
4.002302004277026
10685.67757944443
1.099999999938742
23.219062871575144
1.182626937036746
45.434358792607746
0.7728667263302199
1.15695631863593
89.7798631466294
0.20280469390811032
1.1244991244772125
32.7624849550301
0
0.001264355169755214
15199001512897914e-24
0
26133003157907338e-65
0.03566355164761165
0.057977088940549655
0.09823003484040409
0.04713203288346679
0.044717154463922486
0.0758210173181452
0.05792390806531433
0.08285612442876264
0.0554069716822131
0.050865244174625186
0.07878654654962117
0.06023702084545805
0.046227252292529934
0.053658468127155204
0.04610664267872357
0.05834263820855727
0.06199014217254596
0.08698485880694631
0.05665953048039865
0.04395870837305699
0.0019047864116040578
0.007503797634574295
0.023510322681723192
0.07836142716889644
0.04356974168092869
0.13157213954988034
9120779930826198e-20
0.01022010509214198
0.3142972680869118
4806127488996436e-21
0.08056454076289546
0.011059617558877665
0.0012712731824269276
54863822230650006e-22
12044248331606475e-22
0.115844423454039
0.09898490123837039
0.004162072983417191
0.042431713676093406
0.02071465693188584
0.005819576757552934
0.012268071212473319
0.00048312290672782667
0.6896611642743702
15699130029916407e-25
0.08638160032036304
0.00034203428876495386
0.009730559007003084
0.011047411419280326
0.00015708696915781918
0.000170904963030784
0.8031813815034101
0.0003936655228276001
0.06055354478841869
0.35141080779880773
13179246160539116e-22
25861727992161213e-22
0.00014474779083713534
12571634893087214e-21
0.0005948473210343045
17003369350620675e-21
14432278942486438e-23
10044051130148266e-22
19077359833283826e-21
0.08373198448113084
0.0847031854422732
43501812584542164e-21
0.0002127295398877332
0.020058052221381673
0.008233882025627737
0.1020393704574342
0.020662209655741275
27829659207859625e-21
0.16398824594496828
0.04039319528040164
5573481664023738e-22
0.4432057968388767
4458965602255987e-22
0.003779778672432819
0.000983581268158607
2299456595310469e-27
0.46230280672265583
0.7842782932938588
0.018475681112959382
0.42563600616707853
0.9999953984717922
0.007464707580564524
0.2519629514749925
22332184598396056e-26
4630639617698553e-21
0.0006298387970488135
9121526418705492e-20
0.15543439929790492
8645608217833605e-22
0.00011182761986038134
0.20252793591092863
0.0009300829083788573
0.0120093394604256
12200900015421738e-21
0.16545025177019992
0.109174029510155
0.02176413803684135
31470111912965876e-21
0.0001534741549227846
12006681092117243e-23
0.013890297004491412
0.20450164315692124
8333314590452096e-24
11103428915850128e-21
9106422682703756e-21
9651207246185081e-20
10586522134964788e-21
0.545380923748324
0.2024621614418374
0.005184095259592063
0.0015509240290889812
0.043913811668304034
0.0059211131345079104
6760886382108112e-20
0.02933847367968067
8324416652437273e-20
0.0007215230299752539
0.08942458071324587
9970389356159954e-22
0.8837861150614609
0.8959736431650014
0.001831723243850475
0.0005373932561419204
58299101302394594e-25
0.0010319333711421733
10390421411012783e-24
0.010395566522638964
0.030306324652901832
0.0009047843061365155
0.00033775568848843187
0.0001545750865527582
2618188269316317e-21
0.006164538730175386
0.031716812283546454
0.02199236729968993
11257176079749806e-24
0.9962888880065681
0.07307672625501774
0
0
8178633086151705e-20
6662207608142094e-20
10336393272288062e-22
7596610419361547e-22
0.0001935234107689225
0.009858647484887914
0.005422474327270641
15204233914837614e-24
0.0001315172787349035
7328787645699151e-21
0.0603755604254715
0.013606939061997196
0.11395493911358064
3845637394096547e-22
0.06527060885640203
0.007753961011006008
0.00012015908307217784
0.1452567130593392
0.0002965205045026274
18549559457239284e-29
8515603672695673e-20
3736171601930563e-21
0.00012473255027115626
0.016645057708062554
0.003920463920242896
0.0001635798826566543
0.00015214005276073376
3799874526184942e-24
0.0005147653450977005
0.023540531258503163
13135133747411223e-24
0.0018094204081803415
0.0018043457370488522
4418946949093797e-20
0.12404812247797635
4337441996994079e-20
0.5724736412568393
0.001914640458992266
0.23580501568076462
0.003314520769094854
0.0007014089631478738
0.000569638776648807
4475337412125218e-20
0.7080123400193414
12102148110814918e-21
21568126463814715e-21
0.008377336031604397
0.00648969433957753
2171598526874328e-23
8723830635893823e-20
0.003065785289355862
0.15721962002617645
0.03130971971129659
0.00010012358181757891
0.023621296743069207
0.0003542561695982429
0
0.13001815428867017
0.012507927652034755
0.6278264061348962
0.5319396304348194
0.5803792756817799
0.05560270616954556
0.03073155283829924
0.9468825194147585
0.6086280965485532
0.9732519067189515
0.5151259991895757
0.2893117573036103
0.0007658386916875015
0.01601396416897647
0.16935477364060283
0.42222333276617924
0.16344841681919842
0.0002993294535742085
0.027853303623917972
0.38133532945644677
0.13221336198090583
0.20855129845827897
