545940955538097e-20
36.9555939835395
143.07566119908404
0
4366.616243221346
0.0027912419932734508
170.51659045227737
0
83.36194929091559
0
570.9540896321289
0
16.81068672347528
0
34.20763704742608
0
27.353874764071673
15.192974772787343
112.05723457276068
1002.8094785025885
5034095111366481e-20
53.19907092284728
1.9974756147432793
1.1188034511676528
0
6.461256753388622
0.6550726468470581
8.453466039114492
0.0064198541222678695
2.8741784070200627
60.17299373839845
21.91144202239275
623.1381174055355
0.36575503584567365
48.00555499749651
3.018938372533311
0.00010806193708097062
45.4851457399476
61.58440809130424
88.12764330785886
46.24730270022772
0
2.690029506968862
0
270.200690837197
24.739158647089514
2.598148252099213
0
10.191918226159059
0
0.5492092993501342
11.639952341006351
27.044999336521677
25.92164355365452
18.41696671458692
2.788420863919844
1760.5936615591909
2.0733252120915657
0.035728608423524016
0.4997618322337234
10.584124937715336
51.685526198357785
0.9938198960183553
2.433310583079376
8561695374775882e-20
0.00013482460482678248
213.67451102178504
0
267.2210511293375
0
9.161718894694772
0.02869159707601296
310.6257814100166
5.67922232348969
0.8187045146110213
0.8955582531314844
2.0243448310927508
0
793910248730213e-19
9.018145314046897
0.11938151321434161
0.0020117991920695485
0.04763452777602584
0.008367483517203088
0.0006568875819506016
0.0017400533622467288
0.26304400360838
0.6789494958919348
1.2059940328161798
0.009798356275013628
0.008809750222004356
0.10033421302084956
0.02261236636210346
2.301613979490397
0.03654461096384345
3.437839133441523
0.01937732869921833
0.04110959052001029
10.879770380138549
0.0001561269424105208
0
1.263469748676253
1.556283043196268
0.22593066420550692
0
2.7428218936361137
0.04622523354540424
0.056752349993231914
0
0.0006858329748160585
0
0.13422453380966892
1.2392824102582456
0
0
0
0
2.855221631373944
0.5656604949158108
1.2166534353554457
5.8816430351823525
0.29603417667980186
1.4562863719182149
0.09899079669931488
0.4007065957290057
0.0015500908402303797
5.535711848384811
0.003693330029804964
1.621150330474733
9046270858741017e-22
0.0340875805712266
1.8315302352467147
0.35058578110773975
0.6136271813232693
0.2386010588721082
0.8727187558745715
0.19961427873434306
0.000719011437409207
0.026454239087872467
1.0002331706218466
2.34086935286141
0.1330902789970056
0.12286239304575323
0.3621480226257699
0.03608741502226249
0.4606719302245919
1226.0705145494906
0.30985779248383616
0.6327054633207612
0.15887863622226042
43.78403134006044
0.31962463370681066
10.941677530993173
1.990775000124647
2.813632656828616
0.1842022105435539
0.45978125364863576
2.396501731494934
4.231027944301794
0.9231861737109813
5.6294633636795535
5.925565939247351
6.6500408307335945
0.739231708226105
4.246232733829506
0.34608203510406776
45.28522249127657
619.5851848755129
4.002302004123368
10685.671089125446
1.0999999999273218
23.219062871145525
1.182626928537594
45.43435853966017
0.7790314668814289
1.173065873236962
89.71270544060553
0.20286683688217924
1.1244990942731243
32.850219449717194
0
0.0012621158925698714
1801656455169989e-23
0
8801145046352039e-63
0.03555579782146626
0.057801897983082044
0.09794148191118933
0.04699402755333276
0.04462495496217119
0.07559485686964267
0.05774892323520947
0.08261008587407438
0.05523955762628331
0.05071288708011041
0.07854848906580736
0.060054991964759406
0.04609001832426366
0.05349832070340404
0.0459705980683041
0.05817237356046321
0.06180640692829755
0.08672221058846506
0.05649273067629671
0.04382587655091058
0.001904786408491521
0.007503797586270183
0.023510322207547715
0.07836142190112792
0.04356974005241312
0.13157212469907595
9120779930112547e-20
0.010220105002536905
0.3142971833439483
480612748897662e-20
0.08056453519475884
0.011059617453947077
0.0012712731810404923
5486382223039178e-21
1204424833159403e-21
0.11584441194146751
0.09898489283294004
0.004162072968556422
0.04243171213153945
0.02071465656377603
0.005819576728499018
0.012268071083358981
0.00048312290652759306
0.6896607562419632
15699130029916386e-25
0.0863815939191171
0.0003420342886645937
0.009730558925776636
0.011047411314581227
0.00015708696913665007
0.0001709049630057269
0.8031808280888435
0.0003936655226946537
0.06055354164283591
0.3514107018605732
13179246160524214e-22
25861727992103835e-22
0.0001447477908191613
1257163489295163e-20
0.0005948473207307527
1700336935037265e-20
1443227894248465e-22
10044051130139609e-22
19077359832971607e-21
0.08373197846655803
0.08470317928736606
4350181258291872e-20
0.00021272953984891122
0.020058051876238395
0.008233881967466833
0.10203936152525163
0.020662209289493128
27829659207195213e-21
0.16398822287496778
0.040393193880690695
5573481664021074e-22
0.44320562832582916
4458965602254281e-22
0.003779778660176654
0.0009835812673286751
2299456595310469e-27
0.46230262337483036
0.7842777656223117
0.018475680820124494
0.42563585074977994
0.9999945406053473
0.007464707532762368
0.25196289701272784
2233218459839605e-25
46306396176801575e-22
0.0006298387967084988
9121526417991724e-20
0.15543437857186046
8645608217827195e-22
0.0001118276198496533
0.20252790072312937
0.0009300829076367527
0.01200933933669984
12200900015294034e-21
0.16545022828701325
0.10917401928521557
0.02176413763048706
3147011191211627e-20
0.00015347415490257806
12006681092116004e-23
0.013890296838973517
0.20450160727994443
8333314590452038e-24
11103428915744364e-21
9106422682632616e-21
965120724538601e-19
10586522134868643e-21
0.5453806685823623
0.20246212627689014
0.005184095236536921
0.0015509240270254886
0.04391381001396615
0.00592111310443132
6760886381715983e-20
0.02933847294127172
8324416651842805e-20
0.0007215230295286502
0.08942457385306046
9970389356151427e-22
0.8837854449951004
0.8959729544905721
0.0018317232409721382
0.0005373932558941747
582991013023943e-23
0.0010319333702286384
10390421411012692e-24
0.010395566429930751
0.03030632386497033
0.0009047843054342328
0.00033775568839056696
0.00015457508653226072
26181882693104366e-22
0.006164538697574977
0.03171681142056595
0.0219923668847685
11257176079749698e-24
0.996288036487762
0.0730767216738081
0
0
8178633085577875e-20
6662207607761327e-20
10336393272278897e-22
7596610419356596e-22
0.00019352341073679413
0.009858647401508939
0.005422474302046472
15204233914837415e-24
0.0001315172787200651
7328787645653073e-21
0.0603755572983531
0.013606938903163453
0.11395492797349885
3845637394095278e-22
0.06527060520165508
0.007753960959427461
0.00012015908305979174
0.14525669495867327
0.0002965205044271996
18549559457239284e-29
8515603672073584e-20
37361716019185874e-22
0.00012473255025780933
0.01664505747038263
0.003920463907057389
0.00016357988263369905
0.00015214005274087698
379987452618493e-23
0.0005147653448703789
0.02354053078310836
13135133747411074e-24
0.0018094204053716709
0.0018043457342559138
441894694892628e-19
0.12404810927710858
4337441996832685e-20
0.572473360109555
0.001914640455847442
0.23580496797966727
0.0033145207596702447
0.0007014089627258233
0.000569638776370438
4475337411953399e-20
0.708011909983352
12102148110689273e-21
21568126463415644e-21
0.008377335971399232
0.0064896943034473305
21715985268742877e-24
8723830635240938e-20
0.003065785281292701
0.15721959882130543
0.031309718870327026
0.000100123581808979
0.023621296264406733
0.0003542561694905823
0
0.1300181397865969
0.012507927517822363
0.6278260679905274
0.5319393876913672
0.5803789867158043
0.05560270351729942
0.03073155202810168
0.9468817502563723
0.6086277787682589
0.9732510941239326
0.5151257715489667
0.28931168549863184
0.0007658386911843525
0.01601396394897803
0.16935474903596043
0.42222317983110796
0.16344839390083518
0.0002993294534973449
0.027853302958376163
0.3813352047075703
0.1322133469849966
0.20855126114632094
