0.03881432696749627
34.67436516357154
61.84981896504019
0
62.3445245822157
0.0004843668819086079
63.683778374773716
0
73.43743729120243
0
77.80326206262484
0
28.10718179948816
0
30.401659845633915
0
34.366569744119
8.012213461732305
23.494251336569295
0.15349743173887545
6549897844898626e-28
2.226202529841472
1.7724108162178969
0.2781285914195363
0
5.551032733690743
0.09606059968477819
0.4085477980547794
0.007020221615611145
3.8468040969361876
3.5465344642090018
0.4673370527343593
0.21851083911061478
1.020718512166337
0.7806298889885622
0.19093846968812345
15391351528730979e-22
9.19617278005227
15.233606038517872
0.000496708639344484
1.4119578124317171
0
1.6603724817799028
0
12.223015675880282
20.57829333887606
4.482505075231087
0
13.647661480136522
0
0.16762533095451004
0.012682991210253668
33.22696726863251
32.940249208922715
18.955493153769243
89.40164552905918
61.67253486972499
0.10639565310808333
0.0021658494969103857
0.009044008407690804
19.6309048425538
40.38814052721011
1.2040836850447008
0.10861518473963518
0.015393264346934893
0.21638654801303545
15.12305527154622
0
15.125579623019258
0
11.77960075724089
0.0019118835567776631
0.001914608764264418
15.756575154981785
0.5219027307433257
1.2580162146532936
2.980106531494495
0
206128444108077e-19
0.0008036739895679308
0.08163657693139859
0.008570639297004693
0.002081125561517087
0.007529038229562769
0.001627748791402327
0.0010489497109728706
0.6992627931914003
0.6618071348653651
0.08442849904453278
0.2295399197959537
9351527170844681e-20
0.13366844009210124
0.015860018732306823
1.7498282324567442
0.07860467170825894
0.1711820028581524
0.024044393433113924
0.03154067866839922
0.9583774555422966
0.0013723605245789903
0
1.2525226560715643
1.0183258948827278
0.009446486270957663
0
2.50589459507
21543489523779365e-21
0.005628527003208735
0
0.003216152461276826
0
0.13377219201212018
1.2146633104047138
0
0
0
0
0.09809358719695056
0.5868296038028569
0.9688935297253842
5.044956411820104
0.34618702333130463
1.1859792358717451
0.1254423516814435
0.017925122432434375
0.05715205103271629
2.0562988672683815
0.0039955489126150415
1.7071817090763037
9154021724859974e-22
0.05940309766064004
2.0481202403751166
0.38926449705690636
0.39767195346470197
0.0031159935472745985
0.797948452045679
0.20565311159330155
0.0023285348686094922
0.018836485587115315
0.8664580646501614
2.1449014234088493
0.150179382872543
0.09289841688067434
0.2765104683924602
0.020530185061422138
0.33724780228770346
0.33755250044359764
0.41205829965756263
0.6285016025599297
0.13329287688106775
2.7252670016003373
0.2681155756603099
8.388822050465466
2.0032337347826727
2.769446910516618
0.196053911176056
0.36272940238761653
2.421783635079932
4.121391469904456
0.9597388576807394
4.243710158138528
5.484410467516619
2.413540272259281
2.2310763248679275
2.659659989698246
0.2981761477752846
29.028084976863067
619.5714878349909
4.002295052820129
10396.055411071398
1.0999994832897177
23.21904343599556
1.1822425013530398
45.42291698769753
1.28089360109814
1.3969999014003371
1.0999984761171044
0.874147871504643
1.1231335674270693
1.9190006325643376
0
0.0010694426051014857
0.00011788393087408926
0
0.0009775202460165597
0.01994571040324335
0.03146906036028895
0.051522839911736694
0.02636503423369913
0.02740025260304893
0.04108404447147048
0.029645697055737386
0.04347035808253439
0.029856706543698493
0.027817829011762385
0.04320093035124611
0.03255625902457425
0.02542631387968285
0.03011596529811528
0.025436249116186728
0.03082391129383109
0.03404061952869323
0.051648428446005396
0.03246462788029052
0.02390210731241619
0.0019046456069239913
0.007501612694271404
0.023488880958753507
0.07812347745717486
0.04349613054859866
0.1309020075387711
9120747645605759e-20
0.01021605219868084
0.3104868170764577
4806126592536064e-21
0.0803130339070848
0.011054871560229001
0.0012712104621986303
5486381054877244e-21
12044247768617425e-22
0.11532476839255579
0.09860537242283011
0.004161400742587835
0.04236189618189755
0.020698010485275357
0.005818262518585006
0.01226223152255531
0.0004831138483223103
0.6714467853181189
15699130028959936e-25
0.08609249541361173
0.00034202974854408554
0.009726885049149986
0.01104267588973754
0.00015708601147969376
0.00017090382946042954
0.7785313063755925
0.0003936595084316572
0.06041140697702838
0.3466507374204469
13179245486443162e-22
25861725396454653e-22
0.00014474697770104183
1257162875936675e-20
0.0005948335886300904
1700335813016725e-20
1443227886164946e-22
10044050738624292e-22
19077345708657916e-21
0.08346032926284407
0.08442519709506913
43501739140781135e-21
0.00021272778360521122
0.020042444155165835
0.008231251270179889
0.10163608118539919
0.020645647379582577
27829629150134308e-21
0.16294788252799347
0.04032992253148653
5573481543466378e-22
0.43564752369267856
4458965525093016e-22
0.003779224249144077
0.0009835437231004338
2299456595310266e-27
0.45408219096729485
0.7607662798095036
0.018462438129714306
0.41866274300803086
0.9619292968959987
0.00746254534365053
0.24951110780082983
22332184598202488e-26
4630638785508526e-21
0.000629823401538766
9121494128200079e-20
0.15449958379751844
864560792774438e-21
0.00011182713452965122
0.20094229378413092
0.0009300493364680057
0.012003743461374542
12200894238131254e-21
0.16439128534462918
0.10871243595462736
0.02174576249498537
31470073477081484e-21
0.00015347324078896082
12006681036169054e-23
0.013882811059909043
0.20288500695955325
8333314587756966e-24
11103424131150164e-21
9106419464332764e-21
9651171096623036e-20
10586517785387003e-21
0.5339586257827579
0.20087754705811722
0.005183052359179589
0.0015508306803291632
0.04383903383106855
0.00591975263809306
6760868642367083e-20
0.02930508736851677
8324389758927301e-20
0.0007215028260903189
0.08911476661782
9970388970357705e-22
0.8539865515989064
0.8653537319296738
0.0018315930336971768
0.0005373820483394912
5829910128920385e-24
0.0010318920440175417
10390421406822808e-24
0.010391373286599066
0.030270699905472216
0.0009047525357085568
0.0003377512611464582
0.00015457415925701818
26181880032791642e-22
0.0061630640772953795
0.03167779541292223
0.02197360443059468
11257176074831671e-24
0.9585017500199462
0.07286976779719864
0
0
8178607126352345e-20
6662190382463768e-20
10336392857641066e-22
7596610195396462e-22
0.00019352195729930107
0.009854876175299971
0.005421333316107485
152042339058661e-22
0.00013151660745276702
7328785561185306e-21
0.06023425646655678
0.013599755384770052
0.1134520790898755
3845637336701123e-22
0.06510547881825328
0.0077516279694888205
0.00012015852273070286
0.14444015001722754
0.000296517092200062
18549559457239277e-29
8515575529673448e-20
37361710601865166e-22
0.0001247319464627941
0.016634308636693823
0.00391986745868035
0.00016357884417464617
0.00015213915445036325
3799874525624549e-24
0.0005147550612689367
0.023519034411492605
13135133740715373e-24
0.0018092933495136034
0.0018042193900636282
4418939370689454e-20
0.12345235578265407
4337434695570138e-20
0.5598949011155252
0.0019144981937189805
0.23365688151396105
0.0033140944310064203
0.0007013898700111192
0.0005696261834847568
44753296390698405e-21
0.6888225350091545
12102142426666723e-21
2156810841015593e-20
0.008374612817035129
0.006488060029805508
21715985250441046e-24
8723801099716513e-20
0.0030654205369107105
0.15626324090754476
0.03127169769368338
0.00010012319276125244
0.02359965216935638
0.00035425129911077237
0
0.12936373880686308
0.012501857411353418
0.612713751802256
0.5210705914190337
0.5674526971980374
0.055482848994889554
0.030694921677588336
0.9127176880512408
0.594420301125016
0.9371760366160147
0.5049298876914133
0.2860814975992962
0.0007658159297762508
0.01600401462083785
0.16824531951350716
0.41536098900813245
0.16241488081252553
0.00029932597631589664
0.027823211049578456
0.37573329595856575
0.1315366906299551
0.20687013316121067
