0.039597875624956154
34.66277444774934
60.828309441305585
0
61.32231547816588
0.0004740602031006582
62.606246194148895
0
71.12594719028573
0
77.91585983220259
0
28.12061999135283
0
30.381796148092064
0
34.41872979514843
8.102650163784164
23.410230405742887
0.15371453311406902
528716547740315e-27
2.2233860754656627
1.7699978970607728
0.2710668587958886
0
5.530186873863155
0.09273774650699533
0.4080164369008239
0.00702014981004083
3.8452494345872057
3.541973668351027
0.4644987629007376
0.2123381120806185
1.0200768422426292
0.7758990640464608
0.1885643387588246
15149526883238933e-22
8.940469597101718
14.685584273985391
0.0004984294484751943
1.2861854878235062
0
1.6380182683780644
0
12.105041389028758
20.259562220796443
4.482215539940754
0
13.566501617595977
0
0.16785653376391704
0.012714293207172917
33.226429358488424
32.94024851993005
18.960835111246244
89.40037742886763
61.672285853856835
0.10654316060911553
0.0021339844402186443
0.009043959615122318
19.621999310007375
40.107946239720256
1.203227357088344
0.10876645464016656
0.015654802161534014
0.21670936826036888
15.12465387118948
0
15.122581682033882
0
11.788290658320491
0.001913578414226363
0.001916037496194087
15.754597437256722
0.522616345501872
1.2589802957230263
2.979631643122569
0
20889728558826484e-21
0.000805722844014531
0.08136504813136566
0.00868252298400382
0.002082439296474783
0.0074420169539749495
0.0016258293689862748
0.0010400869876091628
0.7047643049949048
0.6614892533350264
0.08436398106647347
0.23008372298711957
9397068727353886e-20
0.133084826766425
0.015654821157085365
1.7392302610703794
0.07880407953908494
0.17131666323813385
0.024042817666074787
0.03133079798684466
0.9560189710168417
0.0013782998803704757
0
1.2522816356523843
1.0084896542715596
0.009451629712445975
0
2.5013809978955726
21556025884135067e-21
0.005643065719690621
0
0.003220974826961221
0
0.13376445020969666
1.2142170550097855
0
0
0
0
0.09821684908815437
0.5868131620691205
0.9642254471956617
5.026352122287805
0.34700483872564536
1.1835535425300845
0.125623724053566
0.01794668754784633
0.057772730970946755
2.024284715001794
0.003996492113255123
1.707473218571251
9156096037454181e-22
0.05917576471950358
2.042628795638825
0.3887194209952848
0.39450520665024974
0.0031159235805840453
0.7964943056490869
0.20576545376737573
0.0023554419128129886
0.018771725295082045
0.8641651479202735
2.141235727934363
0.15051150754362733
0.09269987816476784
0.27610754927782416
0.020360115148518793
0.33664027566460497
0.336872902841007
0.41232250531963494
0.6284197725492081
0.1328267450505315
2.723502466671854
0.2677859115024845
8.378383763079967
2.0029861035506165
2.767904161092986
0.1960424135198838
0.3623210457533143
2.4212722018533266
4.117606717797323
0.9597154337238145
4.242420287697574
5.4920143077856265
2.3915660400014787
2.231333356250542
2.6573939046767427
0.2981907415396532
28.992589408757652
619.5712112957007
4.002294912473867
10390.289654022756
1.0999994728588385
23.21904304360124
1.1822347410788454
45.42268601314077
1.2811347697519675
1.3970011981038912
1.0999984656837871
0.877300113662758
1.1231060146061775
1.9154644113234147
0
0.00106825503703421
0.00011981921922524255
0
0.0010011394799732131
0.01984075938250033
0.031283812460330435
0.05118699329671233
0.02621854521191721
0.02726161628541714
0.04083550881763911
0.029437485764822056
0.04318408102188092
0.02967814491909015
0.027658801195304637
0.042958250283371295
0.03236353534685376
0.025282223025110493
0.0299571534721952
0.02529302548722346
0.030621696454083885
0.03384697834494953
0.05141305040382016
0.03229954741636814
0.02376388693098167
0.001904642764256165
0.007501568587988345
0.023488448262699694
0.07811868082188643
0.04349464565869859
0.13088851312285518
9120746993784722e-20
0.010215970389373193
0.31041036366041774
4806126574436985e-21
0.08030796420554949
0.011054775761902676
0.0012712091959409249
5486381031292129e-21
12044247757250962e-22
0.11531430086252303
0.09859772493386959
0.004161387171504955
0.04236048778584405
0.020697674539769683
0.005818235987824111
0.012262113650811656
0.00048311366543944993
0.671084043704015
15699130028940623e-25
0.08608666850793706
0.0003420296568799514
0.009726810888093386
0.011042580302707775
0.00015708599214471863
0.00017090380657429688
0.778041504280271
0.0003936593870050022
0.06040854072542156
0.3465553010034468
13179245472833509e-22
25861725344048657e-22
0.00014474696128428388
12571628635530076e-21
0.0005948333113830845
17003357903632068e-21
14432278860017402e-23
10044050730719622e-22
19077345423488997e-21
0.08345485376805953
0.0844195940572391
43501737657990154e-21
0.00021272774814690788
0.02004212916134241
0.008231198165219918
0.10162795541596321
0.020645313132391735
27829628543284424e-21
0.16292694623252166
0.0403286461080322
5573481541032386e-22
0.43549626089419585
44589655235351357e-23
0.0037792130564568457
0.0009835429650995261
2299456595310262e-27
0.453917735151056
0.76029891549065
0.018462170858384228
0.4185231392603033
0.9611758736972594
0.007462501695635502
0.24946185281753752
2233218459819858e-25
4630638768707034e-21
0.0006298230907151082
9121493476272343e-20
0.1544807683614426
8645607921887625e-22
0.00011182712473109181
0.20091040865289567
0.0009300486586806458
0.012003630507852402
1220089412149072e-20
0.1643699752992439
0.10870313674193832
0.021745391661943694
3147007270108097e-20
0.00015347322233311898
12006681035039488e-23
0.013882659964043685
0.20285249985103926
8333314587702553e-24
1110342403454952e-20
9106419399355498e-21
9651170366783121e-20
10586517697571254e-21
0.5337304960878948
0.20084568255186894
0.005183031305710429
0.0015508287957229484
0.04383752541657718
0.005919725173580589
6760868284211195e-20
0.02930441370725517
832438921596188e-19
0.0007215024181899635
0.0891085226950741
9970388962568555e-22
0.8533953772541755
0.8647464306041783
0.0018315904049156005
0.0005373818220620563
5829910128893753e-24
0.0010318912096609174
10390421406738216e-24
0.010391288644713248
0.030269981091336943
0.0009047518942912312
0.00033775117176126863
0.00015457414053544514
26181879979080093e-22
0.006163034308435432
0.03167700817660825
0.021973225782692455
11257176074732376e-24
0.9577537929791204
0.07286559545277253
0
0
8178606602238021e-20
6662190034686523e-20
10336392849269553e-22
7596610190874721e-22
0.0001935219279545996
0.009854800049332894
0.005421310282144049
15204233905684963e-24
0.00013151659389995667
7328785519100035e-21
0.06023140701979143
0.013599610389037797
0.11344194948693517
3845637335542339e-22
0.06510214923255847
0.0077515808737948205
0.00012015851141771983
0.1444237113846008
0.0002965170233078096
18549559457239272e-29
8515574961481072e-20
37361710492489796e-22
0.00012473193427223984
0.016634091689901907
0.0039198554173587525
0.00016357882320828943
0.00015213913631398744
37998745256132355e-25
0.0005147548536457697
0.023518600603289756
13135133740580187e-24
0.0018092907843555014
0.0018042168392732438
4418939217685451e-20
0.12344035706897989
43374345481582214e-21
0.559643809782733
0.0019144953215641909
0.23361371391074476
0.003314085824021598
0.0007013894845357319
0.0005696259292380338
4475329482135937e-20
0.6884405070928485
12102142311906685e-21
2156810804566188e-20
0.00837455784583281
0.006488027038159682
21715985250071538e-24
8723800503397116e-20
0.0030654131731909216
0.15624399213215884
0.03127093052415408
0.00010012318490641825
0.02359921538071458
0.0003542512007787921
0
0.12935056046819354
0.012501734886619093
0.6124124112266115
0.520853453615829
0.567194702996014
0.0554804318020218
0.030694182562891064
0.9120407649573954
0.5941368949777244
0.9364616245684731
0.5047261253583046
0.28601665309440477
0.0007658154702317833
0.016003813808186586
0.1682229952094707
0.41522359654439334
0.1623940816894976
0.0002993259061122323
0.027822603830720334
0.3756210453828269
0.13152306470478292
0.2068363312235751
