0.040773198611145985
34.65332211902281
59.35317361203993
0
59.84616900390986
0.0004593646057652453
61.050797485505676
0
68.02916035163827
0
78.08392907237031
0
28.130959591750756
0
30.352415330260996
0
34.496817107898465
8.238705645389484
23.29014192187472
0.1540476708673345
38659093043762625e-29
2.219509692494037
1.7678950069340567
0.2610611048106713
0
5.498775187837604
0.08813757120728861
0.4072597545988497
0.0070200396619096075
3.8428972441232956
3.5354786965054457
0.4606799858297263
0.20407298219940076
1.0191035068864713
0.7695301493895343
0.1855913765856457
14800406829821684e-22
8.584519968635169
13.908750086044341
0.0005008021252871992
1.1178343305555551
0
1.6062371944755958
0
11.929023643801692
19.791540910790236
4.4817805485939
0
13.446157459702256
0
0.16820357198902383
0.012752169315537796
33.225622509169725
32.94024748593776
18.968528448897164
89.39859811245388
61.6719130818693
0.10676040513468246
0.0020912409872707585
0.009043886571841643
19.60897367074551
39.70086741384613
1.2019087321510342
0.10902392590152526
0.016044695579517362
0.21724598085577257
15.131349107103116
0
15.12291363010535
0
11.80471810611988
0.0019166697173732827
0.001918758655764462
15.751630715075413
0.5236858854167932
1.2603696809314249
2.9789192622299687
0
21318389464890986e-21
0.0008082209058147864
0.08102962239216577
0.008850361232180847
0.0020850043371450073
0.007311698049184612
0.0016220988993591626
0.0010274345524046353
0.7133573847298482
0.6610138135928786
0.08432894704572158
0.23084059719755098
9465855476245241e-20
0.1322675372713534
0.015362461989254303
1.7234286807510766
0.07913374869904291
0.1715205876538014
0.02405739520418144
0.031045268294710455
0.9524695702267157
0.0013866519232241766
0
1.2519178518282799
0.9942691662837503
0.009462060955034947
0
2.494628710324834
21574842577564554e-21
0.005664458475098739
0
0.0032244149750906594
0
0.13375287955059517
1.213548528142759
0
0
0
0
0.09872830137740152
0.5867771057566592
0.9572546555851602
4.998325033095279
0.34821914756338
1.180468277985654
0.12588968693225744
0.01797915661919151
0.058685920671519
1.9786133971290822
0.003997751420869477
1.7078580369691116
9159197659800412e-22
0.058836860020636386
2.0342665900314816
0.38816570596794353
0.38989586128689313
0.0031158055412199262
0.7943188649159416
0.20593328281029954
0.002397781340049906
0.018689966524687643
0.8607485850843862
2.135768853311323
0.1510086448163782
0.09246957965783426
0.2757360653446242
0.020122409461386
0.33604190454852595
0.3361773325475233
0.41271784751362567
0.6282972272713385
0.1321242590615919
2.720812671923977
0.2674684273548096
8.37002345415394
2.00261532119324
2.765611175053325
0.1960185693856079
0.36199393919509504
2.4205065815193767
4.111986449393221
0.9596607116757224
4.243735985271786
5.507972334926444
2.3621852418311406
2.231713272506722
2.656519783721682
0.2984135121697187
28.961108988859266
619.5707964869968
4.002294701954484
10381.647013671041
1.09999945721252
23.219042455009774
1.1822231007630637
45.42233955350782
1.2814854358788343
1.397003042431551
1.0999984500338091
0.8818483420216158
1.1230646866429566
1.9123583080471858
0
0.0010672070903935866
0.00012271125084784105
0
0.0010365806215976176
0.019705517918585484
0.03104132515382803
0.050741207195744535
0.02602755562655734
0.027076831712662407
0.04050857363827951
0.029159548100113515
0.04280368512981118
0.029443969089413134
0.027451301580855732
0.042642645036690095
0.0321111029299969
0.02509425266105676
0.029751972591472192
0.025106240004387614
0.030352705421898357
0.03359421052684311
0.0511164172527657
0.032087325091893056
0.023583419317459157
0.0019046385002623807
0.007501502429049991
0.023487799233564234
0.07811148642114392
0.043492418418895104
0.13086827410727017
9120746016053256e-20
0.010215847676640072
0.3102957188330553
4806126547288367e-21
0.08030036025327998
0.011054632065969735
0.0012712072965567315
5486380995914457e-21
1204424774020127e-21
0.11529860134887018
0.09858625481250054
0.004161366814963619
0.04235837527955947
0.020697170631734894
0.005818196191909603
0.012261936845320644
0.0004831133911152891
0.6705402986880835
15699130028911655e-25
0.08607792888887206
0.0003420295193837962
0.009726699647568664
0.011042436923714528
0.0001570859631422604
0.00017090377224510364
0.7773073788619728
0.00039365920486508993
0.06040424160299215
0.3464121956405622
13179245452419028e-22
2586172526543966e-21
0.00014474693665915046
12571628449775068e-21
0.0005948328955128179
170033575638293e-19
14432278857569313e-23
10044050718862615e-22
19077344995735627e-21
0.08344664119942238
0.08441119019771674
4350173543380377e-20
0.00021272769495946396
0.02004165667988954
0.00823111850842236
0.10161576797989137
0.020644811771751755
2782962763300962e-20
0.16289554683294058
0.04032673154859694
5573481537381399e-22
0.4352694651667467
44589655211983147e-23
0.0037791962674881526
0.0009835418280992598
2299456595310256e-27
0.45367116309735206
0.7595984073027895
0.018461769958643758
0.41831382091715186
0.9600468452156637
0.007462436224091638
0.2493879885730516
2233218459819272e-25
4630638743504796e-21
0.0006298226244799091
9121492498380826e-20
0.15445254950362008
8645607913102492e-22
0.00011182711003325432
0.20086259044229895
0.0009300476420005323
0.012003461079562084
12200893946529921e-21
0.16433801541059453
0.1086891894143531
0.021744835424238378
3147007153708023e-20
0.0001534731946493604
12006681033345142e-23
0.013882433323329037
0.2028037489538114
8333314587620933e-24
11103423889648558e-21
9106419301889603e-21
9651169272023352e-20
10586517565847632e-21
0.5333884842825523
0.20079789526953798
0.005182999725667036
0.0015508259688179207
0.04383526289215499
0.005919683977050796
67608677469774e-18
0.029303403244398958
8324388401513814e-20
0.0007215018063398628
0.08909915763123419
9970388950884827e-22
0.852509382977162
0.8638362776499251
0.0018315864617503104
0.0005373814826460826
5829910128853805e-24
0.0010318899581272455
10390421406611325e-24
0.010391161683177224
0.030268902902138475
0.0009047509321660956
0.0003377510376835286
0.00015457411245308982
2618187989851277e-21
0.006162989655415116
0.031675827358819415
0.02197265782307316
11257176074583436e-24
0.9566329516392194
0.07285933738406326
0
0
8178605816066599e-20
6662189513020692e-20
10336392836712283e-22
759661018409211e-21
0.00019352188393755574
0.009854685861484873
0.005421275731382393
15204233905413264e-24
0.00013151657357074383
732878545597213e-20
0.060227133102384235
0.013599392898337954
0.11342675677829565
38456373338041635e-23
0.06509715517328796
0.007751510230790322
0.00012015849444824725
0.1443990569434741
0.0002965169199694611
18549559457239267e-29
8515574109192578e-20
3736171032842674e-21
0.0001247319159864107
0.016633766275019238
0.00391983735544571
0.00016357879175875936
0.00015213910910942782
3799874525596265e-24
0.0005147545422111761
0.02351794990598841
13135133740377407e-24
0.0018092869366251672
0.0018042130130944288
4418938988179455e-20
0.12342236118504293
4337434327040356e-20
0.5592673839017763
0.0019144910133400853
0.2335489774588123
0.003314072913586276
0.0007013889063230482
0.000569625547868162
44753292467350925e-21
0.6878678624501602
12102142139766625e-21
2156810749892081e-20
0.008374475389705892
0.006487977551005497
21715985249517274e-24
8723799608918095e-20
0.0030654021276444055
0.1562151234147962
0.031269779805148425
0.00010012317312416812
0.023598560212909715
0.0003542510532808729
0
0.12933079547730192
0.012501551101769112
0.6119606782213777
0.5205279165577249
0.5668079316098703
0.055476806210172376
0.03069307392421519
0.9110263215336544
0.5937120390897235
0.9353910274894217
0.504420636024708
0.2859194138946713
0.0007658147809155992
0.01600351259393416
0.16818951430739884
0.41501759305621067
0.16236288799904416
0.0002993258008067667
0.027821693027280662
0.37545273239409144
0.13150262846356708
0.20678563867271166
