0.04568763116782049
34.694153249198216
53.905237410742785
0
54.39419914373428
0.00040693988723235664
55.31142744340041
0
58.77287300218252
0
78.77029185157818
0
28.075700205301736
0
30.23233269222501
0
34.821518674336566
8.808130722591622
22.86747902757101
0.15549641434374079
11650939706436976e-29
2.2069181700794216
1.774429746916557
0.22604672314637858
0
5.36566948575458
0.07308552781636152
0.4045360952792298
0.00701955116831022
3.8328302575304827
3.512098397161986
0.44860921670243814
0.17843936675927952
1.0149108815686438
0.7493522489955537
0.17810635689550638
13516470593795707e-22
7.401602390766871
11.205822662937255
0.0005085236442943093
0.6196509227126965
0
1.4939643103413445
0
11.212031824316842
17.96662253541157
4.4799542614769665
0
12.960889209925744
0
0.16963934168551492
0.012815755490801396
33.22224900534206
32.940243162977346
18.996846396869525
89.39072481558334
61.67036259925635
0.10761316022516089
0.0019645703097850103
0.009043581600025554
19.558556637956467
38.200806159171464
1.19608706217163
0.11041946690093314
0.01764281766056483
0.22026877766613556
15.203496357850694
0
15.175255091800855
0
11.90692322455844
0.001935286260152668
0.0019361795728676334
15.739230242269281
0.5280947120985251
1.2655203668003514
2.9759402998422595
0
23257968225717325e-21
0.000812656265398512
0.08034557639052135
0.009550216789307465
0.002101868366100426
0.006777300097990921
0.0015978920260669664
0.0009823610779526825
0.7527418209294291
0.6590426863804592
0.08479931446317741
0.23334872893895742
9756384815228598e-20
0.12940800277757591
0.014300607650326192
1.6586123582130585
0.08080290539381424
0.17236729166968837
0.02428792565910248
0.030139046246140222
0.9373935555834942
0.0014152459149292674
0
1.2503665339097059
0.9424036921052834
0.009533731740465679
0
2.466619512276307
2165132776697128e-20
0.005748427334576953
0
0.0032007101258712013
0
0.13370493210808027
1.2107607442097021
0
0
0
0
0.10383934544330717
0.586501116647333
0.9285136599442724
4.879593354063251
0.3531389358238118
1.1731112035477733
0.12693586154400927
0.01811445838214791
0.06227689201191851
1.814829317784697
0.004001235988740322
1.7088621304370704
9172036867664517e-22
0.05744376483765253
1.9979632825292788
0.3885073380129073
0.3719955332415821
0.0031151448942246707
0.785301924818316
0.20662621425931427
0.002596531647584172
0.018503577247703958
0.8467546713461496
2.113246867959082
0.1530736505460868
0.09218605063790054
0.2765312518570125
0.01929517483092665
0.33668582577210987
0.3365346595586354
0.41435896668681654
0.6277874105756812
0.1291531485666837
2.708713635571878
0.26792749126298865
8.408820641618748
2.0011340929375105
2.756446965666988
0.1958464128007563
0.3635119164545583
2.417449055798641
4.08958352675267
0.9592166334372968
4.28132633427907
5.619945950112932
2.2764824312902814
2.2332992034403434
2.677346498443413
0.3013883809159059
29.042029050485432
619.5690620311177
4.0022938217001345
10345.58694601995
1.0999993917898445
23.21903999390511
1.1821744298118915
45.420890914388856
1.2828222464666184
1.3970096425902954
1.0999983845958374
0.8988002789363149
1.1228918965943264
1.921310035999727
0
0.0010702227626237153
0.00013471112869723256
0
0.0011853749759889558
0.019357029859193037
0.030372950445348004
0.049443090451833996
0.02550974454824733
0.026530922809248274
0.03958929355725969
0.028333651560746333
0.0416910255560715
0.028793469871721593
0.026886968323155985
0.041796154059748375
0.03141343641712476
0.024583509322818126
0.029216470850221384
0.024599371593880006
0.02956261363417483
0.03290558599580028
0.05043072319556637
0.031546259614968666
0.023091215147312074
0.0019046206711306566
0.007501225801930655
0.023485085612177405
0.07808141131601219
0.04348310679311182
0.1307836816669129
9120741927820423e-20
0.010215334588160154
0.3098168075866029
4806126433770594e-21
0.08026857329310241
0.011054031243728526
0.001271199354604183
54863808479881565e-22
12044247668910595e-22
0.11523297939394517
0.0985383087141612
0.004161281698291139
0.04234954330012149
0.020695063750571247
0.005818029794353645
0.012261197587929573
0.00048311224407262973
0.6682714807770143
15699130028790531e-25
0.0860413951241834
0.00034202894446533935
0.00972623452618018
0.011041837426641062
0.00015708584187299363
0.00017090362870292926
0.7742452422165529
0.0003936584432759333
0.06038626879686381
0.3458144623938325
13179245367059014e-22
25861724936748214e-22
0.00014474683369298237
12571627673069062e-21
0.0005948311566183183
17003356142996295e-21
14432278847333002e-23
10044050669284367e-22
19077343207150712e-21
0.08341231035864452
0.08437605981125768
4350172613371126e-20
0.0002127274725644799
0.02003968119191415
0.00823078544410773
0.10156482391789598
0.020642715541121723
27829623826835665e-21
0.16276432060350698
0.040318727096897544
5573481522115356e-22
0.4343224323809179
44589655114272566e-23
0.0037791260678019982
0.0009835370739215085
229945659531023e-26
0.45264160999481956
0.7566763245817795
0.018460093752249603
0.41743972184007727
0.9553403341317486
0.007462162471108531
0.24907937342000458
2233218459816821e-25
4630638638125507e-21
0.0006298206749927685
912148840947877e-19
0.15433461251120087
864560787636881e-21
0.00011182704857652506
0.20066276919343862
0.0009300433909208215
0.012002752667092368
12200893214958239e-21
0.16420444734660497
0.10863089018862544
0.021742509755826596
31470066669990385e-21
0.0001534730788940297
12006681026260482e-23
0.013881485700068677
0.20260003144724217
8333314587279648e-24
1110342328376746e-20
9106418894350937e-21
9651164694454863e-20
10586517015065552e-21
0.5319607868782392
0.2005982032227626
0.0051828676806500934
0.0015508141486045323
0.043825803758638704
0.005919511723194171
6760865500617253e-20
0.02929917852657226
8324384996025177e-20
0.000721499247988257
0.0890600097157297
9970388902031115e-22
0.848814687169628
0.8600409782079533
0.0018315699741022124
0.0005373800634326393
5829910128686771e-24
0.001031884725047855
10390421406080755e-24
0.010390630829816954
0.030264395035594006
0.0009047469091986904
0.00033775047705862757
0.00015457399503108953
26181879561632894e-22
0.00616280294917318
0.031670890427386106
0.02197028314617652
11257176073960661e-24
0.9519605170857838
0.07283317605255793
0
0
8178602528812357e-20
666218733175558e-19
1033639278420599e-21
7596610155731661e-22
0.00019352169988715552
0.009854208416868014
0.005421131265064221
1520423390427719e-23
0.00013151648856729646
7328785192012497e-21
0.06020926565807289
0.01359848353205652
0.11336325283804402
3845637326536247e-22
0.06507627743104591
0.00775121485489045
0.0001201584234930298
0.14429601376731893
0.0002965164878764178
18549559457239241e-29
8515570545480062e-20
37361709642422265e-22
0.0001247318395270536
0.0166324056716254
0.003919761833231871
0.000163578660257445
0.00015213899535779254
3799874525525305e-24
0.0005147532399972952
0.02351522931017167
13135133739529512e-24
0.0018092708480203625
0.001804197014603247
4418938028535515e-20
0.12334714257543723
4337433402470084e-20
0.5576961576233644
0.0019144729992676794
0.23327848619520689
0.0033140189311286162
0.000701386488620679
0.0005696239532313812
4475328262442748e-20
0.6854785920750164
12102141419989436e-21
2156810521280716e-20
0.008374130620869518
0.00648777063215949
21715985247199713e-24
872379586879244e-19
0.0030653559428191935
0.1560944710759647
0.03126496870903736
0.00010012312385851378
0.023595820926382544
0.00035425043654164215
0
0.12924818391367285
0.012500782662911734
0.6100754327280169
0.519168935898807
0.565193561362638
0.055461648921039344
0.030688438755607134
0.9067967905363663
0.591938857932532
0.9309277325591421
0.5031452809361203
0.28551318109933077
0.0007658118986525639
0.01600225317421036
0.16804959122572694
0.4141573276498519
0.16223252126711013
0.00029932536048853656
0.02781788496555423
0.37474977407874105
0.1314172118515831
0.2065738101048496
