0.05113186563362666
34.83118374774669
49.12414413630321
0
49.608321168070304
0.00036320546115808255
50.27943777421012
0
52.35715963231827
0
79.48445107010072
0
27.89405746154966
0
30.098707588261767
0
35.177327023905384
9.426794655157464
22.551535686557354
0.15710399068156244
3813829458633354e-29
2.1973982670741576
1.7995965395070534
0.19777204662539585
0
5.215183036964329
0.06216908907966363
0.4021227410204657
0.007018967612278037
3.821306643491035
3.4913795532702534
0.4393355270471429
0.1596683038301168
1.010076145656804
0.7337683428551828
0.17403016347485908
12410706830837749e-22
6.520892325117783
9.081214309457486
0.0005142613408873222
0.3210607433759591
0
1.4017604791238956
0
10.471365197157931
16.18693894068866
4.477920579411598
0
12.456300474274078
0
0.17115521837128386
0.012770916037909
33.218512235627784
32.940238392491636
19.021826719617344
89.38006247761457
61.66865675271844
0.10844463678204473
0.0018931458991970605
0.009043241020695978
19.50952512859018
36.963420846424334
1.189358868755194
0.11234465887099107
0.019350182326634366
0.2251721802484418
15.334158792371062
0
15.294971816461794
0
12.055411007811335
0.0019625898797735876
0.001962694270740588
15.72551699443133
0.5327311268528557
1.2701937177338205
2.9726406672502206
0
2559919117320265e-20
0.0008102535941858799
0.0804121994210169
0.010315464316922054
0.0021276903426569946
0.006223668658587023
0.0015616682626224815
0.0009452879464670601
0.8001230069706172
0.6568880609917725
0.08601296337230713
0.23517237953595355
0.00010072927097407897
0.12680151072084755
0.013332871928856098
1.589195017616342
0.08291479350394432
0.173219799378425
0.024733528843636225
0.029453771965039968
0.9200616122923992
0.0014374909857628494
0
1.248593872789365
0.8997261818671864
0.009645808514101118
0
2.435989533002343
21726155886073647e-21
0.00583101226526937
0
0.0031294485959450303
0
0.13365239199507684
1.2076790930727483
0
0
0
0
0.11239105594844181
0.5860126323051887
0.8974393917255222
4.7452581583708335
0.3583032339271158
1.171218479024816
0.1280031317100732
0.018258407674965595
0.06584253582102721
1.6748044958787836
0.004002370982505383
1.7090384442215834
9186011911761003e-22
0.055936723029249354
1.955905937740083
0.3919372397699379
0.35364999825915217
0.003114115402305888
0.7754710627611606
0.20737746860300632
0.0028460559817758834
0.018479998840730538
0.8317912848815039
2.088740555800938
0.1553353121223704
0.09265685966262868
0.2801413906862871
0.0185515207011853
0.34104401439120496
0.3407400643608442
0.4161557765673471
0.6272274829005909
0.1258207773960736
2.693008890689341
0.27050239905659207
8.538064271967155
1.9997512457841649
2.7474185911401476
0.19555019542196986
0.36855852484383006
2.4145937356678293
4.067603800376553
0.9584105542775296
4.358066503730178
5.79398126932078
2.2297894090531
2.2352178108647376
2.7262029941246153
0.30708307774357524
29.358955946636385
619.5671405973594
4.002292846549921
10305.78562825498
1.099999319314262
23.219037267480605
1.1821205142132942
45.41928615822578
1.2840982434619557
1.3970153337725355
1.099998312103309
0.9143904825962358
1.122700509913504
1.9587218073642454
0
0.001082084068651035
0.00014793673761462486
0
0.0013522423340961527
0.019209457772224325
0.030011655019112054
0.04862611099966931
0.02524371221324407
0.026173128019192485
0.03906174812425711
0.027791384881695354
0.04098193982105236
0.02843336999000164
0.026594735965640767
0.04137811694204012
0.031032993900592776
0.02431977993327347
0.028975235301835597
0.024338814540431606
0.029053573895274146
0.03254685471602939
0.050285876059849494
0.031327022657575775
0.022833949541285137
0.0019046009201187735
0.007500919364849676
0.02348207981403603
0.07804810747434453
0.0434727936521998
0.1306900335510632
912073739885654e-19
0.010214766216105892
0.3092871300934806
4806126308015007e-21
0.08023337422049018
0.011053365687786403
0.0012711905565249344
5486380684114621e-21
12044247589934401e-22
0.11516032664834444
0.09848522099564501
0.004161187407622298
0.04233976133642643
0.020692729986835873
0.005817845463814217
0.012260378686703674
0.00048311097337586426
0.6657670338538244
15699130028656348e-25
0.08600094092894561
0.0003420283075687501
0.00972571928820526
0.011041173338600725
0.00015708570753036565
0.00017090346968628745
0.7708670728093966
0.0003936575995851443
0.0603663646702938
0.3451534944202738
1317924527249673e-21
2586172457262208e-21
0.00014474671962660046
12571626812630085e-21
0.0005948292302676987
17003354568990084e-21
14432278835993163e-23
10044050614361317e-22
19077341225747047e-21
0.08337429496092817
0.08433715925230842
4350171583102174e-20
0.00021272722619440783
0.020037492963192554
0.008230416489427283
0.10150841763392149
0.02064039357420747
27829619610336567e-21
0.1626190709095658
0.040309861577772374
5573481505203552e-22
0.4332757099153724
44589655006028267e-23
0.003779048301739566
0.000983531807244997
22994565953102e-25
0.4515037932303443
0.7534523479812201
0.018458237019593305
0.41647352255427644
0.9501533696950347
0.00746185921782578
0.2487379337809284
22332184598141054e-26
46306385213857766e-22
0.000629818515347614
9121483879773514e-20
0.15420406642249235
8645607835675039e-22
0.00011182698049447368
0.20044163823086902
0.0009300386815748446
0.012001967932811327
12200892404519297e-21
0.164056606677902
0.10856634250555397
0.021739933658421768
31470061278203305e-21
0.00015347295065976205
1200668101841205e-22
0.013880435993513247
0.2023745910194526
8333314586901577e-24
11103422612569202e-21
9106418442877466e-21
9651159623402732e-20
10586516404906279e-21
0.5303836373086215
0.20037721516560764
0.005182721404407191
0.0015508010542145984
0.04381532726341813
0.005919320905309679
6760863012088434e-20
0.02929449907285813
832438122340842e-19
0.000721496413843363
0.0890166615289003
9970388847910705e-22
0.8447403754899567
0.8558559904148069
0.001831551709171436
0.0005373784912248315
5829910128501732e-24
0.00103187892784572
10390421405492992e-24
0.010390042779310077
0.030259401980917262
0.0009047424525549351
0.0003377498559964735
0.00015457386495047854
2618187918843558e-21
0.006162596121611303
0.03166542216689984
0.021967652766141026
11257176073270743e-24
0.9468110089560807
0.07280420535781074
0
0
8178598887176208e-20
6662184915339349e-20
10336392726039232e-22
7596610124313806e-22
0.00019352149599534982
0.009853679528194173
0.005420971229004949
1520423390301865e-23
0.0001315163944000906
7328784899596624e-21
0.060189478197041256
0.0135974762022581
0.11329294434491716
3845637318484808e-22
0.06505315677482758
0.007750887649042058
0.00012015834488851233
0.14418194783730748
0.00029651600920218657
18549559457239224e-29
8515566597582168e-20
3736170888246291e-21
0.00012473175482502678
0.016630898517903055
0.003919678171021417
0.00016357851457971458
0.00015213886934322662
3799874525446695e-24
0.0005147517974016936
0.023512215787132085
13135133738590208e-24
0.0018092530251456115
0.0018041792915554449
44189369654371084e-21
0.12326386851994481
433743237822646e-19
0.555960698026441
0.0019144530433805671
0.23297920027957492
0.003313959130102165
0.0007013838102868941
0.000569622186689505
4475327172038718e-20
0.6828414336995066
12102140622616496e-21
21568102680238607e-21
0.008373748700694482
0.006487541414068498
2171598524463231e-23
8723791725463266e-20
0.0030653047798371424
0.15596092056757468
0.03125963981545532
0.00010012306928178878
0.02359278670146836
0.0003542497533159031
0
0.12915672799260491
0.012499931437414114
0.6079937277415945
0.5176675918711588
0.5634105211554492
0.055444862430644545
0.030683304708470572
0.9021342152512323
0.5899807007023607
0.9260081311067174
0.50173620018443
0.28506382807937114
0.0007658087056789428
0.0160008580980716
0.16789471959685498
0.41320640282426196
0.16208822251724816
0.00029932487270242086
0.027813666983101275
0.37397256964788156
0.13132265165004217
0.20633939862909687
