0.051736780574271786
34.84950177057459
48.66656902224912
0
49.1501692942307
0.00035912701193881766
49.79798524230201
0
51.78057223137881
0
79.56004628691086
0
27.868962065227944
0
30.083576572926088
0
35.216532160378904
9.49404054879071
22.526174234606568
0.1572780866862528
34152139267300265e-30
2.196507927463056
1.8030391349213908
0.1951832868086943
0
5.198282946642521
0.06122449519086057
0.40188243226674936
0.00701890059999538
3.8200049976460186
3.48931637101788
0.4384609219908681
0.15796165112975158
1.009528603194019
0.7322933734153014
0.1736710596693711
12306972510912128e-22
6.44341938672379
8.891371190161374
0.0005147799690257937
0.29839891808420177
0
1.3932163792028407
0
10.393413296553264
16.004139553534586
4.477694092905372
0
12.4023201210361
0
0.1713166548500705
0.012761587952141856
33.21809706666918
32.94023786446198
19.024235754381845
89.37873788301593
61.668467808932675
0.10852932747937921
0.0018884166479898115
0.009043202833867885
19.504473907099356
36.853359139328376
1.188605971318726
0.11257176182887844
0.019535663589955843
0.22581356870805014
15.350327907682562
0
15.310481954967992
0
12.07285065802658
0.001965850986767987
0.0019658937258487906
15.72399560266935
0.5332242401974828
1.2706566952415168
2.972274119085387
0
25866911972615327e-21
0.0008097104401489621
0.08044857515400432
0.010399499700274862
0.002130797718817043
0.0061654643533055956
0.0015573892007332325
0.000941878780395752
0.8054874726872078
0.6566504084707708
0.08617040520336966
0.23532735261778787
0.00010107160893350035
0.1265263221694593
0.013234777911783015
1.5816368305277377
0.08315261267185077
0.17330562671177946
0.02478920188356585
0.02938820897747664
0.9180873145299395
0.0014394820474910417
0
1.2483938064478461
0.8958921712937177
0.009659357492137957
0
2.4326110695381327
21733562528880024e-21
0.005839513309198879
0
0.0031198453272080974
0
0.13364658232216964
1.2073368285275579
0
0
0
0
0.11341518895731485
0.5859489064045396
0.8940364250110677
4.730157019844474
0.35885915700890747
1.1712167647346363
0.1281173016391663
0.018273780003919892
0.06621301866158551
1.6613908634399868
0.004002352298553661
1.70900774875979
9187548438613336e-22
0.05577115463794101
1.9511450026946882
0.3924237606487022
0.3516593146214228
0.0031139830414026923
0.7743893097283588
0.20745989366202194
0.002875058362647504
0.018484121583879177
0.8301631241339017
2.0860375285011714
0.15558491484749043
0.0927368589077672
0.28063960425993334
0.01847382175724751
0.34165760656650535
0.34134418049540044
0.41635409044817806
0.6271655818793935
0.12544899110342264
2.691084174781056
0.27086104879824396
8.555532269870552
1.999619092556199
2.746501045230877
0.19551184426753618
0.3692394617478061
2.414320639685272
4.065374990253905
0.9583047474611858
4.367678003597867
5.814871874787704
2.2267703998943618
2.2354483389047837
2.7323631362404246
0.30780194163505414
29.40092508028413
619.5669271050874
4.002292738199912
10301.372722431084
1.09999931126142
23.21903696454457
1.1821145237430162
45.41910785548531
1.2842287519347164
1.3970158833401147
1.0999983040485846
0.9159509919905605
1.1226792467411324
1.9640750374597047
0
0.0010836972639193141
0.00014940605291232525
0
0.001370944468242825
0.019200801032807763
0.029983828194314145
0.04855561278863595
0.02522408486026454
0.026141185912956305
0.039019060154114084
0.027743630804942875
0.04092019185090037
0.028405075850696154
0.026573081415449108
0.04134856344500279
0.031003463157665043
0.024300280956281735
0.028959676692686207
0.02431963320323693
0.029008902044785102
0.032520109636839364
0.050289987916278124
0.03131494571162632
0.02281472360411822
0.0019045987255745407
0.007500885317057875
0.023481745860212868
0.0780444079244548
0.04347164789865398
0.13067963234506108
9120736895638469e-20
0.010214703065607532
0.309228332965901
4806126294042163e-21
0.08022946416534628
0.011053291739599834
0.001271189578964332
548638066590645e-20
1204424758115927e-21
0.11515225694914664
0.09847932412603737
0.004161176931013201
0.0423386745910534
0.020692470696000168
0.005817824983003672
0.01226028770105474
0.0004831108321875411
0.665489341987576
15699130028641438e-25
0.08599644719262611
0.0003420282368025356
0.009725662041226237
0.011041099553506175
0.00015708569260341408
0.00017090345201778082
0.7704926316806536
0.0003936575058418349
0.06036415350569396
0.3450801315620165
1317924526198981e-21
25861724532163625e-22
0.00014474670695256356
1257162671702576e-20
0.0005948290162291262
17003354394100515e-21
14432278834733183e-23
10044050608258756e-22
19077341005591095e-21
0.08337007209747609
0.08433283807520796
43501714686278605e-21
0.000212727198819973
0.020037249841417987
0.008230375495483716
0.10150215220308734
0.02064013559400662
27829619141836704e-21
0.16260294005802026
0.04030887664043313
5573481503324464e-22
0.43315956324744515
44589654994001124e-23
0.0037790396611647446
0.0009835312220604587
2299456595310197e-27
0.45137754583008366
0.7530949773588135
0.018458030727493063
0.41636630521911
0.9495787815318054
0.007461825523777326
0.24870002494682888
22332184598138035e-26
4630638508414695e-21
0.0006298182753874984
9121483376473069e-20
0.15418956811954448
864560783115351e-21
0.00011182697292980387
0.2004170831712367
0.0009300381583156526
0.012001880743280506
1220089231447053e-20
0.16404018815564766
0.10855917290870142
0.02173964744421827
3147006067911591e-20
0.00015347293641151667
12006681017540002e-23
0.013880319364351515
0.20234955757306353
833331458685957e-23
11103422537991619e-21
9106418392713747e-21
965115905995266e-19
10586516337110805e-21
0.5302086873578825
0.2003526759697478
0.005182705151746152
0.0015507995992892084
0.043814163362996615
0.005919299703702214
6760862735585288e-20
0.029293979179692613
8324380804228887e-20
0.0007214960989390619
0.0890118463662841
9970388841897328e-22
0.8442888831168412
0.8553922506425684
0.0018315496797459265
0.0005373783165353589
5829910128481172e-24
0.00103187828371416
10390421405427684e-24
0.010389977442419243
0.03025884724791615
0.0009047419573736507
0.000337749786989638
0.00015457385049708408
2618187914696921e-21
0.006162573141199571
0.031664814640684824
0.02196736052113288
11257176073194085e-24
0.9462405636307709
0.07280098710314555
0
0
817859848255007e-19
6662184646848711e-20
1033639271957626e-21
7596610120822933e-22
0.00019352147334071799
0.009853620764538228
0.005420953447512217
15204233902878812e-24
0.0001315163839370719
7328784867105972e-21
0.06018727999172164
0.013597364281331192
0.11328513498233006
3845637317590204e-22
0.06505058832014271
0.007750851293689315
0.00012015833615468023
0.1441692794123797
0.0002965159560162086
1854955945723922e-28
851556615892696e-19
37361708798022984e-22
0.000124731745413694
0.016630731064808918
0.003919668875330482
0.0001635784983933081
0.00015213885534161463
3799874525437961e-24
0.0005147516371135429
0.023511880975078524
13135133738485841e-24
0.0018092510448370325
0.001804177322338658
4418936847315079e-20
0.12325461931817308
4337432264421627e-20
0.555768202852355
0.0019144508260726175
0.23294596999984785
0.003313952485610282
0.0007013835126948826
0.0005696219904074125
4475327050882731e-20
0.6825490430901667
12102140534019506e-21
2156810239884212e-20
0.008373706266194696
0.00648751594589163
2171598524434704e-23
8723791265093478e-20
0.003065299095114072
0.15594608867722506
0.03125904777223745
0.00010012306321771006
0.023592449589452637
0.0003542496774020134
0
0.12914657021913536
0.012499836860381312
0.6077628661014961
0.5175010440992275
0.5632127531261742
0.05544299757869922
0.03068273431181016
0.9016176334715149
0.5897635279249899
0.9254631160716227
0.5015798794510452
0.28501394364143084
0.0007658083509049177
0.01600070309711951
0.1678775204508096
0.41310087937792395
0.16207219724758953
0.0002993248185040126
0.02781319835786544
0.37388631315916143
0.13131214916187997
0.20631336933487737
