27365470459010273e-21
36.4937201535059
143.02156425080958
0
3695.51112154808
0.0034148759908347527
182.7643959724021
0
83.88166248996603
0
754.5385014984487
0
21.269305566972008
0
34.20417784272218
0
27.370017539675185
15.458923972561609
128.8919087599666
941.5382404174194
0.0008575686403660342
59.899965138348755
2.0950022957160255
1.1182592986918032
0
6.460818905134345
0.6547630477353
8.393529609874548
0.006426797901795599
2.882824555375407
59.82659204205877
22.31464001268167
508.141341950365
0.3693599943235144
49.292289390319425
2.808366120331718
9831761611230163e-20
45.460264010357065
61.558558452088576
86.44600241008241
46.288589115449774
0
2.687642078468727
0
268.0046686120552
28.36583571712866
4.209002958782968
0
10.583987538194123
0
1.7855456971847599
11.600776031781503
27.62884223790598
26.56222786828195
18.414145895691487
10.249468721563325
1713.8633935717926
2.075240308577674
0.03797956505367444
0.483739793617784
10.509943961372842
51.67905988816247
0.9939074068943311
2.4288515595151914
0.00041866848726999873
0.0006585626341565082
287.3374386437258
0
267.93505799184464
0
8.939476846730917
0.028564552296344293
308.70160131585135
6.567979563214581
2.716756987185972
0.9922710949515396
2.730669411238571
0
7894682767341511e-20
8.752856092883654
0.11288739402069527
0.0019983931424113733
0.047676345650759996
0.008342667177230152
0.0006543170620166531
0.0017398755287722219
0.25133925693798403
0.6789389687094646
1.1551406635501795
0.03514006394692267
0.010420394745727092
0.10768710618772837
0.02185526177918514
2.3007075591920194
0.034852520428546425
3.439520948641995
0.018338647348423033
0.03888747073542113
10.880411814099315
0.0003293990053188123
0
1.2635083339011044
1.5557605017479994
0.22613381265051216
0
2.7427539277242476
0.04372372522091003
0.0564890873493318
0
0.0013829648097831897
0
0.1342242871961863
1.239267265028714
0
0
0
0
2.655555561588059
0.5656874672743928
1.2163207680529422
5.881218769863234
0.2960687007426568
1.41772480059046
0.0990183045343897
0.4009766137373934
0.0021075229747774637
5.534021891629996
0.0036937206732099936
1.6212591925364115
9046337648754694e-22
0.033813925534582345
1.832043122558407
0.337074244341706
0.6029252640358819
0.2320831019958248
0.8726785892492988
0.1996179611664421
0.0006697189274775297
0.025160619581883148
1.0001289110401224
2.3394632424777946
0.1331004708640724
0.11749888269872409
0.3428237232640193
0.03423935678132004
0.4329495645818812
1192.5640560345953
0.31562821444049766
0.6327021316322107
0.15868481654917502
43.770925587413856
0.30720549799265506
10.333627830973542
1.9907899377906093
2.81359450707222
0.184216990938366
0.4371641204053196
2.396532021147697
4.230932342796067
0.9232324864588568
5.35902842886493
5.572007421773168
6.3336232162618575
1.7593163799901612
3.9820494131504214
0.33179069403795425
43.107392787864605
619.5851771439934
4.0023020001996255
10685.505357661303
1.0999999996357002
23.219062860175153
1.1826267115084952
45.434352080546645
0.8972882960713899
1.313552558102427
87.98266303269061
0.20445070550435862
1.1244983230008232
34.92413941019991
0
0.0012073221064611817
8831568338296246e-23
0
76001145240793305e-50
0.03300070450839974
0.05364747217210299
0.09108437789795788
0.043713972096762685
0.042385426665480216
0.07022655497150623
0.05359906944123433
0.07676791479392017
0.05126955039699566
0.047097587583289975
0.07290328441969195
0.05573843112080142
0.042831431162613134
0.04969722791071812
0.04273880733331786
0.054124440059514285
0.05744314289113321
0.08049366845716002
0.052530372886143296
0.040675954122032586
0.0019047863290117038
0.007503796352806141
0.02351031009929722
0.07836128738674629
0.04356969846766026
0.13157174547862285
9120779911889199e-20
0.010220102714437008
0.31429501940741594
4806127488470618e-21
0.08056439301037174
0.011059614774504373
0.0012712731456373302
5486382222379794e-21
12044248331276248e-22
0.11584411796389935
0.09898467819727466
0.0041620725890809925
0.042431672690777036
0.020714647163952153
0.00581957598659611
0.012268067786375065
0.0004831229014145489
0.6896503370587838
15699130029915863e-25
0.08638143046099261
0.00034203428610185934
0.00973055685162816
0.011047408641049687
0.00015708696859608918
0.00017090496236588364
0.8031666965635185
0.00039366551929981595
0.06055346131922113
0.35140799669769546
13179246160143727e-22
25861727990638684e-22
0.00014474779036018724
12571634889489465e-21
0.0005948473129794394
17003369344039283e-21
14432278942439015e-23
1004405112991861e-21
19077359824998983e-21
0.083731824882267
0.08470302211958848
435018125414635e-19
0.00021272953885757753
0.020058043062873666
0.0082338804823058
0.10203913343878769
0.02066219993720768
27829659190229194e-21
0.16398763377470224
0.040393158138548144
5573481663953028e-22
0.44320132530184075
4458965602210722e-22
0.003779778347210755
0.0009835812461360478
2299456595310469e-27
0.4622979415419909
0.7842642914460155
0.018475673342474238
0.4256318821283147
0.9999726349039725
0.007464706312115991
0.2519615063017723
2233218459839596e-25
4630639617210424e-21
0.0006298387880184322
9121526399765383e-20
0.15543384932525356
8645608217663452e-22
0.00011182761957570892
0.20252700219116818
0.0009300828886868226
0.012009336177315253
1220090001203305e-20
0.16544962863590937
0.1091737581877664
0.021764127254076046
3147011189042123e-20
0.00015347415438659578
12006681092084423e-23
0.013890292612410862
0.20450069114962957
833331459045052e-23
11103428913043652e-21
9106422680816011e-21
9651207224981427e-20
10586522132413523e-21
0.5453741528615156
0.20246122832846153
0.005184094647814982
0.0015509239743334105
0.043913767769831004
0.0059211123364140425
6760886371702815e-20
0.029338454085720587
8324416636662803e-20
0.0007215230181244546
0.08942439867575742
9970389355933665e-22
0.8837683347641332
0.8959553691026131
0.0018317231674727028
0.0005373932495678902
5829910130238685e-24
0.001031933346901171
10390421411010318e-24
0.010395564062591048
0.03030630374484237
0.0009047842875011726
0.0003377556858915476
0.00015457508600884913
26181882691602712e-22
0.0061645378651110135
0.0317167893840336
0.021992356289592327
11257176079746917e-24
0.9962662928730276
0.0730766046909498
0
0
81786330709249e-18
6662207598038324e-20
1033639327204486e-21
759661041923018e-21
0.00019352340991638339
0.009858645272394842
0.005422473657937597
15204233914832343e-24
0.0001315172783411605
7328787644476469e-21
0.06037547744623291
0.013606934847283168
0.11395464350758086
38456373940628783e-23
0.06527051187635088
0.007753959642349471
0.00012015908274350757
0.1452562327519473
0.000296520502501122
18549559457239284e-29
8515603656188291e-20
37361716016128026e-22
0.00012473254991699024
0.016645051401135116
0.003920463570360425
0.00016357988204752832
0.00015214005223382628
3799874526184611e-24
0.0005147653390656375
0.02354051864372193
13135133747407302e-24
0.0018094203336511809
0.0018043456629371515
4418946944648662e-20
0.12404777218833173
4337441992711409e-20
0.5724661809519371
0.0019146403755431517
0.23580374991700875
0.0033145205190092154
0.0007014089519485997
0.0005696387692621768
4475337407565906e-20
0.7080009289369119
12102148107480866e-21
21568126453225296e-21
0.008377334434037249
0.006489693380848805
21715985268732544e-24
8723830618569284e-20
0.003065785075396775
0.15721905734771027
0.03130969739585216
0.0001001235815893765
0.023621284041579083
0.0003542561667414277
0
0.13001776947110844
0.01250792409065769
0.62781743340529
0.5319331891811739
0.5803716079068533
0.05560263579121388
0.030731531339401534
0.946862109711851
0.6086196641820332
0.9732303444264202
0.5151199586922528
0.2893098519368359
0.0007658386783362523
0.01601395833123402
0.16935412074813264
0.42221927459381686
0.16344780867267478
0.00029932945153460314
0.02785328596351464
0.38133201921069804
0.13221296405924413
0.20855030837333713
