36646811634577765e-21
36.301836115987875
142.99857296708575
0
3436.1497536202796
0.003632183065083704
186.34512773602268
0
84.11638914628865
0
781.0253887510997
0
22.430530873977833
0
34.202917269375185
0
27.376903205423698
15.562845039350291
134.4233298693673
917.374291548202
0.0020941163389338224
60.293436443318406
2.0633492525089996
1.1180257770805382
0
6.460633370900873
0.6546289788484948
8.368040966492487
0.006429753211563238
2.8864917111670687
59.6789986925763
22.39748464218298
465.2694383453074
0.37090428099252204
49.59159050021826
2.725210528417206
9397369262645223e-20
45.44971865691899
61.54760437243373
85.70588872983672
46.30553453815988
0
2.6867653120929758
0
267.0491644723709
29.09300691890432
4.377510526038656
0
10.74601960904159
0
2.0848156498534567
11.590539982672928
27.86041336353508
26.81739148754139
18.412950104277314
13.817228711728403
1702.3499247744235
2.074991098179117
0.03911168698641513
0.47830402711152425
10.533139655017406
51.67598455942264
0.9939588378291947
2.425582822672932
0.0005569406127230824
0.0008761626351892804
298.49296461746724
0
268.17274895086194
0
8.850139830889969
0.028608889593919818
307.93817803843285
6.661178734233085
3.0929229903026347
0.9988172518412425
2.7982113805460687
0
783789129600901e-19
8.64363232834649
0.11034855724726608
0.0019928086838440183
0.04767393089280556
0.00833225494708445
0.0006532377249198738
0.0017397968952519317
0.246712538662203
0.6789345520358655
1.1346319367920146
0.042802622452307246
0.010554285612029174
0.10703948046114607
0.021551926885215997
2.300319188799842
0.034184618190241274
3.4388304902817697
0.01793265382144167
0.03802115467810907
10.878405375552003
0.00035689358711799626
0
1.263524395766497
1.5555268130399127
0.2261205908149877
0
2.7427254223938884
0.042657462655549455
0.05637450826427128
0
0.0015989718594204014
0
0.13422418535570638
1.2392609728486068
0
0
0
0
2.574828058325025
0.5656983487758936
1.216179140806496
5.881038992380678
0.2960833257080252
1.4020229924753225
0.09903034556881322
0.40088828247480873
0.0023220430898210354
5.533288227118003
0.003693888277228227
1.6213052961686643
9046365850533628e-22
0.033892997719670546
1.832272767950254
0.33169320474539005
0.5985100777132281
0.22922531388842732
0.8726614586351997
0.19961952127921187
0.000650916918878942
0.024650728160616704
1.0000851641264614
2.3388691300650453
0.13310478231583386
0.11536873903450419
0.33525771443966085
0.03351337657584058
0.4222043384888131
1178.3162077465502
0.3179480641133067
0.6327007377418279
0.15860244622575648
43.75152859638559
0.30224464569986237
10.096334298679903
1.9907949281452504
2.813575695630475
0.1842229530174269
0.4282545795822721
2.396542131830484
4.230885208928242
0.9232511731809748
5.252380033081463
5.434929316311178
6.208653742014451
1.8981814239673536
3.879968386462731
0.32609579805657435
42.247625788994355
619.5851738682393
4.002301998537183
10685.43513995825
1.0999999995121434
23.219062855527135
1.1826266195558224
45.43434934389626
0.931772495921717
1.330914194169618
87.24100082755707
0.2051200490837843
1.1244979962222452
35.72073237485115
0
0.0011855542509729795
11718324993250602e-23
0
17545544767651356e-47
0.032027252883105574
0.0520646488029325
0.08846452049854854
0.04246052022449546
0.04150444147785482
0.06817861815384944
0.05201782118612971
0.07453817254922962
0.04975699001972992
0.04571898228089013
0.07075248963341796
0.054093842000582475
0.04158776406873653
0.04824730474704692
0.04150463576572439
0.05257695658179336
0.05577760617507594
0.07812052996219354
0.051017250082961006
0.03947584945806617
0.0019047862953370388
0.007503795830201948
0.023510304969175326
0.0783612303946495
0.04356968084870002
0.13157158480769254
9120779904168176e-20
0.01022010174499606
0.3142941025773709
4806127488256231e-21
0.0805643327685896
0.011059613639256108
0.0012712731306374254
5486382222100422e-21
1204424833114161e-21
0.11584399340927536
0.09898458725880002
0.004162072428301713
0.04243165598019946
0.020714643181358273
0.005819575672260574
0.012268066389481901
0.00048312289924821214
0.6896459226205015
1569913002991564e-24
0.08638136120579497
0.00034203428501605883
0.009730555972835902
0.011047407508305913
0.00015708696836705987
0.00017090496209478954
0.803160709276907
0.00039366551786146293
0.060553427287079416
0.35140685055818044
13179246159982518e-22
25861727990017928e-22
0.00014474779016572533
12571634888022584e-21
0.0005948473096952986
1700336934135591e-20
14432278942419684e-23
10044051129824976e-22
19077359821621074e-21
0.0837317598104885
0.08470295552953175
4350181252389941e-20
0.00021272953843756105
0.020058039328755526
0.008233879853060564
0.10203903680138081
0.020662195974755257
2782965918304089e-20
0.1639873841804646
0.040393142995030926
5573481663924197e-22
0.44319950217362614
4458965602192267e-22
0.0037797782146107802
0.000983581237156981
2299456595310469e-27
0.46229595791860734
0.7842585826653096
0.018475670174282408
0.42563020068108876
0.999963353859852
0.0074647057949424915
0.2519609170761604
2233218459839592e-25
4630639617011404e-21
0.0006298387843365528
9121526392043097e-20
0.15543362509021466
8645608217594074e-22
0.00011182761945964189
0.20252662149491302
0.0009300828806579595
0.012009334838721296
1220090001065141e-20
0.1654493745714225
0.10917364756402664
0.021764122857713845
314701118812293e-19
0.00015347415416798007
1200668109207104e-22
0.013890290821666207
0.2045003029971938
8333314590449876e-24
11103428911899394e-21
9106422680046336e-21
9651207216336246e-20
10586522131373319e-21
0.5453713922504618
0.20246084787944107
0.005184094398380418
0.001550923952008395
0.04391374987149848
0.005921112011014155
6760886367460354e-20
0.029338446096848287
8324416630231212e-20
0.0007215230132926306
0.0894243244552914
99703893558414e-20
0.8837610854597823
0.895947918484006
0.0018317231363318546
0.0005373932468875176
5829910130238369e-24
0.0010319333370175966
10390421411009312e-24
0.010395563059577131
0.030306295220184076
0.0009047842799031454
0.0003377556848327424
0.00015457508578708583
2618188269096648e-21
0.0061645375124058256
0.03171678004741783
0.021992351800541942
11257176079745738e-24
0.9962570805015133
0.07307655512674073
0
0
8178633064716605e-20
6662207593918802e-20
103363932719457e-20
7596610419176621e-22
0.00019352340956878494
0.009858644370314298
0.005422473385036242
15204233914830195e-24
0.0001315172781806231
7328787643977957e-21
0.060375443613857625
0.013606933128854607
0.11395452298292069
3845637394049151e-22
0.0652704723355539
0.007753959084319036
0.00012015908260950164
0.14525603692082004
0.0002965205016850656
18549559457239284e-29
8515603649457878e-20
3736171601483246e-21
0.00012473254977258917
0.01664504882966677
0.003920463427705876
0.00016357988179917468
0.00015214005201899487
37998745261844765e-25
0.0005147653366062366
0.02354051350040811
13135133747405704e-24
0.0018094203032640508
0.0018043456327202286
44189469428362853e-21
0.1240476293680453
4337441990965272e-20
0.5724631392541771
0.0019146403415191663
0.2358032338400387
0.003314520417043964
0.0007014089473824164
0.0005696387662504898
4475337405706978e-20
0.707996276447645
121021481061215e-19
21568126448907762e-21
0.008377333782675089
0.006489692989954666
21715985268728163e-24
87238306115057e-18
0.003065784988161089
0.15721882793225878
0.03130968829737337
0.00010012358149633351
0.02362127886291222
0.0003542561655766431
0
0.13001761257309566
0.012507922638608482
0.6278137750685737
0.5319305629668616
0.5803684816203047
0.055602607096490335
0.03073152257384604
0.9468537883662752
0.6086162261596153
0.9732215531562795
0.5151174958727971
0.2893090750817046
0.000765838672892663
0.01601395595106234
0.1693538545506491
0.422217620001456
0.16344756071899647
0.0002993294507030125
0.027853278762994187
0.38133066956104616
0.13221280181842676
0.20854990469590712
