0.06886256010077972
35.38105699357175
40.32291630907692
0
40.78639862755448
0.00028807604822160164
41.0141093985012
0
41.6329281913763
0
81.33384944663047
0
27.023329037014637
0
29.61562547510119
0
36.27835899119073
11.19457684449017
22.49133387403906
0.16147458588673252
4079494943365787e-30
2.1728276281546077
1.908342400705068
0.1514171936707677
0
4.707815585302369
0.04609208926269585
0.39623164886715256
0.0070169105024967164
3.7817100109211417
3.4407951794428495
0.42044948166232055
0.12689705767067286
0.993420405437735
0.7016336024238092
0.16265628379394342
10632267794284412e-22
5.139763851225372
5.85994561927342
0.000525289807505767
0.03765532383323852
0
1.2409064895802284
0
8.605871989683456
11.903284894390513
4.471254750907388
0
11.035780937669
0
0.17514444970416876
0.012414455676368112
33.206345547765665
32.94022314847275
19.068703821676294
89.33367137053557
61.66315052325889
0.11029585710407397
0.0019002090147056652
0.009042079611168182
19.387737430544767
35.403966653756896
1.1677903219563774
0.11900466713268805
0.024425573814953645
0.24961748896506847
15.793606732237922
0
15.757355807054607
0
12.53055837791168
0.002057673249899538
0.0020570168572024926
15.681173877362859
0.5449232341749964
1.2803517796325474
2.9619081928832225
0
3348983010196546e-20
0.0007890212874243751
0.08180343665524822
0.01266601828661273
0.0022175230473629472
0.004837655170847022
0.0014522080447356954
0.0008847217770354914
0.951209310257917
0.6500538100949362
0.09053164680578528
0.2373678152579479
0.00010947745939776078
0.11850511318425783
0.010940032114152839
1.3802310833596323
0.08900171342646089
0.17475775070224717
0.02633397106817941
0.027604068178912696
0.8580137966026624
0.0014715722470672427
0
1.2425674170184693
0.8396497544398942
0.010038448350480076
0
2.3389576931264116
21849350372868428e-21
0.006027672206997107
0
0.0028199465108110617
0
0.13348404544648027
1.1976476108123049
0
0
0
0
0.1396548686619047
0.5835910800174856
0.8018366269801515
4.289643201526786
0.37321832450970205
1.1719077167042873
0.13113316209419337
0.01863948919471987
0.07475141209631449
1.391377026967961
0.003993384043501483
1.7051440396884336
9229699359254887e-22
0.05118735600394006
1.8122004225155692
0.4068851792957719
0.2960196271643111
0.0031089876124976478
0.7446381509161484
0.20970913312461262
0.003729521760069416
0.018721593028914955
0.7868400466309866
2.0104877918581714
0.1625100125362778
0.09530525338941048
0.2957372523273036
0.0162180301370952
0.3603076160683892
0.36000754984844774
0.4218586224668044
0.6254388220373165
0.11493280302943544
2.620104613344888
0.28169491216815
9.086581964885333
1.9977487890993215
2.727936723118303
0.1941104075354562
0.3898128649027754
2.410421006486222
4.0204651163373395
0.9543579144524058
4.627244146865512
6.381806138258571
2.240535052524017
2.243692510524758
2.888403036299278
0.329071190016073
30.501797702460454
619.5608829443785
4.0022896706981745
10177.219677263216
1.099999083276994
23.219028388107745
1.181944939810701
45.41406020739248
1.2872366957820254
1.3970268903194083
1.0999980760108456
0.9499259024823807
1.1220774310097248
2.1600680358519475
0
0.001131258365393679
0.0001911619815291064
0
0.0019126495951824138
0.01895903131899339
0.029215272178655098
0.04662661865524574
0.024672052546143925
0.025224089080181217
0.03783737219853334
0.026491716751486604
0.039224855617990495
0.027625212203526917
0.025974752341047146
0.04053344302733954
0.03018708756317055
0.023760005707023024
0.02849820279592253
0.023788268110499697
0.027777118304748473
0.03177912584704242
0.050424213315530535
0.030967202990081967
0.022284333172612664
0.001904536596763498
0.0074999214523083476
0.023472293245828293
0.07793974249653812
0.04343922293435786
0.13038550645688537
9120722649016035e-20
0.010212915370419576
0.3075683540533803
480612589845627e-20
0.08011884541018184
0.011051198393753497
0.001271161903505284
548638015041398e-20
12044247332726018e-22
0.11492402973240076
0.09831252394979773
0.004160880338111632
0.04230791925495025
0.02068513124707998
0.005817245179585231
0.012257712081574806
0.0004831068350144248
0.6576754681323783
1569913002821935e-24
0.08586932215965239
0.00034202623334249387
0.00972404145871734
0.011039010824288082
0.0001570852700062712
0.0001709029518044943
0.7599669409478932
0.0003936548518792066
0.060301586699242064
0.34300960912316586
13179244964527826e-22
2586172338674204e-21
0.00014474634813768175
12571624010366793e-21
0.0005948229566035022
1700334944279322e-20
14432278799061772e-23
10044050435488827e-22
19077334772745163e-21
0.08325060708558535
0.08421059281773306
4350168227740659e-20
0.00021272642382233275
0.020030368031548652
0.008229214998449398
0.1013249316190204
0.020632833240332143
27829605878115146e-21
0.16214692194716862
0.04028100200940457
557348145012546e-21
0.42988421553208406
44589654653500005e-23
0.0037787950455816376
0.000983514655013882
2299456595310106e-27
0.4478179583932283
0.7430474654466577
0.01845219133721856
0.4133422951569395
0.9334549652185986
0.007460871672878027
0.2476291797325122
2233218459805261e-25
4630638141189734e-21
0.0006298114819016501
9121469127518526e-20
0.15377967098117815
8645607703144232e-22
0.00011182675876624085
0.1997231502682838
0.0009300233444185771
0.011999412578556216
1220088976509528e-20
0.16357604362598832
0.1083563903971432
0.021731545981712754
3147004371832503e-20
0.00015347253302922258
12006680992851403e-23
0.01387701787643042
0.20164211769728674
8333314585670282e-24
11103420426621889e-21
9106416972526135e-21
9651143108100909e-20
10586514417749693e-21
0.5252795420231293
0.19965919097731855
0.0051822450429288534
0.0015507584093843257
0.0437812249403776
0.005918699495356352
6760854907494502e-20
0.029279264283855178
8324368936823233e-20
0.0007214871837234301
0.088875632055157
9970388671652263e-22
0.8316062959961689
0.8423670335379121
0.001831492225503814
0.0005373733709158388
58299101278991e-22
0.001031860047837634
10390421403578773e-24
0.010388127856640996
0.030243146390823913
0.000904727938382037
0.0003377478333392441
0.0001545734413068142
26181877973012645e-22
0.0061619225770775015
0.0316476197685617
0.021959088369867145
11257176071023834e-24
0.9302324770717617
0.07270993392370476
0
0
8178587027165922e-20
6662177045600252e-20
10336392536602687e-22
7596610021992651e-22
0.0001935208319653145
0.009851957248900053
0.005420450058911331
15204233898919866e-24
0.00013151608771832978
7328783947261435e-21
0.06012507978113415
0.013594196064128811
0.11306426690654409
3845637292263013e-22
0.06497791472169495
0.007749822106085674
0.00012015808889095174
0.1438110844217465
0.0002965144502690741
18549559457239156e-29
8515553740145055e-20
37361706407439674e-22
0.0001247314789692389
0.016625990990725724
0.003919405713669444
0.00016357804013974523
0.00015213845894175676
3799874525190682e-24
0.0005147470992077708
0.023502404070888203
13135133735531098e-24
0.001809194981113322
0.0018041215726277318
44189335031572404e-21
0.12299305242979908
433742904248812e-19
0.5503460283131355
0.0019143880528131178
0.23200714977127615
0.003313764378569502
0.0007013750876037778
0.0005696164334825627
44753236208304086e-21
0.6743229023165651
12102138025745605e-21
21568094432212495e-21
0.008372504990000086
0.006486794956443848
21715985236270807e-24
872377823154968e-19
0.003065138158986637
0.1555267669637687
0.031242291056382154
0.00010012289153740259
0.023582907591328292
0.0003542475282065363
0
0.1288593241739725
0.012497159581789253
0.6012631758968054
0.5128080684500226
0.5576424434086092
0.05539022767132795
0.030666590179994006
0.8871147553131258
0.5836481956752524
0.9101655499802328
0.4971744251564659
0.283605278839272
0.0007657983069465449
0.015996315479738496
0.16739132484607885
0.4101245546419878
0.1616191617625824
0.0002993232840940244
0.02779993435907415
0.37145253844560466
0.13101516089875756
0.20557781340415515
