0.06984924012465636
35.40748567574962
40.047413762580284
0
40.50959125134626
0.00028584896623058063
40.72344177592548
0
41.30338474146233
0
81.41456740144618
0
26.97410803089013
0
29.586212812266766
0
36.33571149476437
11.278532199023779
22.52105695855475
0.16166857588751388
3792165652900748e-30
2.1712311465536045
1.9138394258592748
0.15007688726129445
0
4.678984925685879
0.045606396726135305
0.39594181818684576
0.007016793787507177
3.7794305839157096
3.4383061662240353
0.41968497613086814
0.12582182223256422
0.992466181765237
0.7003171027092516
0.16190915699954184
105947182018387e-20
5.093994131495823
5.771109387456111
0.0005257834203923622
0.03345205821931912
0
1.235618033200305
0
8.52728476008104
11.72244542981842
4.470882649304276
0
10.965998850609813
0
0.17532021857305988
0.012395556689946217
33.20566863792046
32.94022231503223
19.070128203096967
89.33082252938473
61.66284550217647
0.11036328429279728
0.0019058651311796514
0.009042012253547319
19.382291011641772
35.38481017350559
1.1666373376242087
0.11935052409249079
0.0246862057104303
0.25119770738482466
15.81500632811407
0
15.779521695085396
0
12.552597464612308
0.0020625023576459353
0.00206183591610652
15.678722185281055
0.5454625896110783
1.2807524540515864
2.9613117984558563
0
33914786800660215e-21
0.0007878970891942196
0.08185655830423574
0.012789452193539377
0.002221982134879052
0.004779451703725274
0.0014479841373363361
0.0008830003866305597
0.9588932809224261
0.6496810631931319
0.09073465651605979
0.23739806938446242
0.00010988040182499258
0.11802004294311308
0.010830688832508631
1.3693484486918
0.08926757181560685
0.17478235348608548
0.026409555732112032
0.027490013016918908
0.8543324701575733
0.0014725019107612982
0
1.2422261796982685
0.8383730652596153
0.010057925470277555
0
2.333678131079911
21850449067197327e-21
0.0060357018949209595
0
0.0028037286873602188
0
0.1334748000698378
1.1970897211812845
0
0
0
0
0.14082723431375954
0.5834296196763247
0.7967681395542461
4.263586231049189
0.3739689917810589
1.171655761327232
0.13129838124556456
0.01865634102124911
0.07513645777698272
1.3800050895087521
0.003992481967755282
1.7047819852794601
9232048999886126e-22
0.050927877589460525
1.804046268487278
0.4075843219100071
0.2928222839803493
0.0031086362171733302
0.7429742642975369
0.2098338810343061
0.0037785564609451668
0.01873287964599467
0.7845027635054821
2.006181806884085
0.1629006502533981
0.09542861579295839
0.2965074709982893
0.016077473436053816
0.3612447975662363
0.3609525853567523
0.4221691707421996
0.6253408379076609
0.11433235742374082
2.615079205814246
0.2822441923523082
9.114315143631757
1.9977399206740938
2.7272736774859547
0.19401521143891642
0.3908805213704095
2.410398578518536
4.018866806400344
0.9540865263149637
4.6393205279382
6.40956934414381
2.245197278840568
2.2442608539378757
2.894743036769601
0.3302103353650564
30.54784901500406
619.5605347195367
4.002289493968032
10170.112518125872
1.0999990701419622
23.21902789398733
1.181935170189178
45.41376941065359
1.2873782539981309
1.3970273285293175
1.0999980628727462
0.9514187567467954
1.1220427679922362
2.1723582597401703
0
0.001133615912203678
0.00019357361907134906
0
0.0019443964053206856
0.01893225614231651
0.02915201100022731
0.04648759665907678
0.02462399455168977
0.025157836744008538
0.03774506783475756
0.026407029592554337
0.039103641098445135
0.0275625150542653
0.02592338830696848
0.04045986224492434
0.030120440632370352
0.02371344700080012
0.02845110934530562
0.023742269387685512
0.027689484498367355
0.03171586271968832
0.05039800636276244
0.030925884919036358
0.022239262127332435
0.0019045330173527498
0.007499865924239326
0.023471748761407823
0.07793371660921414
0.043437355548263216
0.13036858095076534
9120721828215666e-20
0.010212812384165666
0.3074729884237828
4806125875665092e-21
0.08011247689991417
0.011051077800372027
0.0012711603090372384
5486380120714537e-21
12044247318412853e-22
0.11491089450107955
0.09830292258157863
0.0041608632509325975
0.042306148006154676
0.020684708473378062
0.005817211776708601
0.01225756370701755
0.00048310660472338293
0.6572280873011015
15699130028195034e-25
0.08586200374047474
0.0003420261179160471
0.009723948099143054
0.01103889049684784
0.00015708524565890848
0.0001709029229853861
0.7593649164014903
0.0003936546989750676
0.060297983968591956
0.34289069781705167
1317924494738993e-21
2586172332075003e-21
0.00014474632746504544
12571623854426093e-21
0.0005948226074877532
17003349157529986e-21
14432278797006608e-23
10044050425534907e-22
19077334413647727e-21
0.08324372947857225
0.08420355521374859
4350168041021135e-20
0.0002127263791719146
0.02002997161683583
0.008229148142873056
0.10131473071251444
0.02063241260322496
27829605113942874e-21
0.1621206880411756
0.04027939663536253
5573481447060466e-22
0.42969626688810447
44589654633882467e-23
0.0037787809528480884
0.000983513700533049
2299456595310101e-27
0.447613734642417
0.7424726920879166
0.018451854964456633
0.41316874132748505
0.9325343980785167
0.007460816721685602
0.2475676250122447
22332184598047689e-26
4630638120032536e-21
0.0006298110905058286
9121468306583797e-20
0.1537560885046635
8645607695769141e-22
0.00011182674642749182
0.19968324348774538
0.0009300224909419117
0.01199927039384719
12200889618216279e-21
0.16354934257534975
0.10834471888752645
0.021731079318237506
314700427411509e-19
0.00015347250978889663
12006680991429e-20
0.013876827689325693
0.20160143488364338
8333314585601764e-24
11103420304978017e-21
9106416890703838e-21
9651142189056045e-20
10586514307168153e-21
0.5249969557837559
0.19961930993150592
0.005182218535588568
0.0015507560363136315
0.043779327989616625
0.005918664916969513
6760854456489277e-20
0.029278416729062003
8324368253098254e-20
0.0007214866700879672
0.08886779059446591
997038866184381e-21
0.830881436718005
0.8416226739800536
0.0018314889154055782
0.0005373730859816418
5829910127865564e-24
0.0010318589972106009
1039042140347225e-23
0.010388021305138714
0.030242242054144688
0.0009047271307022687
0.0003377477207825036
0.00015457341773186982
26181877905376632e-22
0.006161885097744802
0.03164662939237916
0.021958611875298975
11257176070898798e-24
0.9293184866009323
0.07270469148141921
0
0
8178586367179012e-20
6662176607664244e-20
10336392526060898e-22
759661001629867e-21
0.00019352079501335046
0.00985186141611722
0.005420421058240986
15204233898691776e-24
0.00013151607065208372
7328783894265765e-21
0.06012149815408463
0.013594013553812985
0.11305155500054315
3845637290803819e-22
0.06497373019911849
0.007749762814913502
0.00012015807464518174
0.1437904746074802
0.00029651436351759943
1854955945723915e-28
8515553024653268e-20
37361706269709258e-22
0.00012473146361839757
0.016625717938545448
0.003919390552483076
0.0001635780137380877
0.00015213843610371416
3799874525176435e-24
0.0005147468377633153
0.023501858187488726
13135133735360864e-24
0.0018091917511260556
0.0018041183607314685
4418933310487913e-20
0.12297799950883895
4337428856860589e-20
0.5500352532512989
0.0019143844362742536
0.23195317625745665
0.003313753541346703
0.0007013746022059438
0.0005696161133290509
4475323423212383e-20
0.673851995690915
12102137881234608e-21
21568093973225344e-21
0.008372435785249344
0.006486753419994332
21715985235805505e-24
872377748063921e-19
0.0030651288871136064
0.15550264265648625
0.03124132591320749
0.00010012288164626882
0.023582357958826034
0.0003542474043837674
0
0.12884279433645549
0.01249700535125717
0.6008908294048505
0.5125389889390766
0.5573232007861983
0.055387188930835725
0.030665660315194763
0.886286333986709
0.5832978068064487
0.9092919443406088
0.49692179263803415
0.2835243328523945
0.0007657977282806606
0.015996062729397756
0.1673633562427905
0.40995373228092896
0.16159309931424704
0.0002993231956911825
0.027799170363386107
0.37131280326168714
0.13099807077623987
0.20553551526997013
