0.08171896884380216
35.675389639009936
37.76968419466734
0
38.21617815395914
0.0002679016897876722
38.31407096181967
0
38.578439351107725
0
82.23182907669047
0
26.424528358076874
0
29.21519380877158
0
36.98258073101607
12.163461277987727
23.02659454556661
0.16364011883247723
2087380742337743e-30
2.148575818139982
1.9710268456519044
0.1391694442646489
0
4.329097196510325
0.04098725316963491
0.3925404968968547
0.007015404188135239
3.751510289184621
3.4090934071645957
0.4119302015037547
0.11669100643176292
0.9808580649813603
0.6868644714694017
0.15263917800073928
1046686256471474e-21
4.632355017451821
5.0057166120428604
0.0005314925777061743
0.008284871342473153
0
1.1863066746795843
0
7.754942489296733
9.920292759492503
4.466401243892757
0
10.195114860030396
0
0.1771073798597952
0.01220077575191862
33.19752660744699
32.94021239601229
19.080304709221778
89.29591302713892
61.65918257567993
0.11094436105098493
0.0019876750665618103
0.009041182033273072
19.32475937102045
35.35267237655335
1.1531773789913977
0.12320680113222014
0.02765410136604667
0.2706007262101629
16.027327565650477
0
16.000881554610373
0
12.777200747924937
0.0021152315364771504
0.0021145089436472616
15.64934734941954
0.5509758801332766
1.2846368218002497
2.9541454307571144
0
38809402876282364e-21
0.0007764297699304097
0.08213893880414717
0.014214496176280338
0.002269553574248071
0.004205361521590989
0.001415271073461636
0.0008688018255782268
1.04391055005985
0.6452549297889179
0.09263626845396296
0.23743060682496872
0.00011412956232194318
0.11225379526701039
0.009687388200251864
1.2442871027753761
0.09189337376691119
0.1746501597490302
0.02717040738498345
0.025990056028832382
0.8087985961785821
0.0014800868146119504
0
1.2381106321246689
0.8288930097360115
0.010265449422172486
0
2.271150730302424
21823849027572044e-21
0.006113327120466989
0
0.0026305828410414234
0
0.1333647703667756
1.1903905465797846
0
0
0
0
0.15173032797008637
0.5813321806481458
0.7378486143085984
3.945766593529547
0.3824019352856921
1.1652170886751145
0.13324297461832654
0.018828733800769624
0.07895123124746087
1.2600900949546003
0.003979225504692936
1.6995285836752616
9259656568771376e-22
0.04783772229171321
1.7055287332615796
0.41424389813980017
0.25478770383990834
0.0031039646095084427
0.7233618137327615
0.21129487286563414
0.0043525728054802145
0.018813048371372054
0.7576718719357552
1.9547900681990462
0.16752885644744767
0.09656178796773385
0.3043138796808289
0.014308932207987563
0.3705192523449487
0.37032162224500226
0.42584655334549437
0.624174718835589
0.10720455581291437
2.548128417547149
0.2878216087499177
9.403511116384102
1.9982405247667443
2.722054929423831
0.19278445820051585
0.40197431440950465
2.4113700360192123
4.0062879810772944
0.9505556603552325
4.754432811595209
6.689830584325545
2.3211778846908246
2.2516582389419266
2.9459560334981414
0.34262744711961207
30.9344241069137
619.5563456013108
4.0022873679107525
10085.001619013854
1.099998912127971
23.21902194973561
1.1818176482876108
45.41027128124051
1.2888925879507762
1.3970315418798909
1.0999979048218012
0.966668805093668
1.1216258569322137
2.316517705005325
0
0.0011569674636999845
0.0002225210561742935
0
0.0023278415678602347
0.0184673238437988
0.028181631261177283
0.044508654162456376
0.023868439509883883
0.024223995274749808
0.03636912709754277
0.025238996514971992
0.037389049143814496
0.026612629496994018
0.025118924177662937
0.039279590675102255
0.02910297751804256
0.022983281326918074
0.027663961200492682
0.023019276497780083
0.026455209600167708
0.030728400852232534
0.04968870659423221
0.03019384870791273
0.02153673673856593
0.0019044899576846587
0.0074991979555887565
0.02346519962129051
0.07786126188368633
0.04341489724469482
0.13016513977783167
9120711954019615e-20
0.010211573544257727
0.3063280578505415
4806125601487974e-21
0.08003590359131119
0.011049627169033197
0.0012711411277950577
5486379763431223e-21
1204424714622593e-21
0.11475299570810482
0.09818749189777917
0.004160657698221977
0.04228484575149894
0.0206796231966197
0.005816809956217066
0.01225577890665738
0.00048310383433821427
0.6518699026291904
15699130027902493e-25
0.08577401226442123
0.00034202472934268533
0.009722825056737137
0.011037443064432363
0.00015708495276121965
0.00017090257629282876
0.7521598495728445
0.0003936528595478839
0.060254660101798634
0.34146342540029634
13179244741221624e-22
25861722526868337e-22
0.00014474607877413157
12571621978464689e-21
0.0005948184076526632
17003345725822905e-21
1443227877228307e-22
10044050305789577e-22
1907733009371774e-20
0.08316103660678571
0.0841189391474034
43501657947919396e-21
0.0002127258420295654
0.02002520337551674
0.0082283439150236
0.10119209459742796
0.020627353024503987
2782959592097688e-20
0.1618054274599762
0.04026008905144299
55734814101887e-20
0.4274416807284911
44589654397884096e-23
0.003778611421839255
0.0009835022182321529
2299456595310039e-27
0.4451642167392236
0.7355929344193435
0.01844780889158323
0.4110865968927956
0.9215309012038264
0.007460155692340957
0.2468283218460174
22332184597988486e-26
46306378655121295e-22
0.0006298063820458412
9121458430771381e-20
0.15347267535425851
8645607607047028e-22
0.0001118265979928475
0.19920379069836405
0.0009300122237066636
0.011997560048444097
12200887851266818e-21
0.16322847119393652
0.10820440949798697
0.021725466157095065
31470030985780106e-21
0.0001534722302088042
1200668097431755e-22
0.013874539948895974
0.20111266478400935
833331458477748e-23
11103418841606284e-21
9106415906384306e-21
9651131132982973e-20
10586512976875892e-21
0.5216093438152529
0.19914016612481453
0.0051818996637701085
0.0015507274886346798
0.04375651417411898
0.00591824895592875
6760849030913373e-20
0.029268222595040486
8324360027913298e-20
0.0007214804910986494
0.08877351228251283
9970388543848433e-22
0.8222107632353324
0.8327194370805994
0.001831449095499915
0.0005373696582443244
5829910127462136e-24
0.001031846358285272
10390421402190782e-24
0.010386739579671617
0.03023136503235201
0.000904717414397336
0.00033774636673150263
0.00015457313412633441
26181877091717596e-22
0.006161434240453079
0.03163471762776528
0.021952880471380117
11257176069394618e-24
0.9183933405198756
0.07264165468724847
0
0
8178578427562028e-20
6662171339310537e-20
1033639239924351e-21
7596609947800265e-22
0.0001935203504829732
0.00985070862390272
0.005420072193276813
15204233895947872e-24
0.00013151586534587006
7328783256729597e-21
0.06007842801485402
0.013591818152660681
0.11289874315130105
3845637273249764e-22
0.06492341164358433
0.007749049579584454
0.00012015790326916271
0.14354277057840076
0.00029651331990215873
18549559457239105e-29
8515544417314978e-20
3736170461281688e-21
0.00012473127894842165
0.01662243348110688
0.003919208168498676
0.00016357769612733664
0.00015213816136307027
37998745250050485e-25
0.0005147436926053943
0.023495292221517503
13135133733312958e-24
0.0018091528949358395
0.0018040797221716455
44189309926828105e-21
0.12279705768299833
433742662376802e-19
0.5463103649775067
0.0019143409299643586
0.23130485989048574
0.003313623172685262
0.0007013687629120554
0.0005696122619067792
4475321045874623e-20
0.6682127120429254
12102136142772129e-21
21568088451625545e-21
0.008371603299171387
0.006486253758697144
21715985230207924e-24
8723768447215657e-20
0.003065017348979609
0.15521272113424414
0.031229717608604293
0.00010012276265632657
0.023575746901526248
0.00035424591480326086
0
0.12864410703612392
0.012495150112125286
0.596429544149549
0.5093130156556955
0.5534970162558884
0.055350646044209036
0.030654476281335538
0.8763808763942545
0.5790990901860638
0.8988479840325407
0.4938926740013662
0.2825523640859017
0.0007657907669830914
0.015993022463967336
0.16702726088390235
0.407904312649886
0.16127989810373355
0.00029932213220990506
0.027789981165413907
0.3696359077273378
0.1307926517938964
0.20502735166404779
