0.08171896884380216
35.675389830927095
37.76968467621012
0
38.216178141571774
0.0002679016977233467
38.31407193449762
0
38.578442430869536
0
82.23182931218088
0
26.4245279239929
0
29.215193847224793
0
36.98258070859928
12.163461276308897
23.026594961518413
0.16364011771520143
2087381371792888e-30
2.1485758296502167
1.9710268886110143
0.13916944861976163
0
4.329097195530254
0.04098726002420545
0.39254049785849643
0.007015404188125333
3.7515102892131895
3.4090934154266583
0.41193020340718783
0.11669101480868725
0.9808580649803237
0.6868644746199394
0.152639189311066
10466862551276782e-22
4.632355770752714
5.005717859603112
0.0005314925701065827
0.00828530532660474
0
1.1863067007454222
0
7.75494230476239
9.920292819817618
4.466401243895593
0
10.195114858068925
0
0.1771073803898997
0.012200775432227095
33.19752660744684
32.9402123960121
19.080304708439332
89.29593250110923
61.65918257568452
0.11094436133227799
0.001987675921547947
0.009041182033308004
19.324759371834414
35.35267284045118
1.1531773779130787
0.12320680255329569
0.027654101449765982
0.2706007330570707
16.027327755551415
0
16.0008817763354
0
12.777200852223846
0.00211523156160462
0.0021145089739422708
15.649347349265906
0.5509758816763507
1.2846368215006387
2.9541454307561055
0
388094038491155e-19
0.0007764297495677187
0.08213894060023486
0.014214496226075547
0.002269553601211311
0.004205361405406021
0.0014152710286067984
0.0008688018406327323
1.0439105695983901
0.6452549298008283
0.09263627042914821
0.23743060610180783
0.00011412956362922179
0.11225379730400031
0.00968738845742846
1.2442871024526458
0.09189337509665735
0.17465016045746834
0.027170407930657205
0.02599005661131754
0.8087985982779798
0.001480086806620406
0
1.2381106320905657
0.8288930240725247
0.010265449544504495
0
2.271150730413964
2182384909082101e-20
0.00611332713570717
0
0.0026305827130876556
0
0.13336477036805425
1.1903905466256073
0
0
0
0
0.15173034174991543
0.5813321805373527
0.7378486142396229
3.945766593583907
0.3824019352849318
1.165217101814499
0.13324297452639328
0.01882873385734422
0.07895123133245456
1.2600901244620535
0.00397922550247785
1.6995285828997422
925965656879351e-21
0.047837722360090706
1.705528734007486
0.41424390519483323
0.2547877061874682
0.003103964609400557
0.7233618136676726
0.21129487286572282
0.004352572920012084
0.018813048723828957
0.7576718719137729
1.9547900687570405
0.16752885644837434
0.09656178969685263
0.30431388622162475
0.014308932529289761
0.3705192612406524
0.37032163352460923
0.42584655333535276
0.6241747188356048
0.10720455580131129
2.5481284252338496
0.2878216134620041
9.40351132560842
1.9982405238495355
2.72205492678208
0.19278445813723763
0.4019743224090029
2.4113700341441207
4.006287974740797
0.9505556601649074
4.754432919726385
6.68983075627681
2.3211779473886422
2.25165745227
2.945956127693733
0.34262745294673314
30.934424745798648
619.5563456013108
4.0022873679107525
10085.001619013854
1.099998912127971
23.21902194973561
1.1818176482876108
45.41027128124051
1.2888925879619724
1.3970315418798902
1.099997904821803
0.9666688050922135
1.1216258569322137
2.3165186360290027
0
0.0011569674838009523
0.00022252105553319568
0
0.002327841558050764
0.018467324406440944
0.028181632118430475
0.04450865550177824
0.023868440215473668
0.02422399582203583
0.036369128190403124
0.025238997273447004
0.037389050267690245
0.02661263030796712
0.025118924938051818
0.039279591872692546
0.029102978404981654
0.022983282017680347
0.027663962038164742
0.023019277186256223
0.02645521038555885
0.03072840177535023
0.049688708073876035
0.030193849611031873
0.02153673739522637
0.0019044899576846587
0.0074991979555887565
0.02346519962129051
0.07786126188368633
0.04341489724469482
0.13016513977783167
9120711954019615e-20
0.010211573544257727
0.3063280578505415
4806125601487974e-21
0.08003590359131119
0.011049627169033197
0.0012711411277950577
5486379763431223e-21
1204424714622593e-21
0.11475299570810482
0.09818749189777917
0.004160657698221977
0.04228484575149894
0.0206796231966197
0.005816809956217066
0.01225577890665738
0.00048310383433821427
0.6518699026291904
15699130027902493e-25
0.08577401226442123
0.00034202472934268533
0.009722825056737137
0.011037443064432363
0.00015708495276121965
0.00017090257629282876
0.7521598495728445
0.0003936528595478839
0.060254660101798634
0.34146342540029634
13179244741221624e-22
25861722526868337e-22
0.00014474607877413157
12571621978464689e-21
0.0005948184076526632
17003345725822905e-21
1443227877228307e-22
10044050305789577e-22
1907733009371774e-20
0.08316103660678571
0.0841189391474034
43501657947919396e-21
0.0002127258420295654
0.02002520337551674
0.0082283439150236
0.10119209459742796
0.020627353024503987
2782959592097688e-20
0.1618054274599762
0.04026008905144299
55734814101887e-20
0.4274416807284911
44589654397884096e-23
0.003778611421839255
0.0009835022182321529
2299456595310039e-27
0.4451642167392236
0.7355929344193435
0.01844780889158323
0.4110865968927956
0.9215309012038264
0.007460155692340957
0.2468283218460174
22332184597988486e-26
46306378655121295e-22
0.0006298063820458412
9121458430771381e-20
0.15347267535425851
8645607607047028e-22
0.0001118265979928475
0.19920379069836405
0.0009300122237066636
0.011997560048444097
12200887851266818e-21
0.16322847119393652
0.10820440949798697
0.021725466157095065
31470030985780106e-21
0.0001534722302088042
1200668097431755e-22
0.013874539948895974
0.20111266478400935
833331458477748e-23
11103418841606284e-21
9106415906384306e-21
9651131132982973e-20
10586512976875892e-21
0.5216093438152529
0.19914016612481453
0.0051818996637701085
0.0015507274886346798
0.04375651417411898
0.00591824895592875
6760849030913373e-20
0.029268222595040486
8324360027913298e-20
0.0007214804910986494
0.08877351228251283
9970388543848433e-22
0.8222107632353324
0.8327194370805994
0.001831449095499915
0.0005373696582443244
5829910127462136e-24
0.001031846358285272
10390421402190782e-24
0.010386739579671617
0.03023136503235201
0.000904717414397336
0.00033774636673150263
0.00015457313412633441
26181877091717596e-22
0.006161434240453079
0.03163471762776528
0.021952880471380117
11257176069394618e-24
0.9183933405198756
0.07264165468724847
0
0
8178578427562028e-20
6662171339310537e-20
1033639239924351e-21
7596609947800265e-22
0.0001935203504829732
0.00985070862390272
0.005420072193276813
15204233895947872e-24
0.00013151586534587006
7328783256729597e-21
0.06007842801485402
0.013591818152660681
0.11289874315130105
3845637273249764e-22
0.06492341164358433
0.007749049579584454
0.00012015790326916271
0.14354277057840076
0.00029651331990215873
18549559457239105e-29
8515544417314978e-20
3736170461281688e-21
0.00012473127894842165
0.01662243348110688
0.003919208168498676
0.00016357769612733664
0.00015213816136307027
37998745250050485e-25
0.0005147436926053943
0.023495292221517503
13135133733312958e-24
0.0018091528949358395
0.0018040797221716455
44189309926828105e-21
0.12279705768299833
433742662376802e-19
0.5463103649775067
0.0019143409299643586
0.23130485989048574
0.003313623172685262
0.0007013687629120554
0.0005696122619067792
4475321045874623e-20
0.6682127120429254
12102136142772129e-21
21568088451625545e-21
0.008371603299171387
0.006486253758697144
21715985230207924e-24
8723768447215657e-20
0.003065017348979609
0.15521272113424414
0.031229717608604293
0.00010012276265632657
0.023575746901526248
0.00035424591480326086
0
0.12864410703612392
0.012495150112125286
0.596429544149549
0.5093130156556955
0.5534970162558884
0.055350646044209036
0.030654476281335538
0.8763808763942545
0.5790990901860638
0.8988479840325407
0.4938926740013662
0.2825523640859017
0.0007657907669830914
0.015993022463967336
0.16702726088390235
0.407904312649886
0.16127989810373355
0.00029932213220990506
0.027789981165413907
0.3696359077273378
0.1307926517938964
0.20502735166404779
