0.09666701136508231
35.90722875913269
36.55948728394544
0
36.988123512047274
0.00025908077825185474
37.02084471706499
0
37.11486665427691
0
82.95965121096737
0
25.85646749476599
0
28.717763261789433
0
37.67303047643175
12.982564618285288
23.823743623078578
0.16540429597710574
15752837992122634e-31
2.1124271441266957
2.0228758349922593
0.1332510878066098
0
3.8850968839277265
0.036618965036323683
0.38830373569458776
0.007013727534045858
3.715236141734739
3.3726976836065177
0.4046578126339993
0.11174041312894441
0.9660288087592902
0.6740557397618926
0.14178633205114505
10846119399394415e-22
4.15228801541881
4.413439111294245
0.0005384793686301467
0.0017902916253984616
0
1.1442618587616413
0
7.11965048435097
8.418170433400403
4.460750588255416
0
9.386245274013522
0
0.17871194543572164
0.012029171045956279
33.18727603223515
32.94020011752635
19.07946087205144
89.25063892094329
61.654580136403375
0.11123800712010354
0.002098403431259194
0.009040096833130711
19.268171550949628
35.446339491245624
1.1370873820003988
0.12737269487279498
0.03100281580137879
0.29415253284071535
16.19724748512276
0
16.179092780817445
0
12.97522779454598
0.0021699418290731616
0.002169202865680429
15.612608604956828
0.5560001947612612
1.2877228416430353
2.945143374692222
0
44408736778790687e-21
0.0007666488596798246
0.08176852353021069
0.015864585481520633
0.0023162290821044894
0.003725681265940876
0.001411599205345644
0.000859749750663669
1.1334255691313597
0.6398240045475838
0.09388484592470869
0.23704567372175045
0.00011831621312735792
0.10588758342614223
0.00866180535259556
1.1014159543636821
0.09407687612310052
0.17365254581642225
0.02781151913394025
0.023884303516293004
0.7498322561856986
0.0014848382534706603
0
1.2329386293932296
0.8209868314683071
0.010468973037499798
0
2.194975751991354
21713401423806004e-21
0.006173866002057296
0
0.0024654117846380995
0
0.1332296785403786
1.1820093162885494
0
0
0
0
0.15893696194678605
0.5783859174155886
0.6689268659716555
3.5383773440326
0.39157311318141147
1.1500940930859427
0.13560489007090984
0.018988427755605424
0.08181454205048479
1.133815498591849
0.003957153398272696
1.6908633468127665
9292739668191614e-22
0.044035107601028745
1.581696490142346
0.41877735558120577
0.20944168397717014
0.0030970602040830872
0.6996641552990545
0.21303404086209893
0.005028155892416849
0.018799429012744635
0.7270738520722327
1.8913072915764457
0.1731715243866808
0.09726362510702938
0.310867045195421
0.012014986827846198
0.3776920550030932
0.3775822992450163
0.4303195444614945
0.6227388407309564
0.09855649064841894
2.451227122582039
0.2926544787676694
9.667035512087457
1.9999377479237623
2.7209196444262647
0.19107084763129856
0.4120210386149252
2.4147764744092437
4.003507796680377
0.9455866342878836
4.835912447205472
6.921683883343102
2.4541498458141544
2.2607356366732785
2.9616898017855013
0.35533970242880697
31.091906404211798
619.5510701109816
4.0022846904800975
9978.83049810863
1.0999987131344184
23.219014463894617
1.181669664698353
45.40586632486916
1.2904235821580186
1.3970348682297649
1.0999977057817159
0.9805641529440953
1.1211010438982631
2.4799763996701394
0
0.001175334360269334
0.00025852619624298754
0
0.002808407431362645
0.017601565303834825
0.026563437607767734
0.0414657605948171
0.022577275935656876
0.022800932525473362
0.03414002374369541
0.023511749952994106
0.03477338678748395
0.025049216690310513
0.02375032987496875
0.037226682305288486
0.027415198144832346
0.021739490883965342
0.026243711739524618
0.021785000522894418
0.024581690362835917
0.029054398961090872
0.047977870758849496
0.028807615835312165
0.020347353980634867
0.0019044357322406471
0.007498356839550503
0.02345695461665636
0.07777011246032504
0.043386631088292896
0.12990938944364971
9120699519049496e-20
0.010210013635476582
0.3048922624809091
4806125256205359e-21
0.0799395757576515
0.011047800599613968
0.0012711169724716307
54863793134895346e-22
12044246929383792e-22
0.11455445582946437
0.0980423180509924
0.004160398851599801
0.04225803419611102
0.020673220874872205
0.00581630396646376
0.012253531603124987
0.0004831003454996729
0.6451842204049185
15699130027534085e-25
0.08566332921644623
0.0003420229806625806
0.009721410947295785
0.011035620522654546
0.0001570845839037682
0.00017090213968948802
0.7431833866681941
0.00039365054309303745
0.060200144837663186
0.3396744507869336
1317924448158532e-21
25861721527100174e-22
0.00014474576558793937
12571619615988951e-21
0.0005948131186680327
1700334140413258e-20
1443227874114769e-22
10044050154989307e-22
1907732465345182e-20
0.0830570148915217
0.08401249957709027
435016296602384e-19
0.00021272516558581823
0.02001920014593442
0.008227331229293674
0.10103786500381226
0.02062098305189518
27829584343897184e-21
0.1614092787257727
0.040235787374744585
5573481363754556e-22
0.4246192084234289
4458965410068153e-22
0.003778397935216742
0.0009834877582842948
229945659530996e-26
0.44209849815675667
0.7270195873677006
0.01844271476607416
0.40847938698031455
0.9078582622900069
0.007459323313943418
0.24590042668853962
2233218459791393e-25
4630637544984028e-21
0.0006298004525366367
9121445993765713e-20
0.15311650447621866
8645607495315587e-22
0.00011182641106321326
0.19860163328309197
0.0009299992939120018
0.011995406486238182
1220088562607432e-20
0.1628252799689691
0.10802797052579145
0.021718399332682457
3147001618175952e-20
0.00015347187812270286
12006680952768398e-23
0.013871659438878189
0.20049882175685954
8333314583739424e-24
11103416998721742e-21
9106414666789975e-21
965111720962883e-19
10586511301583815e-21
0.5173742634870152
0.19853839623837558
0.0051814981231543275
0.0015506915381041614
0.0437278007007272
0.005917725160497014
676084219826642e-19
0.02925538974788657
8324349669607717e-20
0.00072147270971597
0.08865492596437212
997038839525195e-21
0.8114200322748778
0.8216410886336512
0.0018313989498699968
0.0005373653415834157
5829910126954084e-24
0.0010318304417817421
10390421400576974e-24
0.010385125674521854
0.03021767271219839
0.0009047051783993065
0.0003377446615265438
0.0001545727769708411
26181876067043e-19
0.006160866504064812
0.03161972302601138
0.021945664804458174
11257176067500338e-24
0.9048173837498421
0.0725623475812933
0
0
8178568428883464e-20
6662164704659756e-20
10336392239537108e-22
7596609861537377e-22
0.00019351979066885313
0.009849257056672488
0.005419632885076249
1520423389249235e-23
0.0001315156067956814
7328782453853891e-21
0.06002423189170629
0.013589053897171873
0.11270659466131917
3845637251143213e-22
0.06486009883114703
0.0077481514660854844
0.00012015768744856957
0.1432314335726856
0.00029651200563910146
18549559457239065e-29
8515533577748642e-20
37361702526223574e-22
0.0001247310463862376
0.016618298150467403
0.003918978496843641
0.00016357729614779954
0.0001521378153714688
37998745247892115e-25
0.0005147397318046934
0.023487026037413598
13135133730733953e-24
0.0018091039629083807
0.0018040310642052223
4418928073776278e-20
0.12256956882019027
4337423811543406e-20
0.5416553239074949
0.001914286142067373
0.2304909854489378
0.0033134590013101464
0.0007013614093158215
0.0005696074116877468
4475318051996209e-20
0.6611780188102581
1210213395345445e-20
21568081498047525e-21
0.008370555032625487
0.006485624569220525
21715985223158668e-24
8723757071063376e-20
0.003064876890147654
0.15484837977831684
0.031215104924393607
0.00010012261280754988
0.023567423958973824
0.000354244038921553
0
0.12839432769453257
0.01249281412422525
0.590858353570441
0.5052792839123389
0.5487158906499346
0.055304660366712645
0.03064039756548929
0.8640638659646541
0.5738544421181612
0.885865957468487
0.4901042339773703
0.2813330623730006
0.0007657820004218699
0.015989194553448445
0.16660496206453845
0.4053379625207009
0.16088633427578697
0.00029932079292912395
0.027778413147848992
0.36753489306761994
0.13053441733256474
0.20438918711545512
