0.10155882901864945
35.96547876647719
36.37227510704232
0
36.795751866636316
0.00025788201390231265
36.817380668837224
0
36.88285490678521
0
83.1499463528317
0
25.696280488488572
0
28.55147011147168
0
37.86827563890732
13.191476879144872
24.080844999114188
0.165866325841991
15262287971455677e-31
2.0994211164412384
2.036303968076761
0.13222901039532553
0
3.7403093741564315
0.03530832438785298
0.3869064509909865
0.0070132009093831485
3.703133333052813
3.3606924540008416
0.4026121746081419
0.1109935177142659
0.961145998955574
0.6704193966628563
0.13864140069284203
11036921926105936e-22
4.003274486568712
4.251134742445761
0.0005407647992683568
0.001228863792697844
0
1.1326415456397734
0
6.9649711323410335
8.060917223410815
4.458900869066454
0
9.155982132274078
0
0.1791338894496413
0.011985844093198486
33.183922199599365
32.94019613349492
19.07685481346873
89.23594873937333
61.6530752789296
0.11126637171484038
0.0021329936071916313
0.009039735316420704
19.252388858698467
35.46096370545602
1.1319659913696598
0.12861087717174632
0.032019311552151465
0.3013515614788009
16.236128759456754
0
16.219859998509357
0
13.0256364379051
0.0021858446113088774
0.002185102043367205
15.60063242231238
0.5573383803221649
1.2884337289886567
2.942203116749714
0
46122135248863436e-21
0.0007642601898890872
0.08154116784729823
0.016373156196394078
0.0023292191953819008
0.0036072917326888587
0.0014161646605907955
0.000857634968730512
1.1592317567621313
0.6380787537345259
0.09410438179211959
0.23688372086639226
0.00011950434385669335
0.10413118681605328
0.00841090364602593
1.0579959313252245
0.09461404134830532
0.17319812976858842
0.027967603534583236
0.023175760767656237
0.730523941560401
0.0014859376420970438
0
1.2312533205849099
0.8179866888361477
0.010525788680593838
0
2.1706598345869805
21665363763125108e-21
0.006187654153033727
0
0.00242111297391625
0
0.1331863624210371
1.1792850473014318
0
0
0
0
0.16024716910644776
0.5773702282342184
0.6476103126378255
3.4046539637842246
0.3942543893872939
1.1440311030124908
0.136360134523536
0.019032307404159714
0.08233673768311896
1.0956817080311865
0.003948776732887299
1.687580422741275
9303171695614498e-22
0.042816571685692195
1.5415450599069866
0.41958901477572075
0.19554332025601226
0.003094583682329737
0.6921363731193394
0.21357975746042962
0.005238421826116491
0.018778901902420545
0.7177793791413121
1.8708715033203618
0.17497352475813713
0.09738359895055233
0.31243487317321594
0.01128216062622002
0.379243004336968
0.3791534950022603
0.4317442672948388
0.6222767043051908
0.09582121660231112
2.4175381770931113
0.29388313530195737
9.735488541755943
2.000638446413028
2.721440625644192
0.1904836788405999
0.4146211453826692
2.416189557037296
4.004737981489685
0.9438724025615055
4.8520571596565665
6.975388966732621
2.5035822218513224
2.2668764802915957
2.959844600327265
0.35897471934763897
31.093498504240586
619.549343691562
4.002283814278634
9944.328815155992
1.0999986480128445
23.21901201411825
1.1816212403928479
45.40442487485127
1.2908569311112048
1.3970356272555433
1.0999976406449141
0.9841822029551642
1.120929349689864
2.529009942596316
0
0.0011794245768620214
0.00027013968812372464
0
0.0029637636912693836
0.017279079866581698
0.02598315813964179
0.04040924385281612
0.0221097269711383
0.022306574060849214
0.0333489417171373
0.02292302716911249
0.033868355920396796
0.024491559496014236
0.023256103105965386
0.036479681031931686
0.02681137156501064
0.021290082783999298
0.025719815418291523
0.021338649234738546
0.023934651488648342
0.028450707506721372
0.04729023940875516
0.028287874606838244
0.01991869356864782
0.0019044179870427893
0.007498081600835456
0.02345425702909133
0.07774030656003802
0.04337738485216177
0.12982580311558148
9120695449650361e-20
0.010209503199698452
0.3044238547235174
48061251432099946e-22
0.07990807720348207
0.011047202911704595
0.0012711090676274172
5486379166243996e-21
12044246858421175e-22
0.11448955734408811
0.09799485585364337
0.0041603141463151085
0.042249263680321655
0.020671126115282285
0.0058161383884816065
0.012252796251906561
0.00048309920376622185
0.6430112252348172
1569913002741352e-24
0.08562713869240163
0.0003420224084006826
0.009720948217957276
0.011035024152593073
0.00015708446319360979
0.00017090199680922088
0.7402691246816163
0.0003936497850251872
0.060182315173303295
0.3390910382908462
13179244396618113e-22
25861721199921315e-22
0.00014474566309642304
12571618842857682e-21
0.0005948113878329968
1700333998983921e-20
1443227873095849e-22
10044050105639207e-22
19077322873099395e-21
0.08302300155867125
0.08397769598209023
43501620402964925e-21
0.00021272494421686796
0.02001723595151463
0.008226999850164417
0.1009874437072917
0.020618898875454414
2782958055524411e-20
0.16127984793010314
0.040227837722196465
5573481348558762e-22
0.4236995945696181
4458965400342058e-22
0.003778328073328783
0.0009834830262441007
2299456595309934e-27
0.4410998195048162
0.7242356766559357
0.018441047994908782
0.4076297614309897
0.90342802999445
0.00745905093434418
0.24559752679986227
22332184597889534e-26
46306374400896945e-22
0.0006297985120888133
9121441923700436e-20
0.1530001254774175
8645607458750945e-22
0.00011182634988967372
0.1984049699930211
0.0009299950626145508
0.011994701806770603
1220088489786963e-20
0.162693550142517
0.10797029254195344
0.02171608718020499
31470011337075235e-21
0.00015347176290103542
12006680945716333e-23
0.013870716908225953
0.20029834589810883
8333314583399715e-24
1110341639562912e-20
91064142611269e-19
9651112653149658e-20
10586510753336614e-21
0.5159957947734237
0.19834185938609122
0.005181366723845132
0.0015506797733039245
0.043718408173313066
0.00591755375603136
676083996225187e-19
0.029251191360015093
8324346279805997e-20
0.0007214701632398908
0.08861615244386134
997038834662305e-21
0.8079195614446498
0.8180477509284143
0.001831382539773486
0.0005373639289432361
58299101267878225e-25
0.0010318252330839607
1039042140004885e-23
0.010384597570887198
0.03021319318257959
0.0009047011741469869
0.0003377441034920213
0.000154572660090195
26181875731713403e-22
0.006160680721006432
0.031614817515326465
0.021943303958425718
11257176066880427e-24
0.90041831655563
0.07253641276410412
0
0
8178565156771241e-20
6662162533440326e-20
10336392187272433e-22
7596609833307437e-22
0.00019351960746738484
0.009848782070882045
0.005419489127121746
15204233891361513e-24
0.00013151552218401902
7328782191109036e-21
0.06000650657372571
0.013588149403579983
0.11264378420815056
38456372439087405e-23
0.06483939282546337
0.007747857576799427
0.00012015761682034332
0.14312969378843166
0.00029651157554156163
18549559457239047e-29
8515530030452259e-20
37361701843376063e-22
0.00012473097027925647
0.016616945067385744
0.003918903338630681
0.00016357716525281565
0.00015213770214425078
3799874524718578e-24
0.0005147384356205393
0.023484321521193664
1313513372988996e-23
0.0018090879499582592
0.00180401514094046
441892711855072e-19
0.12249521357693605
433742289122999e-19
0.5401405704641328
0.0019142682128093478
0.23022526360615544
0.003313405277217205
0.0007013590028333988
0.000569605824439585
4475317072235764e-20
0.6588920039927332
12102133236989967e-21
21568079222456697e-21
0.008370212010945014
0.006485418677242065
2171598522085177e-23
8723753348166927e-20
0.003064830925728117
0.1547293331808964
0.031210324339406983
0.0001001225637688773
0.023564700874801905
0.0003542434250325442
0
0.12831269159432374
0.012492049755978377
0.5890464806421729
0.5039661765565141
0.5471602313384829
0.05528961963490267
0.03063579164349214
0.8600707800169877
0.5721484427426763
0.8816583806398858
0.4888707709463482
0.2809351839288899
0.0007657791315450194
0.0159879420506042
0.16646699478869895
0.404501623836505
0.16075774733896495
0.0002993203546444519
0.02777462850523413
0.3668499229389784
0.1304500196595625
0.20418077643218105
