0.10519569300245743
36.00468754117239
36.27285893818651
0
36.69273371048296
0.0002573060529055841
36.7080781865263
0
36.757458506371464
0
83.28064373683426
0
25.58371415251591
0
28.42743963992238
0
38.00390885040559
13.330956109552988
24.26523307747917
0.16618368430443603
15077533363181632e-31
2.0895379477369773
2.0454461708432423
0.13163500323059457
0
3.633153845673326
0.03435089662543216
0.3858623931069089
0.0070128165726921635
3.6940667576183057
3.3517214655153236
0.4011535968693442
0.11060093758227242
0.9575087581720199
0.6678195922041488
0.1364423026684577
1118952091445324e-21
3.8937627270456368
4.134921093047044
0.0005424696924496426
0.000982888582639776
0
1.124369324112097
0
6.86185599776405
7.828167392885847
4.457525699910051
0
8.994751315250053
0
0.17942433903599084
0.011956679229614806
33.1814289900818
32.94019317925102
19.074344043837986
89.22488003322937
61.651956716035265
0.11127246451677998
0.0021579775521592833
0.009039465100338973
19.24133215814059
35.463727466641096
1.1281909874343905
0.1295009396180018
0.03275293057150419
0.3065134876395459
16.26111869135778
0
16.246033489603413
0
13.059705680396155
0.002197205164228819
0.0021964598776991794
15.591740835763646
0.558264178649416
1.2888910773879736
2.9400189995574837
0
47363222657616195e-21
0.0007626772067061791
0.0813520308948387
0.016741961131295186
0.0023383409653651367
0.0035280805053333145
0.0014206971507437721
0.0008561854078178544
1.1774789013609108
0.6367908443914589
0.09422500061537675
0.2367593149039045
0.00012034764869347996
0.10293438900283815
0.008246904081350865
1.0267338680394893
0.09497339232488376
0.1728328868385794
0.028071059014426216
0.02264882512307771
0.7162330926869325
0.0014866888629676712
0
1.2300028870997046
0.8155471546286349
0.010565787168838211
0
2.152774846371601
2162705658035421e-20
0.0061965248632970885
0
0.002390547349156064
0
0.13315444734896936
1.1772664439368046
0
0
0
0
0.16098676027893738
0.5766026684198008
0.6321477075027085
3.3054502765607787
0.3961522250729333
1.1392800078015541
0.13691626167524013
0.019063248070745577
0.08260520863206006
1.0680722078040208
0.003942200006708506
1.6850033222427003
9310804522698366e-22
0.041920291061206746
1.5118805001852975
0.42003131785941894
0.18556448394059982
0.0030926788470470525
0.6866093479155804
0.21397819865972287
0.005391639883204663
0.018760888240843415
0.7110862625195382
1.8557938043219093
0.17629909725542536
0.09745096588688772
0.31346264891417003
0.010749065850456232
0.38020509483300174
0.380128494918461
0.4327909010916349
0.6219355694046876
0.09382041031480896
2.392054427273106
0.2947201789607198
9.78213080531705
2.001187111422534
2.72203460995848
0.19004109113900505
0.4163905355952245
2.4172973542222773
4.006148412581188
0.9425767175258625
4.861666278133163
7.009787214868534
2.5416491159585672
2.2679410822992434
2.9571451264006963
0.3615490316633987
31.084178172968763
619.5480601732869
4.002283162859231
9918.755575227931
1.099998599597652
23.21901019281107
1.1815852402117706
45.40335324607252
1.2911613185172948
1.3970361097590978
1.0999975922183969
0.986634139181631
1.1208017191949025
2.5642895900707066
0
0.001182008186120041
0.0002787096807640011
0
0.0030784290487127653
0.017032417595858742
0.02554419222835169
0.039617944143958896
0.021754901210648284
0.021935681042643734
0.03275227018144077
0.022484913411870904
0.03319125887517409
0.024070429345128565
0.022881486700611634
0.035912252555160736
0.026354957918007467
0.020949369416319606
0.025320125660188226
0.021000160594559093
0.023450809078311374
0.027993307740177786
0.04675246349181306
0.027889443427887274
0.019593988470914942
0.0019044047943297046
0.007497876978788981
0.02345225168543133
0.07771815451027923
0.043370511935328676
0.12976369499696003
9120692424221688e-20
0.01020912372835965
0.30407607938195746
4806125059202618e-21
0.07988466737599227
0.011046758576434775
0.001271103190734736
54863790567730335e-22
12044246805663413e-22
0.11444133183554472
0.09795958456557989
0.00416025117255906
0.042242744344531104
0.020669568885779383
0.005816015291159012
0.01225224957730743
0.000483098354936399
0.6414004378286982
15699130027323886e-25
0.08560024244490895
0.0003420219829482644
0.00972060421211819
0.011034580797019349
0.00015708437345066255
0.0001709018905837326
0.7381099002558318
0.00039364922143405836
0.06016906297816851
0.33865794476125377
13179244333448514e-22
25861720956677373e-22
0.00014474558689826918
12571618268066611e-21
0.0005948101010320401
17003338938370693e-21
1443227872338324e-22
1004405006894945e-21
1907732154948115e-20
0.08299772308096606
0.08395183029405455
4350161352056648e-20
0.00021272477963836384
0.020015775779149727
0.008226753492145819
0.10094997386795466
0.02061734951304341
27829577738537672e-21
0.16118368875885192
0.04022192850247047
5573481337261318e-22
0.42301719073841393
44589653931111095e-23
0.003778276134743397
0.0009834795081828018
2299456595309915e-27
0.44035880561810814
0.7221728653204027
0.018439808917151284
0.4069992455105699
0.900148352615433
0.007458848437830216
0.2453725751049819
2233218459787139e-25
46306373621051e-19
0.0006297970694500342
9121438897776513e-20
0.15291365983958444
8645607431566648e-22
0.00011182630440970034
0.19825888519866314
0.0009299919168324796
0.01199417793357799
12200884356479608e-21
0.16259568354206771
0.1079274313070569
0.02171436835005536
31470007735253446e-21
0.00015347167723855007
12006680940473416e-23
0.013870016217196742
0.20014943031713034
8333314583147158e-24
11103415947254735e-21
9106413959533204e-21
9651109265597355e-20
10586510345737526e-21
0.5149733411505475
0.19819586847089427
0.005181269036056122
0.0015506710267196668
0.04371142652541462
0.005917426327122079
6760838299868066e-20
0.02924807042286135
8324343759629594e-20
0.0007214682700461334
0.08858733692657661
9970388310469477e-22
0.8053268967714337
0.815386441661187
0.0018313703396411383
0.0005373628787061298
5829910126664214e-24
0.0010318213606497564
10390421399656212e-24
0.010384204965094438
0.03020986326806334
0.0009046981971625844
0.0003377436886170448
0.00015457257319432882
26181875482409727e-22
0.006160542602621785
0.03161117096437633
0.021941548931700885
1125717606641955e-23
0.8971616590502286
0.07251713730848304
0
0
8178562724092065e-20
6662160919228991e-20
1033639214841581e-21
7596609812319644e-22
0.0001935194712647871
0.009848428953449138
0.005419382251503157
15204233890520787e-24
0.00013151545927878486
7328781995769115e-21
0.05999333192577659
0.013587476989043515
0.11259710992237243
3845637238530209e-22
0.06482400305128591
0.007747639089502001
0.00012015756431120689
0.14305410130826393
0.0002965112557822441
18549559457239032e-29
8515527393185156e-20
3736170133570721e-21
0.0001247309136968957
0.016615939177511068
0.003918847462543828
0.00016357706793787989
0.00015213761796455455
3799874524666066e-24
0.0005147374719633768
0.023482311027140875
13135133729262488e-24
0.0018090760450843774
0.0018040033027431608
4418926408380184e-20
0.12243996276556687
43374222070151766e-21
0.5390171599823963
0.001914254883256818
0.2300279089680688
0.0033133653361419476
0.0007013572137186581
0.0005696046443891295
4475316343824559e-20
0.6571975705505178
12102132704328302e-21
21568077530649246e-21
0.008369956997631316
0.006485265609312762
21715985219136677e-24
8723750580348516e-20
0.003064796753531125
0.15464088628137265
0.031206770646813507
0.00010012252731066917
0.02356267657832812
0.0003542429686321607
0
0.12825203217414047
0.012491481510129215
0.5877030299428919
0.5029921476748982
0.5460065220925331
0.055278440124335124
0.03063236777982506
0.8571140500112109
0.5708833906041222
0.8785431785931025
0.48795575454230244
0.28063974250100765
0.0007657769986607714
0.015987010930160295
0.1663644958801424
0.4038809592031399
0.1606622148833417
0.00029932002879835194
0.027771815114256703
0.36634150346518757
0.13038730884938735
0.2040259694534328
