0.10660307407061187
36.01903834012313
36.241726494722975
0
36.66025599196762
0.0002571408710462595
36.67353654194841
0
36.71763738382104
0
83.32909078023502
0
25.54148916789962
0
28.379407920739915
0
38.0542632305445
13.381584673459955
24.33473604153955
0.166301318971296
1503762127567349e-30
2.0856782502642663
2.0488143053866015
0.13143518079771085
0
3.591830535470943
0.03398334521664656
0.38545710125948257
0.007012669466589804
3.6905428573917205
3.348238882281027
0.4006001927065425
0.1104779171839739
0.9560997395317462
0.6668319161754314
0.13562252708588968
11250262151571356e-22
3.851628083351951
4.090698298482225
0.0005431312788558145
0.0009135454498384802
0
1.1212338560598678
0
6.824289028912158
7.744789449802555
4.4569935596831
0
8.93454263606608
0
0.17953214330839182
0.011946009663167551
33.18046422804544
32.940192037554404
19.07325466172923
89.22053933387758
61.65152389955201
0.11127187734744749
0.002167478349996858
0.009039360247450464
19.237192815872707
35.462928110048935
1.126736469275155
0.12983919134201213
0.03303205194181768
0.3084665764955558
16.270006413517272
0
16.25533452910453
0
13.072202299172462
0.0022015098283713146
0.002200763468387694
15.588302589548366
0.5586087721580912
1.28905368468542
2.9391742202529265
0
4783647812380852e-20
0.0007621036619631749
0.08127527771628243
0.016882616153925507
0.0023417638012278802
0.003499183549435619
0.0014226554893513954
0.0008556442373073476
1.184340204456517
0.6362945924486724
0.09426329983407819
0.23671067070198623
0.00012066619325279641
0.1024955646794478
0.008188146967245475
1.0148649442330455
0.09510451272587904
0.17268629564417207
0.028108563859280903
0.02244531663505783
0.7107226724218301
0.0014869688442441088
0
1.2295195666356427
0.8145557813415939
0.010580823511024857
0
2.1458976003532233
2161172865584573e-20
0.0061996835178567316
0
0.0023791995341207843
0
0.13314216287560324
1.1764869033528171
0
0
0
0
0.16122688136966448
0.5763031125253695
0.6262511912451434
3.2671443842004773
0.3968653835070441
1.137394195359122
0.13713025444624938
0.019074910212389138
0.08268292580618965
1.0575443253179908
0.003939576464416635
1.6839752961054164
9313730409110733e-22
0.04157580293138026
1.5004498505494481
0.42016974728314765
0.18178754783239992
0.003091927661124078
0.6844861673997066
0.21413074054340756
0.005450255327060999
0.01875346737845589
0.708544604897738
1.849986037744335
0.17680883770521846
0.09747304763105222
0.3138324811655199
0.01054589203379141
0.3805387021228778
0.3804666540572329
0.43319303831918815
0.6218041140891049
0.09305381718080631
2.3821076704505497
0.2950294223245153
9.799321021266163
2.001404416459894
2.722305521211994
0.18986862229327778
0.4170421912462007
2.4177363689719504
4.0067927987630725
0.9420710077795993
4.86491131602549
7.021960183822361
2.556634148297145
2.268924251010636
2.9558641472896054
0.36251903058268675
31.078571772549033
619.5475634825297
4.002282910775228
9908.876989404
1.0999985808621084
23.219009488007945
1.1815713092803337
45.40293855765512
1.2912753313417975
1.397036279500539
1.099997573478472
0.9875330531955794
1.1207523330871032
2.577702308049474
0
0.0011829155153339265
0.00028201065514497773
0
0.0031225940552799605
0.01693581191159509
0.025373245250526835
0.03931139957416746
0.021616480336313304
0.021791817706378114
0.0325202544954184
0.022315787986745467
0.032929107739572826
0.023906578533076133
0.022735451137826348
0.035690813917522865
0.026177294234757866
0.020816535107763642
0.02516378488497176
0.020868174245362237
0.023263525024468417
0.02781503935489923
0.04653939733017322
0.027733204806154262
0.01946745465135217
0.0019043996890836692
0.007497797796354478
0.023451475710478956
0.07770958388061093
0.04336785256995283
0.12973966858611702
9120691253452015e-20
0.010208976885636212
0.3039416051268558
4806125026693733e-21
0.07987561016235631
0.011046586633902324
0.001271100916522388
5486379014410339e-21
12044246785247397e-22
0.11442267514666044
0.09794593881147945
0.004160226803448171
0.04224022178445084
0.020668966305965365
0.005815967656081287
0.01225203803360407
0.000483098026459565
0.6407781843177289
15699130027289199e-25
0.08558983649529
0.00034202181830829853
0.009720471093193269
0.011034409233590453
0.0001570843387222604
0.00017090184947697758
0.737276022218168
0.0003936490033377257
0.06016393547260777
0.33849049620799565
13179244309003361e-22
25861720862547673e-22
0.00014474555741138145
12571618045635954e-21
0.0005948096030709957
17003338531477054e-21
14432278720451794e-23
10044050054751371e-22
1907732103727196e-20
0.08298794296857576
0.08394182301753546
43501610857239977e-21
0.0002127247159503767
0.02001521075527396
0.008226658159350121
0.10093547765013117
0.0206167499773711
27829576648538416e-21
0.16114649280260354
0.04021964200597665
5573481332889471e-22
0.4227534115071097
4458965390312902e-22
0.0037782560359205476
0.0009834781467789636
22994565953099074e-28
0.4400723848089612
0.7213761833805147
0.018439329445461602
0.40675551244720864
0.8988823919189498
0.007458770077903655
0.24528557937913675
2233218459786437e-25
4630637331926892e-21
0.0006297965111835471
912143772681519e-19
0.1528802127806076
8645607421046963e-22
0.00011182628681002222
0.19820238267928936
0.0009299906994914503
0.011993975213078899
12200884146974374e-21
0.1625578272635929
0.10791084958086188
0.02171370323960861
31470006341432996e-21
0.00015347164408919005
1200668093844453e-22
0.013869745075700497
0.20009183319589474
8333314583049425e-24
11103415773744367e-21
9106413842823519e-21
9651107954694378e-20
10586510188006244e-21
0.5145782195048176
0.19813940225263327
0.005181231233667065
0.0015506676420099282
0.04370872509063429
0.0059173770158591245
6760837656564631e-20
0.029246862782740062
8324342784380637e-20
0.0007214675374258827
0.08857618851192059
997038829647889e-21
0.8043258306058195
0.814358902398984
0.0018313656184978544
0.0005373624722895511
582991012661638e-23
0.0010318198621124377
1039042139950427e-23
0.010384053039843601
0.030208574767732876
0.0009046970451420674
0.0003377435280702955
0.00015457253956767964
2618187538593505e-21
0.006160489154877147
0.03160975994755702
0.021940869815188207
11257176066241202e-24
0.895904572305655
0.07250967953389219
0
0
8178561782702469e-20
6662160294567169e-20
10336392133379206e-22
7596609804197861e-22
0.0001935194185576018
0.009848292308681774
0.005419340893710884
15204233890195447e-24
0.0001315154349359426
7328781920177149e-21
0.05998823442228694
0.013587216789317515
0.1125790532588991
3845637236448843e-22
0.06481804854993373
0.007747554541695445
0.00012015754399140872
0.1430248595064182
0.0002965111320429799
18549559457239027e-29
8515526372624856e-20
3736170113925127e-21
0.00012473089180085596
0.016615549938061216
0.0039188258400224526
0.00016357703027929758
0.00015213758538899886
37998745246457444e-25
0.0005147370990511394
0.02348153305928474
1313513372901967e-23
0.001809071438198408
0.001803998721659289
4418926133560872e-20
0.12241858868573342
4337421942240119e-20
0.5385830537775448
0.0019142497250575089
0.2299515827605505
0.0033133498800117494
0.0007013565213744375
0.0005696041877379344
4475316061946537e-20
0.6565430345500363
12102132498200737e-21
21568076875959477e-21
0.008369858315544662
0.006485206376583466
21715985218472977e-24
8723749509267938e-20
0.003064783529794563
0.1546066729751595
0.031205395559714202
0.00010012251320220124
0.023561893269735436
0.00035424279201607377
0
0.12822856609763345
0.0124912616192493
0.5871839686892321
0.5026157267439575
0.5455607167860795
0.055274114522590706
0.030631042927576298
0.8559725945630209
0.5703945960749315
0.8773406244966078
0.4876021244371508
0.28052549699490276
0.0007657761732861832
0.015986650622938466
0.16632484814542622
0.4036410322008382
0.16062526130073732
0.0002993199027036484
0.027770726474408952
0.366144946200968
0.13036304932766674
0.2039660942866588
