0.10686543101017122
36.02166615457733
36.236326241060084
0
36.65460862241212
0.00025711323359651675
36.66752394405315
0
36.71069292378547
0
83.33800049535293
0
25.53369548730965
0
28.370453623570086
0
38.0635201796268
13.39082488467608
24.34757057066588
0.16632295162941255
15031879227158381e-31
2.084956996632531
2.0494323675876447
0.13139956515359433
0
3.584137141503873
0.03391498826439209
0.3853814692320361
0.007012642142948666
3.6898850125684697
3.347588984094419
0.4004976170937119
0.11045652908529383
0.9558369883788506
0.6666487781973143
0.13547160456240745
11261667265719017e-22
3.843787644300317
4.082494057368254
0.0005432547393798066
0.0009018948580633838
0
1.1206529174139013
0
6.817418877738309
7.729634071066963
4.456894362261709
0
8.923450514754302
0
0.17955197758882177
0.01194405639456107
33.180284385108365
32.94019182481218
19.073044724007705
89.21976048283558
61.65144321822727
0.11127160036214295
0.0021692406284404093
0.009039340684989142
19.236429303983268
35.46266536521979
1.1264656806239368
0.1299018892561471
0.03308379889884242
0.3088279045896611
16.271618316921174
0
16.257020900953002
0
13.07449215673492
0.002202307058086436
0.0022015604969376256
15.587661802633544
0.5586722289196328
1.2890831677798842
2.9390167668388845
0
4792428182741333e-20
0.0007619990046347075
0.08126077979575491
0.016908710977101643
0.0023423957289568217
0.003493897473688053
0.0014230314895413664
0.0008555443551921448
1.1856073693379143
0.6362022136057759
0.09426996234456919
0.23670158260652724
0.00012072513396465871
0.10241522959586044
0.008177469541015003
1.0126663698136789
0.09512850036155734
0.17265867497657858
0.028115409343842906
0.022407417075188243
0.7096968221339406
0.0014870204918241662
0
1.229429502964917
0.8143681275559567
0.010583601354561935
0
2.1446182718085707
21608842823112487e-21
0.006200256667049815
0
0.0023771119626477487
0
0.13313987692268303
1.1763416864550595
0
0
0
0
0.1612690223181745
0.5762471244323185
0.6251573348193847
3.260009902814365
0.39699703503413564
1.1370399810535845
0.13717007121334204
0.019077067162419633
0.08269583890502519
1.055591091456927
0.003939082593867972
1.6837817732498186
9314274130292142e-22
0.041511735018246114
1.4983222200803894
0.4201936531257081
0.18108879295712546
0.0030917867776109713
0.684091331608784
0.21415907574526855
0.005461141421606063
0.018752061376171723
0.7080737494237338
1.8489050611091795
0.1769036623439163
0.09747694697311632
0.3138998085998884
0.010508222511337205
0.38059864944502403
0.38052742631530057
0.4332678245906828
0.6217796430302606
0.09291139120480078
2.380248639493383
0.2950862461959753
9.802475813729744
2.0014451931249395
2.7223583668771703
0.1898364032614861
0.4171617578212594
2.417818763659439
4.0069185532853355
0.9419764865115983
4.865489283245342
7.024162962110126
2.5594417944968826
2.2689172729964677
2.9556127112499255
0.36269832755625414
31.07741488652773
619.5474708919671
4.00228286378299
9907.036561114832
1.0999985773695222
23.21900935662207
1.1815687123639351
45.402861253933295
1.2912963607743646
1.3970363101473966
1.0999975699850686
0.9876976799315609
1.120743127016572
2.580190414932399
0
0.0011830793039966966
0.00028262503400581693
0
0.003130813765107665
0.016917744463853614
0.025341330528922564
0.03925426348591435
0.021590623729725276
0.021764991161670997
0.03247695847426046
0.022284300518525344
0.03288025489419912
0.023875997474972377
0.022708178698668396
0.03564944605574898
0.026144130201351947
0.02079172712072116
0.02513455688237633
0.02084352347643254
0.023228626440020092
0.027781749598467857
0.04649940543234382
0.02770397312241558
0.019443826870226815
0.0019043987373907512
0.007497783035653549
0.023451331059948698
0.07770798629121606
0.043367356842393075
0.12973519019474294
9120691035203004e-20
0.010208949512183723
0.30391654368592474
480612502063359e-20
0.07987392187545124
0.011046554581531363
0.0012711004925755468
5486379006513298e-21
12044246781441544e-22
0.11441919759638318
0.09794339524846009
0.004160222260696189
0.042239751558075626
0.020668853977992924
0.0058159587762314936
0.012251998599088848
0.0004830979652265812
0.6406622537044577
15699130027282732e-25
0.08558789681009965
0.0003420217876169483
0.009720446278030686
0.011034377251889103
0.00015708433224836626
0.000170901841814063
0.7371206790539735
0.00039364896268131153
0.060162979676987964
0.3384592904430834
13179244304446417e-22
25861720845000487e-22
0.000144745551914584
12571618004171543e-21
0.0005948095102436344
1700333845562598e-20
1443227871990533e-22
10044050052104637e-22
19077320941788483e-21
0.08298611993638524
0.08393995764301695
43501610360755985e-21
0.00021272470407798278
0.020015105428112877
0.00822664038800933
0.10093277556791011
0.02061663821685763
2782957644534621e-20
0.16113955986773892
0.04021921578311025
5573481332074493e-22
0.42270425729428374
4458965389791274e-22
0.003778252289210341
0.0009834778929930779
2299456595309906e-27
0.4400190122789965
0.7212277671358707
0.01843924006612601
0.4067100930919309
0.8986465948184374
0.007458755470529105
0.24526936548217923
22332184597863062e-26
4630637326301221e-21
0.0006297964071143554
9121437508530452e-20
0.1528739785562261
8645607419085936e-22
0.00011182628352917857
0.19819185154306743
0.0009299904725610005
0.011993937423316278
12200884107919456e-21
0.162550771260226
0.10790775878012995
0.021713579255298595
3147000608160397e-20
0.00015347163790965294
12006680938066315e-23
0.013869694531445055
0.20008109806165794
8333314583031206e-24
11103415741399433e-21
9106413821067083e-21
9651107710322422e-20
10586510158602767e-21
0.5145045964355017
0.19812887788176115
0.00518122418676527
0.0015506670110500848
0.04370822152113648
0.005917367823545561
676083753664323e-19
0.029246637666022837
8324342602579616e-20
0.0007214674008545622
0.08857411043537222
9970388293870835e-22
0.8041393545116807
0.8141674969107263
0.0018313647384072824
0.0005373623965274392
5829910126607462e-24
0.0010318195827628465
10390421399475946e-24
0.010384024718944009
0.030208334578023174
0.0009046968303883268
0.000337743498141982
0.0001545725332991687
26181875367950724e-22
0.006160479191467193
0.03160949691982384
0.021940743220008996
11257176066207954e-24
0.8956704273375529
0.07250828937766975
0
0
8178561607213342e-20
6662160178120841e-20
10336392130576158e-22
7596609802683838e-22
0.0001935194087321935
0.009848266836257343
0.005419333184033006
15204233890134798e-24
0.0001315154303980722
73287819060856726e-22
0.05998728421907925
0.013587168284737028
0.11257568754623092
38456372360608453e-23
0.0648169386020595
0.00774753878081825
0.00012015754020349394
0.14301940905700156
0.00029651110897613086
18549559457239027e-29
8515526182377123e-20
37361701102628937e-22
0.00012473088771910618
0.01661547737899812
0.003918821809273359
0.00016357702325917397
0.00015213757931642745
3799874524641957e-24
0.0005147370295347351
0.023481388037258275
13135133728974406e-24
0.001809070579407065
0.001803997867677833
4418926082330432e-20
0.12241460464930456
4337421892882079e-20
0.5385021685398499
0.00191424876349333
0.2299373572115715
0.0033133469987652363
0.0007013563923111664
0.0005696041026113431
44753160094002484e-21
0.6564210913293127
12102132459775467e-21
21568076753915487e-21
0.008369839919852297
0.0064851953347741555
21715985218349254e-24
8723749309602468e-20
0.0030647810646980424
0.15460029593884053
0.03120513922955525
0.00010012251057217143
0.02356174725214499
0.00035424275909219595
0
0.1282241921438355
0.012491220628719319
0.5870872585938048
0.5025455873941753
0.5454776522508284
0.05527330820297969
0.030630795961582934
0.8557599783078745
0.5703035237342439
0.8771166324703341
0.4875362308276078
0.28050420506263407
0.000765776019424079
0.015986583457166272
0.16631745825796354
0.4035963219729412
0.16061837353866534
0.0002993198791977103
0.02777052354033255
0.3661083166427467
0.13035852748812274
0.20395493460079706
