0.10765250182884928
36.02946375254547
36.22084652046647
0
36.6383959944858
0.00025703594779434845
36.65024881398941
0
36.69071598127078
0
83.36450850232215
0
25.510454664406666
0
28.343591242713728
0
38.09104775167403
13.418180200088843
24.38583847652751
0.16638732069262735
15017662774561165e-31
2.082790288794081
2.051268789900729
0.13129562643353437
0
3.5610765193016234
0.033710203974162994
0.38515442224419527
0.007012560357939868
3.6879097194415085
3.3456379760086117
0.4001909218956762
0.1103950879952823
0.9550485694348603
0.6661010861027699
0.13502238049899795
11296019613170275e-22
3.8202923158237714
4.057951016101801
0.0005436253741505944
0.0008691191727395591
0
1.1189164301679273
0
6.797049836450994
7.6848772214421945
4.456596773137922
0
8.890419783803573
0
0.17961100369380045
0.011938261783889943
33.17974486228121
32.940191186744094
19.072402313043135
89.21673707589983
61.65120117801729
0.11127046502957608
0.002174481033116147
0.009039281967919798
19.234153690488537
35.46166487577125
1.1256539557364191
0.13008932953247046
0.03323850918300686
0.30990668575322344
16.276372178693777
0
16.26199341952834
0
13.081289563147724
0.002204689251861501
0.0022039420842950488
15.58573972687954
0.5588611783438259
1.2891701011407097
2.9385444558645837
0
4818691986400182e-20
0.0007616891599279688
0.08121695943693198
0.016986760978837268
0.002344280321442505
0.0034782230329756495
0.0014241787391020108
0.0008552464259762968
1.1893869263958763
0.6359253203665258
0.09428909021016585
0.23667428875936233
0.00012090115790886747
0.102176967180921
0.008145945192011195
1.0060968627883138
0.09519964081763223
0.17257528347113432
0.028135681390206724
0.02229380132826832
0.7066219886127038
0.001487174495955966
0
1.229159376475012
0.8137998847423822
0.01059188921318353
0
2.14078535448555
21600133755136605e-21
0.006201947584846197
0
0.0023708996360166305
0
0.133133026702734
1.1759062278573127
0
0
0
0
0.16139069735404493
0.5760788921345473
0.6218858083014422
3.2386193693355483
0.39738957097121275
1.135972554314348
0.13728938089605947
0.0190835076122784
0.0827316447919151
1.049748728503458
0.003937591960648325
1.6831976653183807
9315902082155279e-22
0.041319817945562644
1.4919455619142858
0.42026191728133183
0.17900264749998118
0.003091362536299865
0.6829086210046967
0.21424389167679656
0.0054937244762170295
0.01874780637917471
0.7066667056946809
1.8456653095633513
0.17718776208442688
0.09748826666283361
0.3140988615126671
0.01039561165927152
0.38077442202415396
0.38070559679313176
0.43349184747860037
0.6217062942027939
0.09248501954586245
2.3746628531454914
0.29525525142090925
9.811850063954873
2.0015679955893604
2.7225211655663992
0.18973962216427903
0.4175169924527567
2.418066929546611
4.0073060593093475
0.9416924662291724
4.8671740270862855
7.030649871517842
2.5678905107935175
2.270196504821704
2.954836443611318
0.36323344290337445
31.07374543234048
619.5471931203621
4.002282722806282
9901.517326988436
1.0999985668917633
23.219008962464464
1.1815609216489853
45.40262934355753
1.291359033563331
1.397036400253832
1.0999975595048592
0.9881861218301208
1.1207155092587586
2.5875972001006744
0
0.001183560958478432
0.00028446632011642223
0
0.003155447401601079
0.016863443620465417
0.02524551486654131
0.03908289891531569
0.021512969500439905
0.02168450794381511
0.03234700934172743
0.022189927889633292
0.032733749955987344
0.023784202103582196
0.022626284813707574
0.035525201408035334
0.026044572435603586
0.020717231809955116
0.0250467337158295
0.020769498159929504
0.023123973405680714
0.02768179093768014
0.04637894720389136
0.027616097195720588
0.019372882128676102
0.0019043958823148507
0.007497738753725116
0.023450897113711195
0.0777031937200926
0.0433658696937128
0.12972175594811786
9120690380456005e-20
0.010208867392266634
0.30384137176106496
48061250024531595e-22
0.07986885722883938
0.011046458424976497
0.0012710992207358716
5486378982822173e-21
12044246770023991e-22
0.11440876557967983
0.09793576495571864
0.004160208632470006
0.042238340910357663
0.02066851699773836
0.005815932136763458
0.012251880296304725
0.00048309778152767644
0.6403145876955775
15699130027263335e-25
0.08558207801827407
0.0003420216955429142
0.009720371832923038
0.011034281307341224
0.0001570843128266853
0.00017090181882532134
0.7366548459175044
0.00039364884071209426
0.060160112381233206
0.33836569040862313
13179244290775587e-22
25861720792358927e-22
0.00014474553542419285
12571617879778313e-21
0.0005948092317616377
1700333822807275e-20
14432278718265938e-23
10044050044164433e-22
19077320655338064e-21
0.08298065108009424
0.08393436176817444
4350160887130406e-20
0.00021272466846080498
0.02001478944995523
0.00822658707421729
0.10092466975525392
0.02061630293895222
27829575835769605e-21
0.16111876285272947
0.04021793714161194
5573481329629561e-22
0.42255682894457974
445896538822639e-21
0.0037782410491020157
0.000983477131635813
22994565953099025e-28
0.4398589335244858
0.7207827015881405
0.018438971930718667
0.4065738654536771
0.8979395745813487
0.007458711648577099
0.2452207302216612
22332184597859133e-26
4630637309424208e-21
0.0006297960949068839
9121436853676275e-20
0.15285527740837365
8645607413202852e-22
0.00011182627368664816
0.19816026149160354
0.0009299897917699832
0.011993824054742806
12200883990754705e-21
0.16252960508771414
0.10789848690908742
0.0217132073066162
3147000530211689e-20
0.00015347161937104316
12006680936931672e-23
0.013869542899783888
0.20004889611453033
833331458297655e-23
11103415644364631e-21
9106413755797777e-21
9651106977206589e-20
10586510070392338e-21
0.5142837904230697
0.1980973081231004
0.005181203046117389
0.0015506651181720948
0.04370671084745262
0.005917340246690549
6760837176879035e-20
0.02924596232626761
8324342057176578e-20
0.0007214669911407554
0.08856787649824374
997038828604667e-21
0.8035801855865403
0.8135935503293222
0.0018313620981381046
0.0005373621692411677
5829910126580711e-24
0.0010318187447145267
10390421399390971e-24
0.010383939756708671
0.030207614020352557
0.0009046961861274108
0.00033774340835705715
0.0001545725144936374
26181875313997745e-22
0.006160449301334018
0.0316087078497563
0.021940363438853947
11257176066108213e-24
0.8949683595324863
0.07250411906891291
0
0
817856108074598e-19
6662159828781874e-20
10336392122167014e-22
7596609798141771e-22
0.0001935193792559717
0.009848190419379349
0.00541931005506518
15204233889952854e-24
0.00013151541678446194
7328781863811244e-21
0.05998443369976153
0.01358702277203449
0.11256559101195124
3845637234896852e-22
0.06481360887247638
0.0077474914983790425
0.00012015752883975035
0.14300305895496762
0.00029651103977559456
18549559457239027e-29
8515525611633949e-20
3736170099276194e-21
0.00012473087547385764
0.016615259703709986
0.0039188097170509495
0.00016357700219880498
0.00015213756109871474
3799874524630593e-24
0.0005147368209855787
0.023480952976552807
1313513372883861e-23
0.0018090680030354812
0.0018039953057358898
44189259286391165e-21
0.12240265331794896
43374217448079625e-21
0.5382595857042899
0.0019142458788036915
0.22989468584464767
0.00331333835504073
0.0007013560051214953
0.0005696038472316455
4475315851761385e-20
0.6560553975452834
1210213234449966e-20
21568076387783517e-21
0.008369784733017787
0.006485162209459022
21715985217978085e-24
8723748710606088e-20
0.003064773669420378
0.15458116640803565
0.031204370251711737
0.00010012250268208242
0.023561309204803028
0.0003542426603205809
0
0.12821107117761063
0.012491097657936448
0.5867972238668313
0.502335228066478
0.5452285345194903
0.055270889314719816
0.03063005507554992
0.8551224463622983
0.5700303939495615
0.8764449994547705
0.48733860342257646
0.2804403389617047
0.000765775557837952
0.01598638196154281
0.1662952905655332
0.4034622210016438
0.16059771202452097
0.0002993198086799071
0.027769914747000923
0.3659984499533931
0.13034496291055006
0.20392145920658672
