0.10765250182884928
36.029463311761106
36.220846522461734
0
36.63839068636029
0.0002570359511922099
36.650249231817725
0
36.69071596473814
0
83.36450849992619
0
25.510455955449387
0
28.343591242969865
0
38.091047751668235
13.41818020038364
24.385838860595385
0.16638731238306315
15017664794436842e-31
2.082790288734843
2.051268684971178
0.1312956264466761
0
3.5610765193016087
0.03371020397614762
0.3851544222441022
0.007012560357939814
3.6879097194384456
3.3456379760078114
0.4001909222367552
0.11039507210721924
0.9550485694336064
0.6661010866724884
0.13502238043076667
1129601799680805e-21
3.820292315824361
4.057951016104307
0.0005436253719790859
0.0008691191725965338
0
1.1189164302293797
0
6.797049836271557
7.684877355825091
4.456596773137875
0
8.890419783807308
0
0.17961100368853158
0.01193826172868881
33.17974486228122
32.9401911867441
19.072402313043124
89.21722607507398
61.65120117801432
0.11127046502621475
0.0021745008200377285
0.009039281967919019
19.23415369048986
35.461664881587524
1.1256539557341636
0.13008932961445113
0.03323850918203189
0.30990668577217945
16.276372188967155
0
16.261993431822738
0
13.081289307275943
0.002204689253257415
0.002203942084161498
15.585739726881027
0.5588611783282275
1.2891701011379628
2.9385444558645784
0
4818691820816596e-20
0.000761689156402833
0.0812169552790542
0.01698676082508213
0.002344280322923523
0.003478223032959953
0.0014241787391045064
0.0008552464260124321
1.1893868737650268
0.6359253203663661
0.09428908616669616
0.23667428875745544
0.00012090115798115886
0.10217696379644896
0.008145944886481016
1.006096862788437
0.09519963655821766
0.1725752834674834
0.02813567995456186
0.022293800149986383
0.7066219885935067
0.0014871744959371045
0
1.2291593764741786
0.8137998849069934
0.010591889219886283
0
2.140785354483793
2160013375452105e-20
0.0062019475846396875
0
0.0023708999690404313
0
0.13313302670271343
1.1759062278567127
0
0
0
0
0.16139068991945435
0.5760788921357587
0.6218858082996479
3.238619369335562
0.3973895709712127
1.1359725252956172
0.1372893808962886
0.019083507611715716
0.08273164479179278
1.0497487285590907
0.003937591960647757
1.683197665318364
9315902082155279e-22
0.041319817945567744
1.4919455619112911
0.42026190064377517
0.1790026444769168
0.0030913625362987093
0.6829086210054688
0.21424389167679656
0.005493724114852391
0.01874780551291636
0.706666705693497
1.845665308555161
0.17718776208444006
0.09748826262044528
0.31409884571835406
0.010395611157187658
0.3807744005536052
0.38070559939161563
0.43349184747864805
0.6217062942027939
0.092485019546054
2.374662853078203
0.29525524025087124
9.811849551089123
2.001567995594851
2.7225211655865738
0.18973962216496174
0.4175169730223204
2.418066929557862
4.0073060593577505
0.9416924662312517
4.867174007315138
7.030649476695754
2.5678903956885466
2.2695535320118028
2.954836271906243
0.36323342860065333
31.073744032548902
619.5471931203621
4.002282722806282
9901.517326988436
1.0999985668917633
23.219008962464464
1.1815609216489853
45.40262934355753
1.2913590335633345
1.3970364002538336
1.0999975595048597
0.9881861218301208
1.1207155092587582
2.587620490432801
0
0.0011835609095515295
0.0002844663201236886
0
0.003155447401720644
0.016863442498528034
0.025245513186954564
0.03908289637919316
0.021512968106778167
0.021684506916979332
0.03234700721390326
0.02218992641469064
0.03273374781166898
0.023784200521197386
0.02262628331982025
0.03552519904450564
0.026044570702835286
0.020717230452662258
0.02504673206693397
0.020769496806426636
0.02312397191312198
0.027681789126631745
0.04637894411873799
0.02761609539568098
0.01937288083977698
0.0019043958823148507
0.007497738753725116
0.023450897113711195
0.0777031937200926
0.0433658696937128
0.12972175594811786
9120690380456005e-20
0.010208867392266634
0.30384137176106496
48061250024531595e-22
0.07986885722883938
0.011046458424976497
0.0012710992207358716
5486378982822173e-21
12044246770023991e-22
0.11440876557967983
0.09793576495571864
0.004160208632470006
0.042238340910357663
0.02066851699773836
0.005815932136763458
0.012251880296304725
0.00048309778152767644
0.6403145876955775
15699130027263335e-25
0.08558207801827407
0.0003420216955429142
0.009720371832923038
0.011034281307341224
0.0001570843128266853
0.00017090181882532134
0.7366548459175044
0.00039364884071209426
0.060160112381233206
0.33836569040862313
13179244290775587e-22
25861720792358927e-22
0.00014474553542419285
12571617879778313e-21
0.0005948092317616377
1700333822807275e-20
14432278718265938e-23
10044050044164433e-22
19077320655338064e-21
0.08298065108009424
0.08393436176817444
4350160887130406e-20
0.00021272466846080498
0.02001478944995523
0.00822658707421729
0.10092466975525392
0.02061630293895222
27829575835769605e-21
0.16111876285272947
0.04021793714161194
5573481329629561e-22
0.42255682894457974
445896538822639e-21
0.0037782410491020157
0.000983477131635813
22994565953099025e-28
0.4398589335244858
0.7207827015881405
0.018438971930718667
0.4065738654536771
0.8979395745813487
0.007458711648577099
0.2452207302216612
22332184597859133e-26
4630637309424208e-21
0.0006297960949068839
9121436853676275e-20
0.15285527740837365
8645607413202852e-22
0.00011182627368664816
0.19816026149160354
0.0009299897917699832
0.011993824054742806
12200883990754705e-21
0.16252960508771414
0.10789848690908742
0.0217132073066162
3147000530211689e-20
0.00015347161937104316
12006680936931672e-23
0.013869542899783888
0.20004889611453033
833331458297655e-23
11103415644364631e-21
9106413755797777e-21
9651106977206589e-20
10586510070392338e-21
0.5142837904230697
0.1980973081231004
0.005181203046117389
0.0015506651181720948
0.04370671084745262
0.005917340246690549
6760837176879035e-20
0.02924596232626761
8324342057176578e-20
0.0007214669911407554
0.08856787649824374
997038828604667e-21
0.8035801855865403
0.8135935503293222
0.0018313620981381046
0.0005373621692411677
5829910126580711e-24
0.0010318187447145267
10390421399390971e-24
0.010383939756708671
0.030207614020352557
0.0009046961861274108
0.00033774340835705715
0.0001545725144936374
26181875313997745e-22
0.006160449301334018
0.0316087078497563
0.021940363438853947
11257176066108213e-24
0.8949683595324863
0.07250411906891291
0
0
817856108074598e-19
6662159828781874e-20
10336392122167014e-22
7596609798141771e-22
0.0001935193792559717
0.009848190419379349
0.00541931005506518
15204233889952854e-24
0.00013151541678446194
7328781863811244e-21
0.05998443369976153
0.01358702277203449
0.11256559101195124
3845637234896852e-22
0.06481360887247638
0.0077474914983790425
0.00012015752883975035
0.14300305895496762
0.00029651103977559456
18549559457239027e-29
8515525611633949e-20
3736170099276194e-21
0.00012473087547385764
0.016615259703709986
0.0039188097170509495
0.00016357700219880498
0.00015213756109871474
3799874524630593e-24
0.0005147368209855787
0.023480952976552807
1313513372883861e-23
0.0018090680030354812
0.0018039953057358898
44189259286391165e-21
0.12240265331794896
43374217448079625e-21
0.5382595857042899
0.0019142458788036915
0.22989468584464767
0.00331333835504073
0.0007013560051214953
0.0005696038472316455
4475315851761385e-20
0.6560553975452834
1210213234449966e-20
21568076387783517e-21
0.008369784733017787
0.006485162209459022
21715985217978085e-24
8723748710606088e-20
0.003064773669420378
0.15458116640803565
0.031204370251711737
0.00010012250268208242
0.023561309204803028
0.0003542426603205809
0
0.12821107117761063
0.012491097657936448
0.5867972238668313
0.502335228066478
0.5452285345194903
0.055270889314719816
0.03063005507554992
0.8551224463622983
0.5700303939495615
0.8764449994547705
0.48733860342257646
0.2804403389617047
0.000765775557837952
0.01598638196154281
0.1662952905655332
0.4034622210016438
0.16059771202452097
0.0002993198086799071
0.027769914747000923
0.3659984499533931
0.13034496291055006
0.20392145920658672
