0.11314815801460712
36.080568894606756
36.13901074350857
0
36.5516268677418
0.0002566999803642024
36.55743483390071
0
36.582452123363176
0
83.54116718244649
0
25.353708484116666
0
28.1561912647669
0
38.273271611726386
13.59471470970367
24.642726894491016
0.1668161122861882
1502605110240107e-30
2.0675745310525064
2.063397413516551
0.13067449252442492
0
3.4009763991250894
0.032291022879582895
0.3835627132037228
0.007011996944066362
3.674044667069198
3.331959758913794
0.3980849952244537
0.11006001229312147
0.9495367691766866
0.6623362863030626
0.13202989394780773
11539732234015225e-22
3.6572895853992753
3.889059282960904
0.0005462255602768978
0.0007109618268244257
0
1.1070192868708273
0
6.663985904159758
7.399808658465678
4.454519045323531
0
8.669764452157732
0
0.1800049801327033
0.01190033320379746
33.17597793888982
32.94018673753606
19.067425384337255
89.19980564624466
61.649511278445175
0.11125097493804378
0.002210485707571487
0.009038870848161571
19.218846872697604
35.446132380366734
1.1200099077164873
0.13137289007600497
0.03429739735588155
0.3172219924398858
16.306432326795225
0
16.29339868671843
0
13.125947370619013
0.002220962224403162
0.00222021069832918
15.572330409929586
0.5601262756630436
1.289718707093418
2.9352486455373246
0
4998965517632428e-20
0.000759685975283349
0.08089950236699282
0.017522105333955523
0.0023570111866678058
0.0033758331653060344
0.0014328538063598873
0.0008532219780610597
1.2148965467431878
0.634001912318899
0.09438976262235023
0.2364832579089183
0.00012210020262941828
0.10062373882988362
0.007945675009445237
0.9613077959261773
0.09566455767380708
0.17197338206913795
0.028266924961733147
0.021504899714721658
0.6852787130754343
0.0014882190077115478
0
1.2272758682251104
0.8096232419891132
0.010648029725821429
0
2.114233081327012
2153738261990676e-20
0.006212666117317043
0
0.0023294969071131584
0
0.1330855134407542
1.1728738380524257
0
0
0
0
0.1620598117207505
0.574893850926369
0.5994590139918676
3.0899143733020096
0.4000312081548227
1.1283377622547999
0.13811659170986806
0.019127382609534446
0.08286296387139769
1.0096589934310822
0.003926810236492389
1.6789724690003687
9327135817590453e-22
0.03999221624991434
1.4477006718420422
0.4206031537943584
0.16486652948298366
0.0030883353679869653
0.6747247410586898
0.21482824462790442
0.005718156644354848
0.018716911347930496
0.6970691227476128
1.8231780746749362
0.179155860809279
0.09755362321376644
0.3153741616250161
0.009626909789579747
0.3818424775459989
0.38178887096190306
0.435042024407555
0.6211968204638234
0.08954621099589358
2.335335306452882
0.2963800999431191
9.873780903659188
2.0024419110152962
2.723819583517522
0.18905915974904133
0.4198619943137429
2.419834047421023
4.010400719935399
0.9396916657869473
4.877070608246924
7.071170690276634
2.627824583439427
2.2734735269161943
2.948645220040705
0.3668605617271063
31.040679260867208
619.5452536068252
4.002281738448339
9863.06532981281
1.0999984937316918
23.219006210292097
1.1815065250647447
45.40101008175968
1.2917800396315229
1.3970369571809076
1.0999974863276711
0.9913811024118353
1.1205226895417821
2.6385618613398862
0
0.0011865446084249364
0.0002972438384470779
0
0.0033263434157543873
0.016481138495098798
0.024574945807308582
0.03789036583873201
0.020968437335502764
0.02112335329150032
0.03143894692178424
0.021535794305847726
0.031714851757402074
0.02314241925450897
0.022052546212443545
0.03465379117219153
0.025348163261407035
0.02019525732776094
0.024429199801954796
0.020250732155291797
0.02239630898832629
0.026981652810062776
0.04552026247529709
0.026996531693394513
0.018876050266328763
0.001904375947105368
0.007497429566150448
0.023447867344157585
0.07766973822914663
0.04335548722349609
0.12962799120476556
9120685808741135e-20
0.010208294015219993
0.3033170079890995
4806124875509826e-21
0.07983350270578263
0.011045787043197274
0.0012710903402571398
5486378817400879e-21
12044246690301854e-22
0.11433595139665204
0.09788250363802316
0.004160113475764254
0.04222849249340412
0.02066616421438987
0.005815746132305633
0.012251054288839212
0.00048309649886737896
0.6378922909872712
15699130027127884e-25
0.08554145981397121
0.0003420210526443599
0.009719852042071868
0.011033611405805936
0.00015708417721648898
0.00017090165830844093
0.7334103987841158
0.00039364798907328563
0.060140095536246295
0.3377128569621264
13179244195320155e-22
25861720424793625e-22
0.00014474542028146772
12571617011213022e-21
0.0005948072872880126
17003336639201462e-21
14432278706819e-20
10044049988722633e-22
1907731865522207e-20
0.08294247529075585
0.08389529943483189
43501598471331936e-21
0.00021272441976700535
0.020012583297900007
0.008226214824750416
0.1008680897346003
0.02061396204095531
278295715794523e-19
0.1609736242164217
0.040209010267037715
5573481312558023e-22
0.4215288547875766
44589653772997207e-23
0.0037781625669172742
0.0009834718155387937
2299456595309873e-27
0.43874281878166904
0.717682713151176
0.01843709980631352
0.40562393812529635
0.8930183424896689
0.007458405672636102
0.24488140723805288
2233218459783174e-25
46306371915818855e-22
0.0006297939149486297
9121432281213036e-20
0.1527247619463443
8645607372124726e-22
0.00011182620496202669
0.19793982687560766
0.0009299850382175134
0.011993032498019546
12200883172661648e-21
0.1623818908457532
0.10783376904294092
0.021710610383593152
3146999985941409e-20
0.00015347148992681257
1200668092900911e-22
0.013868484190584441
0.19982419309834756
8333314582594914e-24
1110341496682726e-20
9106413300060314e-21
9651101858288133e-20
10586509454470404e-21
0.5127446694870847
0.1978770150642845
0.00518105543571496
0.0015506519013741816
0.04369616414974447
0.005917147697187598
6760834664856164e-20
0.02924124725745984
8324338248946468e-20
0.0007214641303548402
0.08852436077896943
9970388231415092e-22
0.7996866562022729
0.8095972760654098
0.0018313436627853986
0.000537360582236459
5829910126393923e-24
0.0010318128931311708
10390421398797661e-24
0.010383346534376633
0.030202583265623105
0.0009046916876422158
0.00033774278144199177
0.00015457238318565116
26181874937275594e-22
0.006160240600019722
0.03160319878289369
0.021937711831885406
11257176065411791e-24
0.890081542112836
0.0724750069202696
0
0
8178557404732595e-20
6662157389552255e-20
1033639206345086e-21
7596609766427174e-22
0.00019351917344084227
0.00984765686144211
0.005419148561731996
1520423388868243e-23
0.00013151532172860572
7328781568633588e-21
0.05996453396143806
0.013586006785183489
0.11249511803638328
38456372267693703e-23
0.06479036408050537
0.007747161360742043
0.0001201574494933909
0.14288894781285366
0.00029651055658908563
1854955945723901e-28
8515521626468524e-20
3736170022562481e-21
0.00012473078997246692
0.016613739883680253
0.003918725285158828
0.0001635768551466148
0.00015213743389511956
379987452455124e-23
0.0005147353648108846
0.023477915426182747
13135133727890435e-24
0.0018090500138385564
0.0018039774172918664
44189248555025045e-21
0.12231923665658415
43374207108929624e-21
0.5365688139919786
0.0019142257368206207
0.22959695719658357
0.003313278001585462
0.000701353301607946
0.0005696020640674497
4475314751061357e-20
0.6535076425436631
12102131539596002e-21
21568073831297844e-21
0.008369399405700369
0.006484930919430879
2171598521538642e-23
8723744528165083e-20
0.003064722033009688
0.15444766200652615
0.031199001456280944
0.00010012244759021289
0.023558250802811365
0.0003542419706568041
0
0.12811949253757635
0.01249023905846296
0.5847760697787447
0.500868863508988
0.543492258510076
0.05525400257945596
0.030624882400151588
0.8506841493712264
0.5681269299594394
0.871769688545342
0.4859609173178566
0.27999480430706336
0.0007657723348591666
0.01598497510597289
0.16614058882511482
0.40252711308796485
0.16045351877994737
0.0002993193162957052
0.02776566427038073
0.3652322332556932
0.13025028870896807
0.20368787313360323
