0.11370351193691779
36.085434429382126
36.13294077774813
0
36.54507905526619
0.00025668297011416125
36.550388851866785
0
36.574132961800835
0
83.55827432249247
0
25.33836593891158
0
28.13728344277481
0
38.29073349261448
13.611223940361008
24.667644596467202
0.16685761968422994
150357617496997e-29
2.0660319292136227
2.0645608233739994
0.13062037061677928
0
3.384897421267704
0.032148557260673366
0.3834012419841751
0.007011940738907482
3.672636550274733
3.3305721003961977
0.3978749419455318
0.11003351147323975
0.9489791428563489
0.6619604596893661
0.13174109273159043
11564566412397114e-22
3.6409186671669302
3.8721976848622552
0.0005464896651249656
0.0007001931063719969
0
1.1058359264235205
0
6.651344033146291
7.373459112491401
4.45430910307917
0
8.64840886641074
0
0.18004318874132938
0.011896728466209013
33.175597303285116
32.940186288463686
19.066878013817956
89.19818645956788
61.649340517917885
0.1112479880155901
0.002214057500495397
0.009038829203022705
19.217352784593718
35.443769981891805
1.1194415761768253
0.13150034276531056
0.03440240223295425
0.3179401880745443
16.30919231170993
0
16.296278465405138
0
13.130209134265344
0.002222575028971229
0.002221823052084908
15.570976419579125
0.5602493222718002
1.2897689365464111
2.93491579401819
0
50168928442248455e-21
0.0007594979851727957
0.08086653564396307
0.017575283685745173
0.002358259767756309
0.0033661144103481716
0.0014337819743992695
0.0008530214345695798
1.2173925320779007
0.6338084969583673
0.09439704989244778
0.23646397755756798
0.00012221876041916725
0.10047708720143003
0.007927233739797299
0.9568856106264088
0.09570871170166449
0.1719108830007763
0.028279265178240625
0.021425703754058847
0.6831354389586289
0.0014883222978062558
0
1.2270857816311105
0.8091822015795331
0.010653551735293343
0
2.111570284148409
2153087254262458e-20
0.006213653205025231
0
0.0023254902788382146
0
0.1330807428291912
1.1725682117109912
0
0
0
0
0.16211160419884987
0.5747731684818389
0.5972328850629894
3.074962265980974
0.40028868846770144
1.1275505020073684
0.13819961537718334
0.019131726090097403
0.08286508081256438
1.0056746497987095
0.003925684709766613
1.6785313419906727
9328258145724732e-22
0.03985931534429749
1.4432587051193901
0.4206254180594081
0.16348054729557532
0.0030880232998590678
0.6739048837608322
0.21488653591529155
0.005740546113440874
0.018713713666543282
0.6961209548622674
1.820918833468789
0.17935322874655468
0.09755912422968356
0.31549274057311905
0.009551034540301503
0.38193608471016915
0.38188386814831393
0.43519730809350227
0.6211455959696128
0.08925300013209342
2.331333106566315
0.2964890470291241
9.879722858897264
2.002531516378417
2.7239649485771684
0.18898998623465688
0.4200868167864931
2.4200153308822654
4.010747531474267
0.9394878969941995
4.877906322301196
7.074832691094234
2.6339605071666647
2.273862073843075
2.947959378863877
0.3672171975756438
31.036704149771488
619.5450576130153
4.002281638975783
9859.187947578472
1.099998486338629
23.219005932176152
1.1815010282524028
45.40084645330409
1.2918210417379614
1.3970370068530265
1.099997478932882
0.9916841230246477
1.1205032063285296
2.643632661373608
0
0.0011868120311917091
0.00029852718483703195
0
0.0033435015202404714
0.01644229687179359
0.02450717932036046
0.03777046660361984
0.02091330835215722
0.021066823132969214
0.03134730361409385
0.021470268678268865
0.031612467882400186
0.023077621813809002
0.02199451138152936
0.03456555992397875
0.025277818133499465
0.020142451965278634
0.024366528753024478
0.020198243532426146
0.02232320393456724
0.026910846925277853
0.04543204330114386
0.026933502397811684
0.018825813167148382
0.0019043739325992559
0.00749739832245028
0.023447561197872672
0.07766635824449042
0.04335443817942749
0.1296185197439307
9120685346754614e-20
0.010208236075397144
0.30326406969537206
480612486268179e-20
0.07982993088706125
0.01104571920015616
0.001271089442859348
548637880068452e-20
12044246682245673e-22
0.1143285958653607
0.0978771230204248
0.004160103859990899
0.04222749740661377
0.02066592647288471
0.005815727336281473
0.01225097082119787
0.00048309636925057583
0.6376480203979914
15699130027114196e-25
0.08553735628501642
0.0003420209876774384
0.009719799517063029
0.01103354371234078
0.00015708416351264433
0.00017090164208769676
0.7330833328671695
0.0003936479030125181
0.06013807313954816
0.33764695613315504
13179244185674072e-22
25861720387649956e-22
0.00014474540864592615
12571616923441679e-21
0.0005948070907929856
17003336478640865e-21
1443227870566225e-22
10044049983120058e-22
19077318453103857e-21
0.08293861848035465
0.08389135307056732
43501597420381085e-21
0.00021272439463570464
0.020012360372592193
0.00822617720866881
0.10086237390453053
0.02061372550039076
27829571149337637e-21
0.16095896476097046
0.040208108287582714
5573481310832888e-22
0.4214251138847773
44589653761955455e-23
0.0037781546361280787
0.0009834712783315074
22994565953098702e-28
0.4386301894339449
0.7173701919278875
0.01843691063263152
0.40552806843978173
0.8925225389364388
0.007458374753470931
0.24484714367985208
2233218459782897e-25
4630637179673536e-21
0.0006297936946571815
9121431819150889e-20
0.1527115791359467
8645607367973649e-22
0.00011182619801718263
0.1979175648874425
0.0009299845578569356
0.011992952511545866
12200883089990688e-21
0.16236697131209174
0.10782723125211852
0.021710347973359634
3146999930941132e-20
0.00015347147684605835
12006680928208511e-23
0.013868377209074325
0.19980150017424347
8333314582556348e-24
11103414898359908e-21
9106413254006563e-21
9651101341004933e-20
10586509392229493e-21
0.5125893927977742
0.19785476736774116
0.005181040519437914
0.0015506505657800558
0.04369509851325091
0.0059171282397829745
6760834411008139e-20
0.02924077082672168
8324337864112533e-20
0.0007214638412637549
0.08851996456370124
9970388225894394e-22
0.7992942534378978
0.80919453319415
0.001831341799843404
0.0005373604218647351
5829910126375048e-24
0.001031812301811497
10390421398737704e-24
0.010383286589217016
0.030202074938116472
0.0009046912330569081
0.00033774271809025125
0.0001545723699165585
26181874899206596e-22
0.00616021951046683
0.03160264212719849
0.021937443896210315
11257176065341415e-24
0.889589200238114
0.07247206569339358
0
0
8178557033259585e-20
6662157143060222e-20
10336392057517402e-22
7596609763222309e-22
0.0001935191526425666
0.009847602945286324
0.005419132242573442
15204233888554052e-24
0.00013151531212290626
7328781538804927e-21
0.059962523395498304
0.013585904120636115
0.11248799896810516
3845637225948062e-22
0.0647880155825465
0.007747128000043287
0.00012015744147518626
0.14287742157791258
0.000296510507761562
18549559457239007e-29
8515521223754707e-20
3736170014810311e-21
0.00012473078133227672
0.016613586308660007
0.003918716753142868
0.00016357684028652032
0.00015213742104078868
3799874524543221e-24
0.0005147352176599274
0.02347760849370502
1313513372779462e-23
0.0018090481959816814
0.0018039756096163162
4418924747058576e-20
0.12231081029503021
4337420606412504e-20
0.536398251758286
0.0019142237014195464
0.2295668922078726
0.003313271902733776
0.0007013530284096933
0.0005696018838732217
44753146398320567e-21
0.6532507346921512
12102131458257873e-21
2156807357295667e-20
0.008369360468109275
0.00648490754728059
21715985215124524e-24
8723744105515935e-20
0.0030647168150309337
0.15443417736893716
0.031198458973441572
0.00010012244202300208
0.023557941763435074
0.0003542419009641123
0
0.12811024185816403
0.012490152297478472
0.5845722132811484
0.5007209209449446
0.5433171100700521
0.05525229640701762
0.030624359733087424
0.8502369285732939
0.567934932696274
0.871298622877626
0.48582191451210244
0.279949820978441
0.0007657720091674379
0.015984832945532212
0.16612496372002197
0.40243273805012153
0.1604389547882233
0.0002993192665387261
0.027765234782096283
0.36515489386225325
0.13024072539955686
0.2036642833920896
