0.11736066008323538
36.11625514860922
36.10108710556386
0
36.5101739015056
0.00025663271292331415
36.512617780306
0
36.52905273728918
0
83.66794734662108
0
25.23937228351159
0
28.012985630821603
0
38.401488901063885
13.714324365818738
24.826806735139627
0.16712363851793396
15131734549003162e-31
2.0558709079909523
2.071967232262155
0.13029518817889532
0
3.2795362460001773
0.03121438023771455
0.38233505102598186
0.0070115738570181675
3.6633319948805485
3.321409101257065
0.3965003704717227
0.10988269096090796
0.9453041434442507
0.6595001593951323
0.12989857110362382
1172809454014986e-21
3.533584252346379
3.7619361745794047
0.0005482359546709781
0.0006452675330051916
0
1.0981122075555423
0
6.571284749186076
7.209932054167675
4.452926683504232
0
8.51191419073594
0
0.1802883876130357
0.011873929702679125
33.17309083100969
32.94018333334806
19.06308995749328
89.18659003631389
61.64821604174992
0.1112242684153964
0.0022372375196751514
0.009038554557603558
19.20773169393781
35.42487140515598
1.1157064477556942
0.1323304931229759
0.03508521364154249
0.3225744107784421
16.326253302147123
0
16.314063761569017
0
13.157249560177059
0.0022330709221127384
0.0022323159418708234
15.562064661504959
0.5610403828248963
1.2900786439553802
2.9327248030103656
0
5133697053452704e-20
0.0007583194891306294
0.0806466718280778
0.017921367671838617
0.002366330091700019
0.0033046568330945534
0.0014400548933167887
0.0008517120057296324
1.2334771419857407
0.6325390417442674
0.09443359955329417
0.23633747230046206
0.00012298933031792134
0.09955547910161483
0.007813191549425332
0.9282316026125305
0.09598803281436953
0.17149298898916884
0.028356757910670348
0.020907121968062506
0.6690906366960915
0.0014889959555100375
0
1.2258350962385223
0.8062006415077617
0.01068932217807908
0
2.0941278209262437
2148734192453948e-20
0.0062197703132006186
0
0.002299832750773574
0
0.13304946680528407
1.1705593450223413
0
0
0
0
0.16239013407325079
0.5739746503223958
0.5827551171186334
2.976917491011914
0.401942085149761
1.122305034402735
0.13874374793427682
0.019160007935242553
0.082830471935608
0.9797357565551267
0.003918109978532469
1.6755622619648387
9335590552165571e-22
0.03899019295517517
1.4141529395442876
0.42072149657755303
0.1545516200683407
0.0030859410118461933
0.6685381831070918
0.21526695707134427
0.005886710416512469
0.01869253010455942
0.6899739735502621
1.8061021983110288
0.1806460278327699
0.09759157950078795
0.3162313164622942
0.00906015597101687
0.38249358433412856
0.38244989385518174
0.4362136287978772
0.6208094513386624
0.08733960752250895
2.3048706123936546
0.29718855376758324
9.917554001830771
2.0031257435295955
2.724977650998287
0.18853285408962017
0.42151752107826174
2.421217924105222
4.013165099222184
0.9381395879019252
4.8827571070814315
7.09715143717312
2.6746571578319993
2.2764236235788293
2.943250114758171
0.3695246017840026
31.0081371511906
619.543766945011
4.002280983923525
9833.69243193183
1.0999984376534138
23.21900410071133
1.1814648309707119
45.39976893264671
1.2920844256173851
1.3970373061737444
1.0999974302362834
0.9935954087857002
1.1203749128294063
2.676646264439668
0
0.001188433100490469
0.00030694135697339087
0
0.003455958739206366
0.016186123134392043
0.024061739322203637
0.036984933302504776
0.0205505046293833
0.02069591863570286
0.030745421058790738
0.021042005469192222
0.03094192985665532
0.022651953793323607
0.021612818419940023
0.033984913917675524
0.024815570933560537
0.019795123950254647
0.023953474075209744
0.019852965165634062
0.0218444747648399
0.026445219782269717
0.04484601047820875
0.026517440756665116
0.018495485331369462
0.001904360666612575
0.007497192577915724
0.023445545245823138
0.07764410385112687
0.04334753058885342
0.12955616502466702
9120682304455355e-20
0.010207854535002786
0.3029156881237887
48061247782058785e-22
0.07980641353473648
0.01104527244672099
0.0012710835332803354
54863786906030045e-22
12044246629193655e-22
0.11428016962050284
0.0978416976585657
0.004160040538209939
0.04222094509025768
0.020664360952346545
0.0058156035611543295
0.012250421179554877
0.0004830955156915212
0.6360417703839187
1569913002702406e-24
0.0855103384094178
0.0003420205598538901
0.00971945363348479
0.01103309794386728
0.00015708407326933913
0.0001709015352699707
0.7309331596282564
0.0003936473362807407
0.060124756836566894
0.33721330331897537
13179244122152151e-22
2586172014304936e-21
0.00014474533202292123
1257161634544487e-20
0.0005948057968244103
1700333542130813e-20
14432278698044752e-23
10044049946225669e-22
190773171221036e-19
0.0829132248724913
0.08386536988466729
4350159049960056e-20
0.000212724229139712
0.020010892414230146
0.008225929501410729
0.10082474178475426
0.020612167887837676
27829568316922325e-21
0.16086246182004085
0.04020216902663752
5573481299472434e-22
0.42074259077082277
4458965368924267e-22
0.003778102410261052
0.000983467740690947
229945659530985e-26
0.4378892180350571
0.7153155555983965
0.018435664923848506
0.40489730761656206
0.8892644131433525
0.007458171146032107
0.24462162905720447
22332184597810735e-26
46306371012539955e-22
0.0006297922439833676
9121428776353621e-20
0.1526247953603858
8645607340637735e-22
0.00011182615228361245
0.19777102650006356
0.0009299813945654123
0.011992425793406229
1220088254558121e-20
0.16226875658322867
0.10778418811974343
0.021708620013819502
314699956875022e-19
0.0001534713907059617
1200668092293635e-22
0.013867672728977223
0.199652125794207
833331458230238e-23
1110341444748483e-20
9106412950730801e-21
9651097934562967e-20
10586508982357124e-21
0.5115680296973519
0.19770832303393882
0.005180942292996869
0.0015506417705785996
0.04368808167241052
0.005917000109376481
6760832739353967e-20
0.029237633601870604
8324335329882721e-20
0.0007214619375276377
0.08849101980973603
9970388189539176e-22
0.7967149851353721
0.8065473671620026
0.001831329531939454
0.0005373593657769585
5829910126250751e-24
0.0010318084078281087
10390421398342875e-24
0.010382891843595381
0.03019872768465928
0.0009046882395016623
0.00033774230090307327
0.0001545722825362055
2618187464851246e-21
0.0061600806321502315
0.03159897665141658
0.021935679552735014
11257176064877967e-24
0.8863537972900203
0.07245269994026754
0
0
817855458701487e-19
6662155519847136e-20
1033639201844406e-21
7596609742117462e-22
0.00019351901568063777
0.009847247900931838
0.0054190247779523516
15204233887708634e-24
0.000131515248866927
7328781342375539e-21
0.059949284986199725
0.013585228067611733
0.11244112932648795
3845637220539532e-22
0.0647725522465447
0.007746908314865648
0.00012015738867326368
0.1428015415798245
0.000296510186219985
18549559457238997e-29
8515518571781316e-20
3736169963760281e-21
0.00012473072443442101
0.016612575013181762
0.003918660568091423
0.00016357674242901702
0.00015213733639174708
3799874524490415e-24
0.0005147342486341487
0.023475587364758927
13135133727163646e-24
0.00180903622497311
0.001803963705653999
44189240329275334e-21
0.12225533503683839
433741991838193e-19
0.5352764089704429
0.0019142102978350066
0.22936900484123113
0.003313231740510138
0.0007013512293317228
0.0005696006972493957
4475313907358626e-20
0.6515614511105744
12102130922625431e-21
21568071871713815e-21
0.00836910405860036
0.0064847536377747265
21715985213399875e-24
8723741322263306e-20
0.0030646824535231804
0.15434540696817792
0.031194886820256184
0.00010012240536149742
0.02355590676105518
0.00035424144202018774
0
0.12804934043908203
0.012489580969174434
0.5832315396543106
0.49974777195975695
0.5421651215015046
0.05524106213925056
0.03062091805907263
0.8472977311016822
0.566672200942798
0.8682028854553303
0.4849075378452216
0.27965377465299984
0.0007657698644072548
0.01598389681411117
0.16602210508679882
0.4018118065842888
0.16034308017435145
0.00029931893887645165
0.02776240665740554
0.36464600296185445
0.13017776608645307
0.20350900710661887
