0.11820947351713414
36.12312223295508
36.0954941539669
0
36.50389412061859
0.0002566346473520007
36.50576695425705
0
36.52074529646795
0
83.69271063376867
0
25.216876504979982
0
27.984199119526014
0
38.42616072363138
13.736917637549297
24.862515538980087
0.1671836798817677
1516104869582058e-30
2.053514279753206
2.073626299378171
0.13022655508385497
0
3.2552205451431306
0.03099853601920868
0.3820868828403702
0.007011489496036781
3.6611645944349633
3.3192762282705375
0.39618305213676247
0.1098524505087186
0.9444504723384338
0.6589320300706122
0.1294852414824888
11765938897631147e-22
3.5087924732961175
3.7365231578645246
0.000548643151685714
0.0006357548089202298
0
1.0963348286736128
0
6.5534388829029835
7.174307557619223
4.452605855747842
0
8.481238327057023
0
0.18034381106223038
0.011868859651267204
33.17250911359527
32.940182647971
19.0621676094286
89.18396365966657
61.6479550585354
0.11121782677222211
0.0022425479373450875
0.009038490720028868
19.205549922293024
35.419696527321776
1.1148411809986014
0.13252103299879783
0.0352415992630241
0.3236265539663417
16.329954808598295
0
16.31791847422513
0
13.163285579141425
0.00223547832883135
0.0022347226450959035
15.559997384448913
0.5612195213523306
1.2901456265884652
2.932216509315567
0
5160505211965011e-20
0.0007580599846243362
0.08059509523228627
0.018000685742942262
0.002368168009124096
0.0032909857817933295
0.001441542168586898
0.0008514101248683611
1.2371256186905102
0.6322454400266054
0.09443944197375122
0.23630826067539165
0.00012316585899199933
0.09935210410921738
0.007788456335141479
0.9216959196493505
0.09605018780712885
0.1713945825958252
0.028373858229703192
0.020787550235978697
0.6658488951746067
0.0014891510789692343
0
1.2255450776754562
0.8054908030381893
0.010697488574236297
0
2.090102399374549
2147708756950182e-20
0.006221101543874967
0
0.002294048766045773
0
0.13304224221468366
1.1700940332508203
0
0
0
0
0.1624403883598372
0.5737884302215738
0.5794397207063211
2.954275171088026
0.40231551756781153
1.1210736168457622
0.13886939482595753
0.01916650270868065
0.08281071839699251
0.9737890434359007
0.003916311746801276
1.6748573165951472
9337277960463294e-22
0.03879001576541479
1.4074353045304635
0.4207318580372952
0.1525287179151619
0.00308545108647707
0.667300534908706
0.21535440228244065
0.0059203238708533355
0.01868760584548395
0.6885710215593973
1.8026785338519775
0.18094436816097897
0.09759831752200274
0.31639278123197645
0.008948458170164078
0.3826090986661344
0.38256725014694204
0.43644795992410035
0.6207317255423549
0.08689987717194776
2.2987047140595775
0.29734686546273553
9.926029096957356
2.0032644900433425
2.725225335065312
0.1884263884651804
0.4218378698132122
2.421498811033244
4.013756730144375
0.9378251459229937
4.883732297502239
7.101907233750947
2.6841658238936104
2.2770163895140136
2.9421183163601246
0.3700504023806448
31.00097046947468
619.5434673851105
4.002280831887818
9827.784430196261
1.0999984263537173
23.2190036756337
1.1814564298456147
45.39951884689682
1.2921439643443584
1.3970373690431745
1.0999974189339485
0.9940189203468058
1.1203451383825587
2.6842352294827156
0
0.0011887764073424609
0.0003088849698964576
0
0.003481924779983636
0.01612663199950212
0.02395865035578991
0.036803750546424534
0.02046643585218893
0.020610232279778425
0.030606244345859616
0.020943475070539275
0.03078732799936364
0.022553502072965838
0.021524430633651455
0.033850372339872294
0.02470862679778593
0.01971468689742584
0.023857616832185055
0.019772994675750596
0.02173410948186155
0.02633740991544985
0.04470890681678272
0.026420731034941355
0.01841901127489859
0.001904357587628915
0.00749714482601575
0.023445077374006754
0.07763893958307205
0.04334592751456844
0.1295416969654541
9120681598346703e-20
0.010207765982627438
0.30283488701591216
48061247585992655e-22
0.07980095621642123
0.01104516875913342
0.0012710821616881856
5486378665053406e-21
12044246616880436e-22
0.11426893296328319
0.0978334773687124
0.004160025841546804
0.04221942446209118
0.020663997616546224
0.005815574833684454
0.01225029361285625
0.00048309531758316605
0.6356695433423972
15699130027003139e-25
0.08550406885947578
0.00034202046055736705
0.009719373356673524
0.011032994484877903
0.00015708405232413823
0.00017090151047789712
0.7304350130928732
0.0003936472047440623
0.06012166658305225
0.3371127334253366
131792441074089e-20
25861720086278276e-22
0.00014474531423895075
12571616211293496e-21
0.0005948054964984749
1700333517590429e-20
14432278696276754e-23
10044049937662587e-22
1907731681318233e-20
0.08290733220182013
0.08385934041365684
4350158889330772e-20
0.00021272419072859252
0.020010551720766007
0.008225872010344052
0.10081600948712324
0.020611806387329294
2782956765952702e-20
0.16084007204253292
0.04020079066691397
5573481296835707e-22
0.4205843372609978
4458965367236624e-22
0.0037780902888926377
0.0009834669196166952
22994565953098456e-28
0.43771741978239215
0.7148395225246562
0.018435375810502648
0.4047510502015228
0.8885099138230682
0.00745812389013328
0.2445693174758746
223321845978065e-24
4630637083053049e-21
0.000629791907286678
9121428070129382e-20
0.15260466015148166
8645607334293149e-22
0.00011182614166898668
0.19773703088332478
0.0009299806603762007
0.011992303546967654
12200882419225358e-21
0.16224596972655608
0.10777420039109317
0.02170821897910764
314699948468677e-19
0.00015347137071310303
12006680921712698e-23
0.013867509226315217
0.19961747240622993
8333314582243434e-24
1110341434283804e-20
910641288034138e-20
9651097143937879e-20
10586508887226944e-21
0.5113312654330184
0.19767434923176738
0.005180919495192243
0.001550639729245089
0.043686453245208215
0.00591697037107901
6760832351367961e-20
0.029236905509247478
8324334741695472e-20
0.0007214614956767474
0.08848430317001682
9970388181101237e-22
0.7961175355242596
0.8059342068829864
0.0018313266846064261
0.000537359120662358
5829910126221901e-24
0.001031807504048006
10390421398251237e-24
0.01038280022643203
0.03019795084992434
0.0009046875447076243
0.00033774220407521797
0.00015457226225548709
26181874590327087e-22
0.006160048399345082
0.03159812596595309
0.021935270074042383
11257176064770402e-24
0.8856045537448132
0.07244820594533387
0
0
81785540192487e-18
6662155143104163e-20
10336392009375251e-22
7596609737219088e-22
0.00019351898389218683
0.009847165498001475
0.005418999836031481
15204233887512417e-24
0.0001315152341854028
7328781296784851e-21
0.05994621280788372
0.01358507116248387
0.1124302538117644
3845637219284228e-22
0.06476896377903665
0.007746857327466451
0.00012015737641809454
0.14278393581607185
0.0002965101115911713
18549559457238994e-29
8515517956266135e-20
3736169951911718e-21
0.0001247307112285981
0.016612340303248558
0.003918647527819795
0.00016357671971658388
0.0001521373167449578
37998745244781585e-25
0.0005147340237263484
0.023475118291495498
13135133727017199e-24
0.0018090334465482108
0.0018039609427902452
44189238671798145e-21
0.12224246298903885
4337419758692053e-20
0.5350163681821916
0.0019142071869154903
0.22932310015511634
0.0033132224190446065
0.0007013508117716252
0.0005696004218378149
44753137373536933e-21
0.6511699983362849
12102130798306705e-21
2156807147686032e-20
0.00836904454782331
0.006484717916348946
21715985212999586e-24
8723740676278606e-20
0.0030646744783723893
0.1543248109136432
0.031194057792387472
0.00010012239685247088
0.02355543446806488
0.0003542413355007245
0
0.12803520953715614
0.012489448369275714
0.5829208131037018
0.49952217747452865
0.5418980977423468
0.055238455025042606
0.03062011931186278
0.8466170060037757
0.5663795262375453
0.867485947947816
0.48469555987196583
0.279585107938649
0.0007657693666155214
0.015983679548573604
0.16599824100510574
0.4016678272403527
0.16032083614879594
0.00029931886282704334
0.02776175029909127
0.36452799230654803
0.13016315776546755
0.20347298486328402
