0.12132449152480368
36.14747313642203
36.07985798741265
0
36.485805048550766
0.00025667823615368
36.485838859197564
0
36.49613094978618
0
83.78156903089132
0
25.135750688586064
0
27.87880073479255
0
38.51344925377205
13.815788862370477
24.989570305062976
0.1673990374000948
1528751088304662e-30
2.0448818407640683
2.0795363665868187
0.1299928946800789
0
3.1664728745182407
0.03020957171001485
0.3811738721351933
0.007011182387856892
3.653185420032677
3.3114291298834986
0.3950221811193483
0.10975207430555596
0.9413153188418389
0.6568532948566239
0.12801257800808805
1190400661671126e-21
3.4182179623736424
3.643787138868702
0.0005501441071330781
0.0006084954983025706
0
1.0898536358032855
0
6.490074395207729
7.050407616586029
4.451428564513033
0
8.371794832483902
0
0.1805428717391644
0.01185091495935781
33.17037438657012
32.94018013419077
19.058654346267723
89.17390025311992
61.64699729488487
0.11119146517599465
0.0022617972517333692
0.009038256173333141
19.197695707629755
35.39836385723374
1.111670127467175
0.13321401004283437
0.03580903437370182
0.327413241678047
16.342786253145277
0
16.331269112541932
0
13.18472646739186
0.002244231007346043
0.0022434727206151026
15.552414259622942
0.5618638781363149
1.2903771156647337
2.930351887258026
0
5257954509408808e-20
0.0007571495291841692
0.08040467128012653
0.01828858206324826
0.002374810559904131
0.003242561322231371
0.001447064142826604
0.0008503057887871914
1.2502539319504313
0.6311712298441136
0.09445324174507838
0.2362016848626573
0.00012380710984574687
0.09863762408755387
0.007702801122461408
0.8980760209358802
0.0962703914051319
0.17102956457118265
0.02843398135643012
0.020351545880576066
0.6540140951667651
0.001489717978267512
0
1.2244815636367072
0.8028348132721171
0.010727070649181023
0
2.075403215124736
21439024174657162e-21
0.006225730348275783
0
0.0022733318971173513
0
0.13301583936404654
1.1683894704985551
0
0
0
0
0.1625833742916368
0.5731024186903132
0.567416051797824
2.8715945145089443
0.40365339938113726
1.1165148907348417
0.13932842160209377
0.019190158556729155
0.08270199354241091
0.9522012192408885
0.003909584148706286
1.6722196177743922
9343424323409369e-22
0.03806056057406788
1.3829118009723627
0.42073406800409746
0.14526568169913792
0.0030836323517874575
0.6627839027556235
0.21567259530936395
0.006042704316248655
0.018669613971478403
0.6834974889208677
1.7901637202021343
0.18203371330172924
0.09762110585640053
0.3169556331460065
0.008545981234311342
0.3829915795350327
0.38295610469334096
0.437302908010363
0.6204474225364438
0.08530031810890824
2.276010675666314
0.2979166355606361
9.956221290902088
2.003775445542339
2.726169979436764
0.18803463773861978
0.42297861303063883
2.422533497736808
4.016014250766839
0.9366667674093497
4.8868756002718285
7.118089526467723
2.7192246825588726
2.279186301789603
2.9378791405868347
0.3719506835942698
30.973191600245567
619.5423680464412
4.002280273939626
9806.133348442056
1.0999983848855273
23.21900211566262
1.181425599488292
45.39860108150391
1.2923575661845643
1.397037579790757
1.0999973774560576
0.9955119658703012
1.1202358774089183
2.7118432771065315
0
0.001189938084862625
0.000315987264277644
0
0.00357676924497292
0.015908480807645238
0.02358169687196944
0.03614310258108613
0.020158707166416313
0.020297338339967153
0.030097682712901763
0.020584962001530947
0.030223775037370337
0.0221936932164982
0.021201078648641646
0.03335792891946373
0.024317684021885846
0.019420399169083655
0.023506310593498014
0.0194803889342752
0.021331842122818006
0.025943048859987917
0.044203039765796565
0.02606582650801859
0.018139303066938593
0.0019043462882632875
0.0074969695863102565
0.023443360434609487
0.07761999043688243
0.04334004498033603
0.12948861520121646
912067900703431e-19
0.010207441015272321
0.3025385437097989
4806124686645938e-21
0.07978093187416381
0.011044788249577392
0.0012710771281633732
5486378571290211e-21
1204424657169277e-21
0.11422770558286356
0.097803316055241
0.004159971907442027
0.042213844454038404
0.02066266428338826
0.005815469409394173
0.012249825473585779
0.00048309459055590886
0.6343053915510297
15699130026926364e-25
0.0854810644900663
0.0003420200961542657
0.009719078758496535
0.01103261481421539
0.00015708397545841592
0.00017090141949473595
0.7286097973444996
0.0003936467220245556
0.060110327177023755
0.3367439139412166
13179244053303372e-22
2586171987793691e-21
0.00014474524897446482
12571615718978089e-21
0.0005948043943486307
17003334275309035e-21
14432278689788463e-23
10044049906237366e-22
1907731567948764e-20
0.08288571057251426
0.08383721687350904
43501582998454365e-21
0.00021272404976560382
0.02000930147654792
0.00822566103019414
0.100783969744422
0.020610479789003096
27829565246984978e-21
0.16075793161689003
0.04019573269837165
5573481287159309e-22
0.4200040804906827
4458965361043229e-22
0.003778045805621608
0.0009834639064031999
2299456595309829e-27
0.43708752331422096
0.7130952654764204
0.0184343148467312
0.40421475997846296
0.8857464957246172
0.00745795047063711
0.24437743765582615
22332184597790968e-26
4630637016258305e-21
0.0006297906716618633
9121425478392803e-20
0.1525307897136618
8645607311009469e-22
0.00011182610271491058
0.19761232213357915
0.0009299779660168658
0.011991854931548944
12200881955518347e-21
0.16216237279566323
0.10773755485461471
0.021706747305338725
31469991761865354e-21
0.00015347129734233236
12006680917222076e-23
0.013866909212583996
0.1994903512006123
8333314582027114e-24
11103413958800024e-21
9106412622022769e-21
965109424246293e-19
10586508538113453e-21
0.5104633146699209
0.19754972048984074
0.005180835831527807
0.001550632237880267
0.04368047768167999
0.005916861237267789
6760830927517695e-20
0.029234233673872317
8324332583136836e-20
0.0007214598741525627
0.0884596584776702
9970388150135263e-22
0.7939288215125595
0.8036879922000563
0.0018313162353591564
0.0005373582211294916
5829910126116029e-24
0.0010318041873173507
10390421397914937e-24
0.010382464012109289
0.030195100154177403
0.0009046849949222739
0.00033774184873174777
0.00015457218782831484
2618187437679548e-21
0.006159930111229271
0.03159500427411229
0.021933767414146692
11257176064375655e-24
0.8828603652194582
0.07243171604628655
0
0
8178551935632344e-20
6662153760514132e-20
10336391976094084e-22
7596609719242792e-22
0.00019351886723338387
0.009846863097513491
0.005418908303906062
1520423388679232e-23
0.00013151518030642473
7328781129473866e-21
0.05993493972318681
0.01358449535972365
0.11239035131647727
38456372146774504e-23
0.06475579634487705
0.007746670214233388
0.0001201573314434724
0.14271934390072213
0.00029650983771477784
18549559457238986e-29
8515515697418103e-20
3736169908429269e-21
0.00012473066276522053
0.01661147898140725
0.0039185996723503785
0.00016357663636538738
0.00015213724464420918
37998745244331805e-25
0.0005147331983492924
0.023473396943276246
13135133726479758e-24
0.0018090232501820707
0.0018039508035308676
44189232589105975e-21
0.12219523611603483
43374191726542034e-21
0.5340631395146562
0.0019141957703507247
0.2291547155500894
0.003313188210888744
0.0007013492793908179
0.0005695994111197575
447531311346114e-19
0.6497354395127776
12102130342075636e-21
21568070027807284e-21
0.00836882615582227
0.006484586825759496
21715985211530596e-24
8723738305612034e-20
0.003064645210942835
0.1542492500297053
0.031191015573221122
0.00010012236562562574
0.023553701304759565
0.0003542409445905433
0
0.12798336460733256
0.012488961759596146
0.5817819111145
0.49869515181955226
0.5409192870080543
0.05522888836117522
0.030617188207919248
0.8441235299172575
0.5653067486341078
0.8648599640599737
0.48391842623371983
0.279333255838348
0.0007657675397972855
0.015982882241939108
0.16591069279343723
0.40113988657746874
0.16023923034984525
0.00029931858373728526
0.02775934169547546
0.364095238064621
0.130109561463874
0.20334084325984766
