0.12378770321578435
36.16584244084065
36.07219541308007
0
36.47627146062823
0.00025674739846097915
36.47510415738698
0
36.48233184344577
0
83.84976217659643
0
25.073095850877813
0
27.795763231093126
0
38.57893321754423
13.873895893231115
25.085617382531005
0.1675642034522269
15405503321158152e-31
2.0380823369473804
2.084023308819735
0.12982532332499436
0
3.0968752910390607
0.029589282234967148
0.3804493995947385
0.007010942237255506
3.646848015196348
3.305202179980024
0.39410673771091953
0.10968065264312186
0.9388336012032349
0.6552139086859928
0.12689534982970713
12011904882659286e-22
3.3470723033180905
3.5710133352703877
0.000551338865617237
0.0005935303728731563
0
1.0847687422886338
0
6.442131445645891
6.959453897749963
4.4504977341911065
0
8.28863781930888
0
0.18069583664786287
0.011837418883637568
33.168686442034556
32.940178147899154
19.055742794565486
89.16626081884901
61.64623993874642
0.11116783755749975
0.0022767973733540713
0.009038070424908555
19.19164354677408
35.37908165644078
1.1091666001911509
0.13375552366823076
0.0362507769847692
0.3303258999607952
16.35216343707787
0
16.34101335528758
0
13.200943562785712
0.0022510695156765337
0.002250309161017051
15.546421632438832
0.5623599926222458
1.2905454953915796
2.928878254085541
0
5334010325518046e-20
0.0007564735062570061
0.08025330716430037
0.018512743121838992
0.002379958728178925
0.0032060730713868225
0.0014514713085414294
0.0008494341662369768
1.26035528713289
0.6303253548503992
0.09445636646424327
0.23611821157338883
0.00012430760198386186
0.0981061161255162
0.00764034395623702
0.8797995280869098
0.0964363243237722
0.17073717676768843
0.028478777101744356
0.02001010120707087
0.644727757914904
0.0014901647972023562
0
1.2236414559217617
0.8006839373619091
0.010750074498694962
0
2.0638611153678736
21408491282941312e-21
0.006229129452437958
0
0.0022574824947601477
0
0.13299508295656579
1.1670450064667979
0
0
0
0
0.16265447509526612
0.5725572595739847
0.5580664334897679
2.8067176029190843
0.4046757906693182
1.1128704235877067
0.13968908784291237
0.019208701801808954
0.082577195546446
0.935391946213899
0.0039041226205100785
1.6700778942006371
9348233559820115e-22
0.03748965565098404
1.363670343970679
0.42069817013075766
0.1397017078648109
0.0030821716409394143
0.6592402908616899
0.2159212058476912
0.006138413143575367
0.018655555964072285
0.6795676842693632
1.7803229765544306
0.1828889902971387
0.0976374677187946
0.3173696417642052
0.008236167718607476
0.38325064995019065
0.3832198341933627
0.43797338924890605
0.6202236492116738
0.08405132765335253
2.2580015996710037
0.29835619318819445
9.979144389313158
2.004180714485257
2.726952230709124
0.1877238286355983
0.4238442031278537
2.423354458467649
4.017884878455606
0.9357462197372877
4.8889183946921255
7.129555369264428
2.747094477156725
2.2808938743479024
2.93446302345118
0.3734224209763184
30.949785040699727
619.5414987418164
4.002279832740142
9789.046454400319
1.0999983520944079
23.21900088210995
1.181401220841998
45.39787536835514
1.2925212360765381
1.3970377253678492
1.0999973446572688
0.9966277209520877
1.120149486446695
2.7334667699432074
0
0.0011907540056205145
0.0003215691202340976
0
0.003651260877780982
0.01573639985541076
0.023285474668837652
0.03562591406930483
0.019916534818251008
0.020051876226854313
0.029698402292231238
0.02030510662895567
0.029782779627307843
0.02191114459134656
0.020946816851080168
0.03297044962898838
0.024010584557104253
0.019188967479030004
0.023229402569028446
0.01925025321482653
0.021017092027254786
0.02563299616502568
0.043800660081943006
0.02578557545323269
0.01791942347153672
0.0019043373532967541
0.007496831017783111
0.023442002847631167
0.07760500960596169
0.043335393910477034
0.12944665600596958
9120676957945238e-20
0.010207184053492515
0.30230441450892
4806124629748586e-21
0.07976510111116593
0.01104448736955893
0.0012710731478996406
5486378497146629e-21
1204424653596046e-21
0.11419511541531278
0.09777947247184504
0.004159929259349814
0.042209432564771006
0.0206616100063123
0.005815386046110653
0.012249455303440612
0.0004830940156572655
0.6332287566487922
15699130026865655e-25
0.08546287808440167
0.0003420198080014779
0.009718845810250946
0.01103231459752431
0.00015708391467659626
0.00017090134754950837
0.7271697311831652
0.00039364634031278895
0.06010136201519745
0.33645255432268295
1317924401051923e-21
25861719713190227e-22
0.00014474519736635871
12571615329677925e-21
0.0005948035228211242
17003333563160132e-21
14432278684657823e-23
1004404988138776e-21
19077314783014535e-21
0.08286861718383433
0.08381972673708173
43501578337078445e-21
0.00021272393829867975
0.020008312896743593
0.00822549420071325
0.1007586414121685
0.02060943083705845
2782956333925883e-20
0.16069300848169668
0.040191733542135094
5573481279507664e-22
0.41954580722343665
44589653561457796e-23
0.0037780106306859068
0.0009834615237003296
2299456595309816e-27
0.4365900722692951
0.7117190018748752
0.018433475929045023
0.4037911897078023
0.8835673994905523
0.0074578133414019586
0.24422581459082304
22332184597778684e-26
4630636963440123e-21
0.0006297896945888142
9121423428968304e-20
0.15247240171766205
8645607292597814e-22
0.00011182607191184442
0.1975137639305986
0.0009299758354480599
0.011991500199175527
12200881588840373e-21
0.16209629871981052
0.10770858608722712
0.021705583644653463
3146998932238886e-20
0.00015347123932415646
120066809136711e-21
0.01386643476794955
0.19938988696983026
8333314581856058e-24
11103413655120592e-21
9106412417756403e-21
9651091948111799e-20
10586508262050714e-21
0.5097780227278339
0.19745122549953326
0.005180769675140869
0.0015506263140822201
0.04367575306204377
0.005916774940739297
676082980160319e-19
0.029232121083318872
8324330876249227e-20
0.0007214585919290629
0.08844017545857347
9970388125648809e-22
0.7922023492302573
0.8019162232369352
0.0018313079726215164
0.0005373575098217089
582991012603231e-23
0.001031801564608207
10390421397649007e-24
0.010382198157133005
0.030192846146799308
0.0009046829786754273
0.00033774156774288565
0.00015457212897478613
2618187420794459e-21
0.006159836576084558
0.03159253600342158
0.021932579253313912
11257176064063507e-24
0.880696410112155
0.07241867925675084
0
0
8178550288005592e-20
6662152667226297e-20
1033639194977688e-21
759660970502797e-21
0.00019351877498506573
0.009846623979815294
0.005418835925643393
15204233886222902e-24
0.00013151513770144472
7328780997172106e-21
0.0599260269919109
0.013584040058900062
0.1123588083019267
3845637211034625e-22
0.06474538604431218
0.007746522256971357
0.00012015729587964012
0.14266828830030465
0.000296509621146214
18549559457238976e-29
8515513911226325e-20
37361698740453668e-22
0.00012473062444264379
0.016610797919683017
0.003918561830879638
0.0001635765704551591
0.00015213718763030715
3799874524397614e-24
0.0005147325456803544
0.023472035870349364
13135133726054774e-24
0.0018090151874095703
0.0018039427859154037
44189227779195855e-21
0.1221579042149687
43374187092427226e-21
0.5333105731372365
0.001914186742709292
0.22902165236212982
0.003313161160916552
0.0007013480676575548
0.0005695986118920891
4475312620115921e-20
0.6486032949441052
12102129981309287e-21
2156806888196345e-20
0.008368653465597137
0.006484483167280783
21715985210368983e-24
8723736430999374e-20
0.003064622067815565
0.15418952618412451
0.031188610137543298
0.00010012234093289256
0.023552330889933006
0.00035424063547721726
0
0.12794238290687432
0.01248857698466573
0.5808828959559932
0.4980421478816372
0.540146540834569
0.05522132466041209
0.03061487062559356
0.8421570054105719
0.564459884739015
0.8627890872362532
0.4833047873181958
0.27913426352355
0.000765766095237282
0.015982251797010155
0.16584149642318868
0.4007229069487865
0.1601747296821947
0.00029931836304623974
0.027757437231461367
0.3637533998682661
0.13006719562141641
0.20323641257473876
