0.13110844707354477
36.21634976168292
36.06766465042443
0
36.46651132012009
0.00025708389924453736
36.46277921010866
0
36.46346109149168
0
84.043160473418
0
24.893826167928555
0
27.550897317669833
0
38.75594304204786
14.02665910418621
25.348549160213253
0.16803203338644299
15824665784737518e-31
2.018090932075076
2.096494512151366
0.12939120892152634
0
2.8934362226253447
0.027766080854144656
0.37828345125614193
0.007010241835453408
3.6278689535715216
3.2865840014217422
0.3913861600208509
0.1094775625244174
0.9314441026675306
0.6503429610226561
0.12380201884270887
12322788243596278e-22
3.1383917542878517
3.3575366899063757
0.0005549354687902194
0.000569844199798878
0
1.0698155485887835
0
6.309119760450945
6.720296008248274
4.447731952092521
0
8.058136568501334
0
0.18113062303473235
0.01180054268010543
33.16367032960496
32.940172251246196
19.04648252842722
89.142555574759
61.643988979916955
0.11108526099649187
0.002320206061272388
0.009037517119483376
19.17437792754738
35.31114427589679
1.1017389059049596
0.1353359815423641
0.0375297890204196
0.33857109950625247
16.37663267238261
0
16.366386724486055
0
13.245777590207764
0.0022710408693606765
0.0022702743612793854
15.528629992927026
0.5637742738826818
1.2909811502522608
2.924502865474655
0
5555154350691506e-20
0.0007546691639651057
0.07980355382470032
0.01916128583721975
0.0023947992624620586
0.0031057894783265948
0.0014645194958317791
0.000846834477563429
1.2890176451031685
0.6278292154760832
0.09443135718851178
0.2358750899990114
0.00012576737617455563
0.096680437975224
0.007478196616844351
0.8275175111517977
0.09689198124950157
0.16985375121245547
0.028599214640122956
0.019014423840319088
0.6175334544579197
0.0014914943474982115
0
1.2211488419667813
0.794088284939246
0.010816802247152778
0
2.0299766473634335
21315884489295094e-21
0.006238089029253293
0
0.0022128466589946237
0
0.13293401745458708
1.1630671794677465
0
0
0
0
0.16268394364737043
0.570924952486072
0.531089106559687
2.6169664945593802
0.4075361586990147
1.10187192599157
0.14074897247822754
0.01926327809534346
0.08201937663002976
0.8867956810605773
0.003887164509037369
1.6634252440298452
9362264508464775e-22
0.035825413363178134
1.3073380266449208
0.4204149677901795
0.12409891025041679
0.0030777189446705155
0.6488513237194948
0.21664466957273454
0.006417516218133806
0.018615340087909382
0.6683012325583225
1.751367217081107
0.18539912376301104
0.09768181017885419
0.31845584868491433
0.007360696214310411
0.383819007996814
0.38380039711591774
0.43993710392234175
0.6195639618029067
0.08042265980639889
2.2042392264156625
0.2996184285843063
10.042859727953
2.0053849014133456
2.7294192463820424
0.18679585961904366
0.426247839627556
2.4257951360012475
4.023790511286617
0.9329899490422272
4.893058141707864
7.157479127654821
2.830364625242697
2.28591948705392
2.924242675302307
0.3776507231484906
30.874522987265706
619.5389151478927
4.002278521481466
9738.439195681685
1.0999982546381593
23.218997215952378
1.1813287696954142
45.39571859415973
1.2929823960621727
1.3970380589959421
1.0999972471782264
0.9996359183692254
1.1198927690746967
2.796699599411991
0
0.0011927027601274691
0.0003379761642808793
0
0.003869923559479325
0.015229237777107068
0.022417696258338442
0.03412010995107813
0.01920539187677018
0.019334524316187717
0.02853037834541118
0.019494118219482368
0.0284996663045285
0.021084384321264568
0.02020121895537853
0.03183303461695633
0.023111508247267237
0.018510198640205904
0.02241426579284113
0.0185751562936712
0.020101448313460096
0.02472401185479863
0.042598489396525864
0.02495815217729094
0.01727495633456433
0.0019043107985381431
0.0074964192028097705
0.023437968519768117
0.07756050316169205
0.04332157372815747
0.12932203217235874
9120670867989756e-20
0.010206420393052864
0.3016096439635667
4806124460647841e-21
0.07971807011657087
0.01104359319290851
0.0012710613185022053
5486378276789539e-21
12044246429762896e-22
0.11409831126865061
0.09770864288496245
0.004159802510437661
0.04219632301033797
0.02065847697865383
0.005815138294821525
0.01224835521196415
0.00048309230704416474
0.6300397376408069
1569913002668523e-24
0.08540885034052789
0.0003420189516036174
0.00971815351357631
0.011031422392144127
0.00015708373403122475
0.00017090113372617173
0.722906586594903
0.00039364520585540556
0.06007472515928974
0.3355881113533001
13179243883363395e-22
25861719223557825e-22
0.0001447450439855268
12571614172665466e-21
0.0005948009326210622
17003331446631012e-21
14432278669409398e-23
10044049807533932e-22
1907731211866807e-20
0.08281783589079983
0.08376776702679452
43501564483323226e-21
0.00021272360701576426
0.020005375094254395
0.008224998398136242
0.10068340236458416
0.020606313633456948
2782955766943653e-20
0.16050020956963945
0.04017985027036625
5573481256766729e-22
0.41818675373769554
44589653415904035e-23
0.003777906091585988
0.0009834544422653332
22994565953097765e-28
0.43511497107634944
0.7076443606366444
0.018430982864212266
0.40253494336533935
0.8771226478487409
0.0074574058038154615
0.2437757410419121
22332184597742167e-26
46306368064627986e-22
0.0006297867907054372
9121417338015925e-20
0.15229900261917828
8645607237877791e-22
0.00011182598036419761
0.19722113584688516
0.0009299695033582971
0.011990445985162206
1220088049906178e-20
0.16190008332135025
0.10762253595250848
0.021702125576107813
314699820721879e-19
0.00015347106689241318
12006680903117487e-23
0.013865024799146601
0.19909160259937436
8333314581347676e-24
11103412752575664e-21
9106411810670265e-21
965108512923014e-19
10586507441583473e-21
0.5077467386756311
0.19715878500579437
0.005180573061231134
0.0015506087084987048
0.04366171435765035
0.005916518472127952
6760826455350412e-20
0.029225843297747713
8324325803326778e-20
0.000721454781133299
0.08838229662771925
997038805287428e-21
0.7870933469870405
0.7966734907519493
0.0018312834157212631
0.0005373553957978065
5829910125783494e-24
0.0010317937698721721
10390421396858652e-24
0.010381408067828822
0.03018614815793569
0.0009046769863518929
0.00033774073263638824
0.0001545719540603504
26181873706114374e-22
0.006159558595028667
0.03158520136215663
0.021929048381241198
11257176063135789e-24
0.8742963229169123
0.07237994734998753
0
0
8178545391208198e-20
6662149417940977e-20
10336391871561316e-22
7596609662781067e-22
0.00019351850082037592
0.009845913348648436
0.005418620820839955
1520423388453057e-23
0.00013151501107816415
7328780603967059e-21
0.05989954589206691
0.013582686980373144
0.11226511369836528
3845637200208032e-22
0.06471445617567034
0.007746082539940313
0.0001201571901828563
0.14251665720433745
0.00029650897749845524
18549559457238949e-29
851550860260949e-19
37361697718553115e-22
0.0001247305105467906
0.016608773947287325
0.00391844936697631
0.00016357637456801123
0.00015213701818329455
3799874524291911e-24
0.0005147306059322994
0.023467991183924997
13135133724791712e-24
0.001808991224804161
0.0018039189575163712
4418921348399237e-20
0.12204701991823377
4337417331969285e-20
0.5310801754267733
0.0019141599125217783
0.22862664020275678
0.003313080768838344
0.0007013444663599326
0.0005695962365685382
4475311153878489e-20
0.6452501558098803
12102128909100234e-21
2156806547647932e-20
0.008368140245762717
0.006484175100750086
21715985206916632e-24
8723730859593024e-20
0.0030645532867333456
0.15401216146430652
0.031181462200737142
0.0001001222675453364
0.023548258443890403
0.0003542397167841266
0
0.12782066142458623
0.012487433491247453
0.5782191857783919
0.4961064419611606
0.537856424342935
0.0551988512136801
0.03060798373229041
0.8363394317337827
0.5619504590416677
0.8566635974980013
0.48148562195524935
0.27854368834500653
0.0007657618019748752
0.01598037824131445
0.16563601289757304
0.39948618682939696
0.15998318484460824
0.0002993177071463606
0.02775177787472926
0.3627393390158267
0.12994136439157453
0.20292635770325196
