0.13424590872687067
36.236321106235756
36.07184321198249
0
36.468585741603846
0.000257270412763156
36.46410504322218
0
36.462875999242335
0
84.12236002223099
0
24.81987236962326
0
27.44696589687143
0
38.82411786248672
14.083935126285747
25.45128752945606
0.16822333006450788
16026721880586465e-31
2.009651768315997
2.101483146978987
0.12922539354844986
0
2.807978634355864
0.02699506005403336
0.3773494699756363
0.007009947439833524
3.6196694034422405
3.2785549271125713
0.3902156762989896
0.1093834366349985
0.9282706929251496
0.648248451767481
0.12257183226136177
12450446660909874e-22
3.050369491043383
3.2673635271177344
0.0005564997995484798
0.0005653711469041203
0
1.063462795026011
0
6.25578593107775
6.629923647234883
4.446546951465163
0
7.966534218148093
0
0.1813091064944507
0.011786078098728081
33.161520801626196
32.94016972676131
19.042271420774874
89.13222722342338
61.64302422426951
0.11104500210259254
0.0023383188900328966
0.009037279488436535
19.16726645496007
35.27799481957593
1.0985582563735956
0.13600188437102453
0.03806343991998992
0.3419234485374111
16.385794294725166
0
16.375865903770997
0
13.26363354832084
0.002279468197720918
0.002278699073687974
15.52101319690401
0.5643564161970676
1.2911427861827334
2.922629668717215
0
56478176933046865e-21
0.0007539807167357579
0.07961232089099023
0.019431369404622208
0.002400980959749513
0.003066079451278708
0.001469994933636065
0.0008457105086739694
1.3007189063107534
0.626767283120979
0.09440723445110202
0.23577340023378662
0.0001263827690404178
0.09613099134946584
0.007417818194196632
0.8060192376124996
0.09707198574194727
0.169470473530684
0.028645612098384614
0.01859708473940885
0.6060758501765289
0.00149206776820509
0
1.2200823725138858
0.7911941475369183
0.0108447944146118
0
2.0156444002603657
21275490598047327e-21
0.006241488568580081
0
0.002194735675290968
0
0.13290812645115913
1.1613706374476729
0
0
0
0
0.16262715873566894
0.5702206301715953
0.5198919103775879
2.537245028326764
0.4086835667936614
1.0970965602993061
0.14119770740048795
0.01928653582000084
0.08170166199979219
0.8665949260934299
0.0038795695537244663
1.660444419422934
936815931156996e-21
0.03512778503128515
1.2836170806942637
0.4202200679867044
0.1178362496339706
0.003075762359259626
0.6444630486168069
0.21694776852376552
0.006534754652524374
0.018599053017655798
0.6636552339299997
1.7390919599391361
0.18646041170296188
0.09770041109971372
0.3188618717480302
0.0070065875370044235
0.38397937191618475
0.3839653834006489
0.4407654587478704
0.6192836780036194
0.07890592501118218
2.1811269121256234
0.30014398287315236
10.068347045014953
2.0058982975134105
2.730524754100941
0.1863966648963942
0.42720839636171337
2.4268362398303283
4.026439655836283
0.9318006819931297
4.894090001141375
7.166938174159277
2.866123018066062
2.2880478828033253
2.9199238260405416
0.3794018216250449
30.840325202599214
619.5378078966521
4.002277959513592
9716.830539935214
1.099998212871198
23.21899564474217
1.1812977205641917
45.394794293728694
1.293169295821886
1.3970381609820834
1.0999972054014968
1.0007965126896214
1.1197827653579528
2.8234042470568257
0
0.0011933417902034334
0.0003449228239066849
0
0.003962352796729533
0.015014612138896303
0.022052642823589996
0.03349055013484616
0.018905496126992716
0.019033382798696603
0.028039696195612755
0.01915665084504035
0.02796356746799824
0.020736994642196898
0.019887260364928556
0.031353611845711
0.022733533672744596
0.018224329602009887
0.022069719267770974
0.018290778650157283
0.0197189388651455
0.02434134390760592
0.04208273251956969
0.024607364132059727
0.017003714119253062
0.0019042994180406636
0.007496242717603443
0.023436239734660552
0.07754143678574532
0.04331565214217094
0.12926865869347648
9120668258010079e-20
0.01020609312749755
0.3013123741751643
4806124388176095e-21
0.07969792246586746
0.011043209996505739
0.0012710562487941487
5486378182350788e-21
12044246384249654e-22
0.11405684890220344
0.09767830305630396
0.004159748190657534
0.042190705876352146
0.02065713439795052
0.005815032118928725
0.012247883774432814
0.00048309157478325723
0.6286779363519099
15699130026607906e-25
0.08538570605006979
0.00034201858457661935
0.009717856830097779
0.011031040040498197
0.00015708365661184337
0.0001709010420876808
0.7210871842151696
0.00039364471966038496
0.06006331297811132
0.3352183160264996
1317924382886804e-21
25861719013715374e-22
0.00014474497825093431
12571613676803015e-21
0.0005947998225387743
17003330539547183e-21
1443227866287436e-22
10044049775882293e-22
19077310976805413e-21
0.08279608200665581
0.08374550844081718
435015585460009e-19
0.00021272346503752984
0.020004116168095845
0.008224785920466146
0.10065117425977538
0.02060497783339143
2782955523951304e-20
0.16041765229274316
0.0401747585152185
5573481247020615e-22
0.4176056507629548
4458965335352385e-22
0.0037778612900001016
0.00098345140738023
22994565953097595e-28
0.4344843115192399
0.705905234729331
0.018429914511075944
0.40199774921741727
0.8743750217155595
0.007457231151667295
0.24358310637189692
22332184597726518e-26
4630636739186804e-21
0.0006297855461880888
9121414727609007e-20
0.15222474909963454
8645607214426351e-22
0.00011182594112951477
0.19709585656648057
0.0009299667896187399
0.011989994207528271
12200880032013841e-21
0.1618160637335106
0.10758567837150002
0.021700643715387997
31469978964959424e-21
0.00015347099299315394
1200668089859451e-22
0.013864420570691696
0.19896390308029327
8333314581129799e-24
11103412365770716e-21
9106411550490502e-21
9651082206853761e-20
10586507089954674e-21
0.506878667989086
0.19703358599292262
0.005180488800411153
0.0015506011633098181
0.04365569915150399
0.005916408560411963
6760825021242585e-20
0.029223153230946774
8324323629218103e-20
0.0007214531479412762
0.08835750301132442
9970388021685196e-22
0.7849138733037032
0.7944371110639215
0.0018312728914362452
0.0005373544897901086
58299101256768585e-25
0.0010317904292890404
10390421396519928e-24
0.010381069476533245
0.0301832780461614
0.0009046744182253857
0.0003377403747342357
0.00015457187909708142
26181873491044285e-22
0.0061594394641306845
0.03158205846577156
0.02192753532436632
11257176062738196e-24
0.8715676858984804
0.07236335430337976
0
0
817854329258164e-19
666214802539061e-19
1033639183804036e-21
7596609644675252e-22
0.00019351838332134206
0.009845608808134166
0.0054185286356809755
15204233883805284e-24
0.00013151495681108119
7328780435450618e-21
0.05988820043179389
0.013582107130835061
0.11222498278964639
3845637195568063e-22
0.06470120504125841
0.007745894097424965
0.00012015714488426312
0.1424517217926811
0.00029650870164984355
18549559457238936e-29
8515506327489003e-20
3736169728059574e-21
0.0001247304617343139
0.016607906606042312
0.003918401169148689
0.00016357629061644824
0.00015213694556320408
379987452424661e-23
0.000514729774613942
0.02346625796025354
131351337242504e-22
0.0018089809552132964
0.00180390874544171
4418920735747801e-20
0.1219995288936659
4337416741709375e-20
0.5301271484553344
0.001914148413985109
0.2284575579099812
0.0033130463156876874
0.0007013429229523267
0.0005695952185757631
4475310525491165e-20
0.6438184080516323
12102128449582099e-21
2156806401698629e-20
0.008367920304040105
0.006484043076717288
21715985205437054e-24
8723728471848535e-20
0.003064523809599242
0.1539362104827348
0.03117839930075871
0.0001001222360935431
0.023546513325441124
0.00035423932305924565
0
0.1277685305313765
0.012486943454691769
0.5770813381900015
0.49527915849083926
0.5368779205925954
0.055189222536530955
0.030605032680861705
0.8338585043919486
0.56087840894051
0.8540517185483943
0.4807080772929884
0.2782909673521892
0.0007657599620126406
0.015979575356109166
0.16554802648706324
0.3989573330149959
0.1599011643359361
0.00029931742604685243
0.027749352789367302
0.36230560736620054
0.129887473993783
0.20279362188688452
