0.13917473909228292
36.26589220026838
36.08338859910173
0
36.476963362852004
0.000257595590129141
36.47162067227194
0
36.468168391539955
0
84.24294810749632
0
24.70685454294641
0
27.28508034239991
0
38.92243969152904
14.165179114683816
25.601300718431517
0.16851422312633305
16361552152185772e-31
1.996582808775766
2.1089334783922746
0.12897975008858753
0
2.6760575444769716
0.02579816198229462
0.3758755153381532
0.007009491484859007
3.60670898902979
3.2658830464450235
0.3883665496575552
0.10921517140393672
0.9232772283807255
0.644941606609364
0.12074352310419331
12643108123207336e-22
2.914021822827681
3.1274201847515424
0.0005589875444037283
0.0005619809945915199
0
1.0535324080346817
0
6.175683667210679
6.500025740394237
4.44468579667665
0
7.8307311998150615
0
0.18158137131676225
0.011764813024929044
33.1581442603882
32.94016576365328
19.03540674545798
89.11664948361442
61.64150852771132
0.11097674747603468
0.0023662493050449988
0.009036905657401381
19.15639042930295
35.22211558735258
1.0935606606986255
0.137036270321019
0.03888554895046167
0.3469808174706435
16.398852884860492
0
16.389357166480902
0
13.29025198427168
0.0022925824438937694
0.0022918092499398836
15.509057041828251
0.5652459427027766
1.2913718976731885
2.9196893383415463
0
5790987849440847e-20
0.0007529915953481866
0.07931528777252277
0.019846444255230057
0.002410513474566301
0.0030071082664502365
0.0014783554113958525
0.0008439277343169932
1.3184452561797675
0.6251080787657446
0.09435568117778947
0.23561687105148807
0.00012733996482805837
0.0953304451475414
0.007331950830875836
0.773311952314704
0.09733838996769134
0.1688650100894598
0.028712856179948988
0.01795350123812367
0.5883293915865967
0.0014929755979853554
0
1.2184089876652786
0.7865985608970169
0.01088820605347017
0
1.9933554977421917
21211345284302283e-21
0.0062463927543858246
0
0.002167392257094711
0
0.1328677834370765
1.1587153863977346
0
0
0
0
0.1624699082403849
0.5691093273311963
0.5027337660897618
2.4142142031346183
0.4103955062069042
1.0895369564326363
0.14189599957843624
0.019323035826475446
0.08111709331122104
0.8356252142999162
0.0038672496768428232
1.6556073594757221
9377278670242963e-22
0.03405173827887846
1.2469044770337223
0.41983321895638626
0.10850300982055036
0.0030726340358913765
0.6376451975945394
0.2174156433771386
0.006716130207453573
0.018574846962925495
0.6565681423519134
1.719971855904861
0.18811021167152828
0.09773083945104052
0.3194351773701727
0.0064760088184968815
0.38414099034858196
0.38413373557345243
0.44205079440254935
0.6188462861043886
0.07656991908891499
2.1447810206216227
0.3009563478761725
10.106412535077082
2.0066985691725234
2.732298642905854
0.1857682727411797
0.42864199465043284
2.4284596526706927
4.0306936909985245
0.9299242865801537
4.8949783298841085
7.179143633655005
2.9222233998017426
2.291357221754104
2.913308671169158
0.38208536562357714
30.785004058371573
619.5360684519666
4.002277076684056
9682.98096750531
1.099998147256928
23.218993176432186
1.1812489452333146
45.39334229166607
1.2934509751761676
1.397038277019301
1.0999971397718813
1.0024796951020316
1.1196099756161442
2.8649842283532925
0
0.0011941332787257627
0.0003557312248509361
0
0.004105960944001125
0.014681646629446933
0.021488672370244877
0.03252221123011133
0.018441358029718264
0.018568741936950874
0.02728236271164771
0.01863931880462323
0.027139372445042338
0.020200765991367945
0.019401902793793138
0.030611952427196287
0.022149878377600317
0.017782339099525844
0.021535656289324197
0.01785103277285708
0.019130927397648198
0.02374986506299864
0.04127466175062441
0.024062446270521978
0.016584540330117227
0.0019042815398586075
0.007495965474591417
0.023433524137926487
0.07751149371455991
0.04330635119516751
0.12918485551282155
9120664157834917e-20
0.010205579027215778
0.30084596645620654
4806124274325801e-21
0.07966628157193935
0.011042608036695361
0.0012710482845205875
54863780339911835e-22
12044246312750118e-22
0.11399174356029916
0.09763065938805561
0.0041596628578257355
0.04218188308708184
0.020655025432026443
0.005814865324641028
0.012247143201030288
0.00048309042443206164
0.6265445411480749
15699130026486434e-25
0.08534935993358435
0.00034201800799225993
0.009717390770170054
0.011030439407679237
0.00015708353498908014
0.00017090089812727097
0.7182382164466207
0.0003936439558681092
0.060045389262698055
0.3346382046625553
13179243743257956e-22
25861718684061035e-22
0.00014474487498450364
12571612897822413e-21
0.0005947980786468111
17003329114553826e-21
14432278652608068e-23
10044049726158797e-22
19077309182983683e-21
0.08276191903857107
0.08371055301038274
4350154921869984e-20
0.00021272324199543083
0.02000213860399579
0.00822445213738588
0.10060056599048839
0.020602879518252147
27829551422198068e-21
0.1602880437660438
0.04016676086870696
5573481231709847e-22
0.41669439080748927
4458965325552701e-22
0.0037777909095221525
0.0009834466397125523
22994565953097333e-28
0.4334954152842824
0.7031817627913987
0.018428236294861643
0.4011552854513621
0.8700759788873692
0.0074569567881880225
0.2432807921469295
22332184597701932e-26
46306366334988325e-22
0.0006297835911046509
9121410626762665e-20
0.15210817280695352
8645607177585053e-22
0.00011182587949338011
0.19689920837214697
0.0009299625264553175
0.011989284516792091
1220087929829971e-20
0.16168416026968813
0.10752780203268847
0.021698315974100876
3146997408362483e-20
0.00015347087690036052
12006680891489088e-23
0.013863471404438804
0.1987634574848269
8333314580787521e-24
11103411758115199e-21
9106411141758221e-21
9651077615915791e-20
10586506537559515e-21
0.50551795874024
0.1968370637406805
0.005180356432704136
0.001550589310185354
0.043646251169819135
0.005916235897499628
6760822768315517e-20
0.029218927740527256
8324320213778987e-20
0.0007214505822675253
0.08831856724822891
997038797268836e-21
0.7815021857096374
0.7909365164184536
0.0018312563583154965
0.0005373530664902989
5829910125509339e-24
0.001031785181384565
10390421395987806e-24
0.010380537585063295
0.030178769763147217
0.0009046703838131382
0.0003377398124846247
0.00015457176133277156
26181873153177526e-22
0.006159252318771201
0.03157712172919133
0.02192515858162093
11257176062113594e-24
0.8672982903747309
0.07233729495330682
0
0
8178539995721939e-20
6662145837748671e-20
10336391785380239e-22
7596609616231719e-22
0.00019351819873506885
0.009845130405840076
0.005418383819544765
15204233882665893e-24
0.00013151487155964743
73287801707178425e-22
0.05987038149394506
0.013581196259726942
0.11216196765889286
3845637188278852e-22
0.06468039350313193
0.007745598070812175
0.00012015707372196761
0.1423497705272708
0.00029650826830290964
18549559457238918e-29
8515502753364334e-20
37361696592581736e-22
0.000124730385051848
0.016606544138111017
0.003918325453431218
0.00016357615873189134
0.00015213683147993325
37998745241754434e-25
0.0005147284686478112
0.023463535391700874
13135133723400019e-24
0.0018089648222027602
0.001803892702785907
44189197732963676e-21
0.12192495965508662
43374158144341496e-21
0.5286334326023437
0.0019141303503702135
0.22819218868409433
0.003312992191850057
0.0007013404983257992
0.0005695936193523367
447530953831927e-19
0.6415756008167544
12102127727696994e-21
21568061724179632e-21
0.008367574795812604
0.006483835677519473
21715985203112693e-24
8723724720796028e-20
0.0030644775027393423
0.1538169700727888
0.031173588211451737
0.00010012218668401769
0.02354377207332157
0.00035423870453363786
0
0.1276866778559894
0.012486173665134898
0.5752983438918321
0.4939823133103273
0.5353443228942074
0.05517409965052675
0.030600397268285548
0.8299759175033574
0.5591983885054641
0.8499646303636297
0.4794891197597813
0.2778944154527336
0.0007657570715123817
0.015978314136104583
0.1654098976308855
0.3981279377032325
0.15977239821341285
0.00029931698445097906
0.027745543502423496
0.361625278874882
0.12980285940321817
0.2025852743894502
