0.13917473909228292
36.26589235664956
36.08338859901981
0
36.47696588886059
0.0002575955891095284
36.471620547773696
0
36.46816835931083
0
84.24294811087442
0
24.706853980577627
0
27.285080345905875
0
38.92243969159478
14.165179114513421
25.601300569835615
0.16851422611582417
1636155149320761e-30
1.9965828088652837
2.1089335172657306
0.12897975007906307
0
2.6760575444798906
0.025798161981032217
0.3758755153386107
0.007009491484858813
3.6067089890335553
3.2658830464489577
0.3883665494868323
0.10921517899666393
0.9232772283819283
0.6449416063247418
0.12074352319468716
12643108990558366e-22
2.9140218229647923
3.1274201852458687
0.0005589875447380032
0.0005619810135679789
0
1.053532407941914
0
6.175683668066393
6.500025687620801
4.4446857966766995
0
7.8307311997937346
0
0.18158137132425448
0.011764813042168604
33.1581442603882
32.94016576365328
19.035406745451784
89.11645155532688
61.64150852771296
0.11097674748076337
0.0023662402061777154
0.009036905657402108
19.156390429308882
35.22211558024792
1.0935606606751298
0.13703627019669265
0.038885548952062095
0.3469808174372998
16.39885287066978
0
16.389357156530224
0
13.290252076339598
0.0022925824419034293
0.00229180924884992
15.509057041826143
0.5652459427249183
1.2913718976775816
2.919689338341556
0
5790987916861443e-20
0.0007529915964525705
0.07931528923507919
0.01984644431870544
0.002410513472477387
0.003007108266719814
0.0014783554115731115
0.0008439277342607036
1.3184452771274118
0.6251080787657173
0.09435568263141994
0.23561687105410273
0.00012733996472392907
0.09533044626914787
0.007331950928556254
0.7733119523122801
0.0973383915325028
0.16886501011485205
0.02871285670798403
0.01795350158022878
0.5883293916076522
0.0014929755980143283
0
1.218408987666108
0.7865985607243192
0.010888206044015365
0
1.9933554977420815
2121134528514239e-20
0.0062463927546764055
0
0.0021673921273635765
0
0.1328677834370782
1.1587153863977318
0
0
0
0
0.16246991101894964
0.5691093273253519
0.5027337660853816
2.4142142031433433
0.410395506206806
1.0895369663178331
0.14189599957838864
0.01932303582726647
0.08111709331242295
0.8356252142315198
0.0038672496768427603
1.655607359475389
9377278670242968e-22
0.03405173827892048
1.2469044770391875
0.4198332249062912
0.10850301045483869
0.0030726340358944917
0.6376451975933196
0.21741564337713828
0.0067161303679748475
0.0185748472708093
0.6565681423459393
1.71997185623353
0.1881102116715245
0.09773084090263218
0.3194351831556893
0.00647600893022066
0.3841409981783332
0.38413373338131424
0.4420507944023446
0.6188462861043885
0.07656991908782737
2.1447810207057576
0.3009563519453588
10.106412725553781
2.0066985691565518
2.732298642846377
0.1857682727379425
0.42864200181958023
2.428459652637852
4.03069369085519
0.9299242865701313
4.894978410022405
7.179143779762731
2.9222234476112563
2.2913572554176174
2.9133087326933107
0.3820853710098182
30.78500456012554
619.5360684519666
4.002277076684056
9682.98096750531
1.099998147256928
23.218993176432186
1.1812489452333146
45.39334229166607
1.2934509751761358
1.3970382770193006
1.0999971397718806
1.0024796951020303
1.1196099756161444
2.864973344402404
0
0.001194133296396741
0.0003557312248380991
0
0.004105960943837908
0.01468164698440918
0.02148867288977958
0.03252221199626981
0.018441358463442265
0.018568742252933174
0.027282363363553976
0.018639319254680854
0.02713937309071939
0.020200766479763023
0.019401903259169545
0.030611953167310864
0.02214987891312158
0.01778233952263968
0.021535656804318508
0.017851033195264692
0.019130927845856953
0.023749865627281836
0.04127466274849221
0.024062446840037065
0.016584540731086228
0.0019042815398586075
0.007495965474591417
0.023433524137926487
0.07751149371455991
0.04330635119516751
0.12918485551282155
9120664157834917e-20
0.010205579027215778
0.30084596645620654
4806124274325801e-21
0.07966628157193935
0.011042608036695361
0.0012710482845205875
54863780339911835e-22
12044246312750118e-22
0.11399174356029916
0.09763065938805561
0.0041596628578257355
0.04218188308708184
0.020655025432026443
0.005814865324641028
0.012247143201030288
0.00048309042443206164
0.6265445411480749
15699130026486434e-25
0.08534935993358435
0.00034201800799225993
0.009717390770170054
0.011030439407679237
0.00015708353498908014
0.00017090089812727097
0.7182382164466207
0.0003936439558681092
0.060045389262698055
0.3346382046625553
13179243743257956e-22
25861718684061035e-22
0.00014474487498450364
12571612897822413e-21
0.0005947980786468111
17003329114553826e-21
14432278652608068e-23
10044049726158797e-22
19077309182983683e-21
0.08276191903857107
0.08371055301038274
4350154921869984e-20
0.00021272324199543083
0.02000213860399579
0.00822445213738588
0.10060056599048839
0.020602879518252147
27829551422198068e-21
0.1602880437660438
0.04016676086870696
5573481231709847e-22
0.41669439080748927
4458965325552701e-22
0.0037777909095221525
0.0009834466397125523
22994565953097333e-28
0.4334954152842824
0.7031817627913987
0.018428236294861643
0.4011552854513621
0.8700759788873692
0.0074569567881880225
0.2432807921469295
22332184597701932e-26
46306366334988325e-22
0.0006297835911046509
9121410626762665e-20
0.15210817280695352
8645607177585053e-22
0.00011182587949338011
0.19689920837214697
0.0009299625264553175
0.011989284516792091
1220087929829971e-20
0.16168416026968813
0.10752780203268847
0.021698315974100876
3146997408362483e-20
0.00015347087690036052
12006680891489088e-23
0.013863471404438804
0.1987634574848269
8333314580787521e-24
11103411758115199e-21
9106411141758221e-21
9651077615915791e-20
10586506537559515e-21
0.50551795874024
0.1968370637406805
0.005180356432704136
0.001550589310185354
0.043646251169819135
0.005916235897499628
6760822768315517e-20
0.029218927740527256
8324320213778987e-20
0.0007214505822675253
0.08831856724822891
997038797268836e-21
0.7815021857096374
0.7909365164184536
0.0018312563583154965
0.0005373530664902989
5829910125509339e-24
0.001031785181384565
10390421395987806e-24
0.010380537585063295
0.030178769763147217
0.0009046703838131382
0.0003377398124846247
0.00015457176133277156
26181873153177526e-22
0.006159252318771201
0.03157712172919133
0.02192515858162093
11257176062113594e-24
0.8672982903747309
0.07233729495330682
0
0
8178539995721939e-20
6662145837748671e-20
10336391785380239e-22
7596609616231719e-22
0.00019351819873506885
0.009845130405840076
0.005418383819544765
15204233882665893e-24
0.00013151487155964743
73287801707178425e-22
0.05987038149394506
0.013581196259726942
0.11216196765889286
3845637188278852e-22
0.06468039350313193
0.007745598070812175
0.00012015707372196761
0.1423497705272708
0.00029650826830290964
18549559457238918e-29
8515502753364334e-20
37361696592581736e-22
0.000124730385051848
0.016606544138111017
0.003918325453431218
0.00016357615873189134
0.00015213683147993325
37998745241754434e-25
0.0005147284686478112
0.023463535391700874
13135133723400019e-24
0.0018089648222027602
0.001803892702785907
44189197732963676e-21
0.12192495965508662
43374158144341496e-21
0.5286334326023437
0.0019141303503702135
0.22819218868409433
0.003312992191850057
0.0007013404983257992
0.0005695936193523367
447530953831927e-19
0.6415756008167544
12102127727696994e-21
21568061724179632e-21
0.008367574795812604
0.006483835677519473
21715985203112693e-24
8723724720796028e-20
0.0030644775027393423
0.1538169700727888
0.031173588211451737
0.00010012218668401769
0.02354377207332157
0.00035423870453363786
0
0.1276866778559894
0.012486173665134898
0.5752983438918321
0.4939823133103273
0.5353443228942074
0.05517409965052675
0.030600397268285548
0.8299759175033574
0.5591983885054641
0.8499646303636297
0.4794891197597813
0.2778944154527336
0.0007657570715123817
0.015978314136104583
0.1654098976308855
0.3981279377032325
0.15977239821341285
0.00029931698445097906
0.027745543502423496
0.361625278874882
0.12980285940321817
0.2025852743894502
