0.1404722065909307
36.273333096151276
36.08721084415503
0
36.47998301047728
0.0002576859479245747
36.47446012695104
0
36.47055222528716
0
84.27397495053476
0
24.677715157316168
0
27.242764895504923
0
38.94660237810598
14.184921894258368
25.63856803628893
0.16858899975258496
16452304779962839e-31
1.9931839859057625
2.110820680515341
0.12891721162617809
0
2.641831046749105
0.025486248333283223
0.37548617636479026
0.007009372729208633
3.603281208622487
3.262535645245823
0.387877245587798
0.10916571016707423
0.92196104761441
0.6440670483678524
0.12028210794114816
12692127598468933e-22
2.878549831350827
3.090950409725648
0.0005596488273006449
0.0005615925210034644
0
1.0509267703281404
0
6.155270349803883
6.468010450428294
4.444195956941614
0
7.796557346268114
0
0.1816515269436771
0.01175949496739843
33.15725547577592
32.940164720919604
19.033553855012165
89.1121938576346
61.641109510859565
0.11095784880321459
0.0023734750412253178
0.009036807152067292
19.15358177187296
35.20675194501097
1.0922444501837314
0.1373063951767061
0.039098812626820724
0.3482709755255678
16.402046774849776
0
16.3926534063707
0
13.296989920368416
0.002296012822412562
0.0022952385689459453
15.505911597785571
0.5654754187503348
1.291427748193024
2.9189158101499237
0
58282053819480145e-21
0.0007527489527987249
0.07923792738643683
0.019953872588670703
0.002412990298288896
0.0029922222254739274
0.0014804982659719242
0.0008434545793172991
1.3229837731239456
0.6246730944016899
0.09433958968163217
0.23557633120720214
0.00012759027346220946
0.09513108650559768
0.0073109523420883515
0.7649143521458499
0.09740540357694344
0.16870518502537551
0.02872947914080842
0.017786593666882032
0.5837107164445253
0.0014932161939684619
0
1.2179688716062715
0.7853823781960049
0.01089953653219269
0
1.9875337708594603
21194336038653356e-21
0.006247604853773834
0
0.0021604069560155347
0
0.13285722965239694
1.1580184293266929
0
0
0
0
0.16241630317618733
0.5688159007371807
0.4983037064672102
2.382307663973486
0.4108282918670219
1.087536993193663
0.14207846827216597
0.01933264809837316
0.08094703650468923
0.8276290172199567
0.003863928634850263
1.6543030508118655
9379650864742957e-22
0.03377263437569955
1.2373572445405085
0.4197158528708634
0.10614726797428613
0.00307179991283668
0.6358656869550882
0.21753714203264604
0.006763314188139052
0.01856877553520247
0.6547443762912364
1.714972066950997
0.1885409749310182
0.09773925702194677
0.31957374986340864
0.006341549599802986
0.3841662634988121
0.3841606651022035
0.44238590851800047
0.6187317367585785
0.07596449261660676
2.1352112328445068
0.3011680358683651
10.116055109336626
2.0069076570219573
2.732770851188046
0.1856026515583914
0.42900495731135546
2.428883907194396
4.03182675767126
0.9294288632263232
4.895080500126053
7.181859220170209
2.936959204543646
2.292221174154787
2.911610224824937
0.38277876823197915
30.770192448876593
619.5356105605856
4.002276844287648
9674.090013857967
1.099998129984599
23.218992526673212
1.1812361059283631
45.39296007371918
1.2935228206605653
1.3970382991869585
1.0999971224955116
1.0028960570639633
1.1195644948015595
2.8758318379569188
0
0.0011943010476195782
0.00035855502547927633
0
0.004143436323100935
0.014594941568791929
0.021342265005340186
0.03227164971939315
0.018320705184879188
0.01844822494758609
0.027085894450521494
0.01850578791825167
0.026926183768527057
0.020061648128639444
0.01927584225627123
0.030419227799637655
0.02199841494141631
0.017667531016533136
0.021396674533955478
0.017736795884430123
0.018978840905185566
0.02359626092932017
0.04106268314145631
0.023920409154185755
0.01647569810018927
0.0019042768336259147
0.007495892494722428
0.023432809335353313
0.07750361340986421
0.04330390314181824
0.12916280416078474
9120663078503288e-20
0.010205443699534598
0.3007233091655983
48061242443557995e-22
0.07965795449776421
0.01104244958198276
0.0012710461880099686
5486377994936936e-21
12044246293928549e-22
0.11397461138102485
0.09761812151194402
0.004159640395064177
0.04217956087888756
0.02065447030269859
0.005814821418433981
0.012246948259603702
0.00048309012161355645
0.6259841499632114
15699130026454457e-25
0.08533979473838212
0.0003420178562120982
0.009717268088063728
0.011030281302266413
0.00015708350297306546
0.0001709008602310888
0.7174901262488486
0.000393643754807337
0.06004067190525669
0.33448566287814613
1317924372072192e-21
25861718597282683e-22
0.00014474484780061471
12571612692763219e-21
0.0005947976195847648
1700332873943796e-20
14432278649905565e-23
1004404971306956e-21
1907730871077728e-20
0.08275292830763128
0.08370135375348899
4350154676337729e-20
0.00021272318328176835
0.02000161806164791
0.008224364274431554
0.10058724807858398
0.020602327192370637
27829550417326464e-21
0.16025394297425422
0.040164655829409125
5573481227679435e-22
0.4164548411269295
4458965322973028e-22
0.0037777723827518254
0.000983445384673434
2299456595309727e-27
0.4332354722364848
0.7024665835456007
0.0184277945458878
0.400933808619573
0.8689478156192599
0.0074568845663020205
0.24320127321962823
2233218459769546e-25
4630636605677485e-21
0.0006297830764486259
9121409547254355e-20
0.15207750005834378
8645607167886934e-22
0.00011182586326826225
0.1968474752439987
0.0009299614042215306
0.01198909770447138
12200879105156482e-21
0.16164945582395285
0.10751257181692883
0.021697703259964774
3146997279866026e-20
0.00015347084634005653
12006680889618654e-23
0.013863221556296382
0.19871072568127043
8333314580697418e-24
11103411598155695e-21
9106411034163356e-21
9651076407395601e-20
10586506392146774e-21
0.5051603727777301
0.19678536373409905
0.005180321588732387
0.001550586189978661
0.043643764418908326
0.005916190446475574
6760822175254118e-20
0.029217815522139003
8324319314697507e-20
0.0007214499068799424
0.0883083206336772
997038795979041e-21
0.7806065598005042
0.7900175857844858
0.0018312520061542516
0.0005373526918208504
5829910125465241e-24
0.0010317837999282938
10390421395847731e-24
0.010380397574247314
0.030177583112684987
0.0009046693217956543
0.00033773966447794254
0.00015457173033245716
26181873064237334e-22
0.006159203055488922
0.031575822308768445
0.02192453296963762
11257176061949173e-24
0.8661778942745063
0.07233043663886796
0
0
8178539127855345e-20
6662145261872954e-20
10336391771517964e-22
7596609608744231e-22
0.00019351815014452542
0.00984500447487237
0.005418345698724151
15204233882365957e-24
0.00013151484911803126
73287801010294706e-22
0.05986569171039863
0.013580956491768048
0.11214538541177849
3845637186360037e-22
0.06467491617768688
0.007745520146515955
0.00012015705498918028
0.14232294496475661
0.00029650815422857524
18549559457238913e-29
8515501812510415e-20
3736169641146862e-21
0.0001247303648659294
0.016606185500031182
0.0039183055222353205
0.00016357612401455957
0.0001521368014486165
37998745241567095e-25
0.0005147281248652566
0.023462818754064793
13135133723176166e-24
0.0018089605753658102
0.0018038884797337764
44189195199402594e-21
0.12190533759494573
43374155703378395e-21
0.5282409264462672
0.0019141255953245332
0.22812238403683638
0.0033129779444139697
0.0007013398600674268
0.000569593198372797
4475309278455738e-20
0.6409865034151101
12102127537667646e-21
2156806112062023e-20
0.008367483846445038
0.006483781082765362
21715985202500828e-24
8723723733367565e-20
0.0030644653130172785
0.15378559653443344
0.031172321861602334
0.00010012217367743628
0.023543050517956878
0.00035423854171286125
0
0.12766513964134457
0.012485971033279876
0.5748299043247976
0.49364149616357944
0.534941346841878
0.05517011938433905
0.03059917715695337
0.8289568728372597
0.558756976493461
0.848891999295719
0.47916875508720197
0.2777901209399329
0.0007657563106176214
0.015977982148540706
0.16537355569580528
0.39790989414404104
0.1597385190063444
0.0002993168682051931
0.027744540830980973
0.3614464014061417
0.1297805945872
0.2025304645007388
