0.1528847244876247
36.33801114441053
36.13341882174309
0
36.518970269940304
0.0002585982682799952
36.51249162404017
0
36.50608501314734
0
84.5576179178512
0
24.411066328122057
0
26.844897336649613
0
39.14408306432537
14.343860807036897
25.952265884583642
0.1692710697298363
17347459442021583e-31
1.961631648667403
2.127455473615822
0.1283378055049415
0
2.3259729685676303
0.022579321137273192
0.37173453494070574
0.007008261132845542
3.5701505300993035
3.2302765546465655
0.3831308253142051
0.10855599211892397
0.9093320219696603
0.6355953404631851
0.11623702311128223
13122939565423808e-22
2.5491795233416945
2.7508257285566935
0.0005661187720852115
0.0005631929988956987
0
1.0261319819084802
0
5.971755988914743
6.198359123221819
4.439511823173376
0
7.500016615568514
0
0.18229499679482192
0.011713961543583036
33.14875392781805
32.94015475488501
19.015031759057354
89.07181525215
61.63729160058386
0.1107601306425162
0.0024403816706405255
0.009035862968850467
19.12765333497195
35.050150371871105
1.0796225170377032
0.13985179751327811
0.041078356261754004
0.3598018861200112
16.42836273481758
0
16.419766607692164
0
13.356495584628162
0.0023284857939889583
0.002327701599909996
15.475858824893729
0.5675844720513915
1.291887677126314
2.91152591873011
0
617492614523672e-19
0.0007507666263218344
0.07851904768651666
0.020944348754749122
0.002436123638667275
0.002861398957942943
0.0014995417746265776
0.0008388394948993166
1.3639058646995743
0.6205472051221205
0.09414025662987037
0.23520248615653774
0.0001299586872217958
0.09341469429894785
0.007136246808181869
0.688873349916974
0.09798740568647797
0.1671749695164394
0.028867922329025908
0.016244452438167523
0.5406917749370633
0.0014955554516888525
0
1.2137658599421632
0.7737323095966091
0.011006442440301401
0
1.932782670529427
21029515088010633e-21
0.0062578559718423615
0
0.002097683215979786
0
0.13275761109608503
1.1513925993232512
0
0
0
0
0.16169808888311857
0.5659933281687418
0.457699439066907
2.0883717509070054
0.41461439125531313
1.0682505628403547
0.14379574505117904
0.019425026055720378
0.07902741709893815
0.7544565914579431
0.0038305569575191063
1.6411871510947813
9401758921402013e-22
0.0311941876276257
1.1486716417594083
0.41829323554324216
0.08566074040165413
0.003063615531565797
0.6191537584502059
0.21866514394740696
0.007203094324720865
0.018517460078880565
0.6381315424700235
1.6678469554336028
0.19258815262063844
0.09783292798465144
0.3206637098244058
0.0051629259253533335
0.3840786247584322
0.3840874253620778
0.4455240191991535
0.617648130045991
0.07037261704576045
2.0438245743478336
0.30316372391901947
10.201069791929653
2.0088647223447342
2.73731699727474
0.18401578201502775
0.4322017439372148
2.4328566969203944
4.042748239810632
0.9246636738260328
4.893846007065022
7.198844661996252
3.076670849501316
2.3003226113010804
2.8964755064490384
0.38915943846903994
30.625595875412664
619.5312300556604
4.0022746210152444
9589.444234449826
1.0999979647449496
23.218986310607132
1.1811132828510797
45.38930366147071
1.2941660955033283
1.397038356304117
1.099996957217215
1.006379829242666
1.1191294856297425
2.9781172828384546
0
0.0011951328661322412
0.0003851129468093114
0
0.004494905467407543
0.013788266963080352
0.019988473724683455
0.029969987658567995
0.01720197618500342
0.01733553029199816
0.025271669601964763
0.017285149912368077
0.02496922529144502
0.01877690476003264
0.01810909391982424
0.02863375518100322
0.020598901788997113
0.01660472076802852
0.02010537153933621
0.016679052469748473
0.017582943880713364
0.022174940221777
0.039060491540019136
0.022596296431260474
0.015468849786643927
0.0019042318109684445
0.007495194352120684
0.023425972115948542
0.07742826516538827
0.04328049027620486
0.1289520350474274
9120652752838261e-20
0.010204149147193342
0.2995524050068383
4806123957640968e-21
0.07957833562885673
0.011040933803858571
0.0012710261314391278
54863776213156076e-22
12044246113867727e-22
0.11381084258042186
0.09749825642227675
0.004159425506078287
0.04215735140681464
0.020649160285791092
0.005814401396475328
0.012245083464942016
0.00048308722464105385
0.6206483096987193
1569913002614854e-24
0.08524834128860467
0.0003420164041760677
0.009716094500076752
0.01102876886541809
0.00015708319668490992
0.00017090049768906824
0.7103726177456322
0.00039364183131892567
0.05999556096059829
0.3330298472365048
13179243505125798e-22
25861717767097836e-22
0.00014474458774001728
12571610731017986e-21
0.0005947932278812067
17003325150807147e-21
14432278624051438e-23
10044049587848428e-22
19077304193307923e-21
0.08266696578672318
0.08361339805172832
4350152327398274e-20
0.00021272262158498237
0.019996638859558623
0.008223523760939402
0.10045992832586648
0.02059704398956275
27829540803995567e-21
0.15992807646392318
0.04014452306746354
5573481189121571e-22
0.4141700838274092
44589652982939936e-23
0.0037775951467824117
0.0009834333781372428
22994565953096622e-28
0.43075653301920314
0.6956613172033193
0.018423568989061057
0.3988211708263302
0.8582286488565842
0.007456193674558781
0.2424418498249202
22332184597633535e-26
463063633951824e-20
0.0006297781528959765
9121399219899067e-20
0.15178437468039338
8645607075107662e-22
0.00011182570804710125
0.19635324501009094
0.0009299506681852395
0.01198731066904054
12200877257408031e-21
0.16131782413076282
0.10736697748494038
0.021691842465275203
3146996050575718e-20
0.0001534705539782659
12006680871724717e-23
0.013860831554800083
0.19820696145772548
8333314579835438e-24
11103410067866848e-21
9106410004832677e-21
9651064845820001e-20
10586505001022804e-21
0.5017522044814795
0.196291449703053
0.005179988257798125
0.0015505563401290836
0.043619981510911135
0.0059157556465659015
6760816501600003e-20
0.029207177371635563
832431071343497e-19
0.0007214434456629914
0.08821035413267465
9970387836399234e-22
0.772090061090845
0.7812802114566815
0.001831210370736726
0.0005373491074735685
5829910125043364e-24
0.0010317705840061917
10390421394507664e-24
0.01037905822438148
0.030166233109307387
0.0009046591618268849
0.00033773824854163635
0.00015457143376121352
26181872213370767e-22
0.006158731787010626
0.031563393810178364
0.021918548812528596
11257176060376212e-24
0.8555322567462433
0.0722648578711381
0
0
8178530825216859e-20
6662139752629451e-20
10336391638901361e-22
7596609537113466e-22
0.00019351768529265792
0.009843799809045003
0.005417981020779924
15204233879496583e-24
0.00013151463442540002
7328779434339845e-21
0.05982084439349598
0.013578662911003209
0.11198687143379743
38456371680032546e-23
0.06462253953684981
0.007744774705638037
0.00012015687577785767
0.14206656749689373
0.00029650706291273047
18549559457238855e-29
8515492811622685e-20
37361694678808874e-22
0.00012473017175291347
0.0166027548987327
0.003918114851041291
0.00016357579188368225
0.00015213651414749466
3799874523977482e-24
0.0005147248360028714
0.02345596398336177
1313513372103462e-23
0.001808919947538242
0.0018038480794448654
4418917096152161e-20
0.12171777823463684
43374132351356717e-21
0.5245006261737148
0.0019140801056956847
0.22745566036065715
0.0033128416461733366
0.0007013337540529134
0.0005695891709920166
44753067924129154e-21
0.6353780376995802
12102125719708817e-21
2156805534653279e-20
0.008366613808600798
0.006483258812868689
21715985196647294e-24
8723714286914261e-20
0.003064348699719721
0.153485777698637
0.031160209637599117
0.00010012204924710273
0.02353614871209686
0.00035423698405465516
0
0.12745927295601597
0.012484032675759532
0.5703677050676434
0.49039285320464854
0.5311014838959114
0.055132055772860726
0.03058750714306337
0.8192709695119571
0.554551679953465
0.8386986028163336
0.47611471190585947
0.2767943400589658
0.0007657490313830685
0.015974806462636895
0.1650262856348127
0.3958299572584829
0.1594147687576636
0.0002993157561157275
0.027734950377871142
0.3597395953632875
0.12956778609812578
0.2020068621778319
