0.1534905036923399
36.34088731034713
36.13594229203549
0
36.521162294730836
0.0002586436706518475
36.51466118766791
0
36.50819615298179
0
84.57090183391846
0
24.398596747082898
0
26.825822850186086
0
39.15224621672809
14.350375514628835
25.965731160805863
0.1693029471688798
17391648402212538e-31
1.9601385359448937
2.1282055489695644
0.1283097551854115
0
2.3111276795185924
0.022441395009976103
0.3715502321400946
0.0070082079424508064
3.568517969995383
3.2286916210087275
0.3828958825453106
0.1085193292491739
0.908713881908387
0.6351765831915371
0.116055132124333
13142154929738295e-22
2.53360570079677
2.734670172607861
0.0005664414306319383
0.0005634125679697487
0
1.0249269933292366
0
5.963278991359323
6.186625519649382
4.439283316245551
0
7.486859262091514
0
0.18232523265150768
0.011711970917705483
33.14833907531122
32.94015426890762
19.014096082063276
89.06982509555613
61.6371052392784
0.11074977047255088
0.002443536266939239
0.009035816811977935
19.126425320128156
35.042185524365465
1.0790045966649073
0.13997441149496
0.041172335026264675
0.3603289447771236
16.429475889989583
0
16.42091197806014
0
13.359190936713041
0.002330057889880902
0.002329273219713073
15.474393900155011
0.5676837411572367
1.291907247868099
2.911165738254064
0
6191433001486491e-20
0.0007506845844004467
0.07848503278017069
0.020991008983862976
0.0024372300765348946
0.0028554978579829297
0.001500398744237438
0.0008386101100664702
1.36579348055744
0.6203474187153323
0.09412863627350097
0.23518487806315777
0.00013007330180327028
0.09333827218674633
0.007128707522997288
0.6853552277354146
0.09801325479733168
0.1671004764619378
0.028873786394199786
0.016171763331946903
0.538647904705306
0.001495671369409231
0
1.2135610615226877
0.7731665443612135
0.011011606550041169
0
1.9301537349351172
2102138771578179e-20
0.006258302856506385
0
0.0020948016716884196
0
0.13275281004893688
1.1510711405131477
0
0
0
0
0.16165498264900527
0.5658549536711874
0.4557984184502824
2.074588413089201
0.4147835192922603
1.0673038776645358
0.14387824452954417
0.0194295623383591
0.07892181143268413
0.7510405039765055
0.00382885564575746
1.6405180256333918
940281113895963e-21
0.031072726671526333
1.1444722738236697
0.41821071578804314
0.08475261902198697
0.003063207282805759
0.6183523231553352
0.21871862871256154
0.007224024641479068
0.018515277130176283
0.6373578309588577
1.665579881264626
0.19278226992697242
0.09783822516875694
0.3207066906178454
0.005110285643967176
0.3840600950565925
0.3840695360902851
0.4456740419668943
0.6175958076707841
0.07010896189470905
2.039379064232058
0.3032601930517744
10.204904567127205
2.0089579471065893
2.737537687383775
0.18393827811253524
0.4323458024287824
2.4330460094389488
4.043278989479275
0.924430088198915
4.89369979754228
7.199303500782185
3.083413664949154
2.3007101259339473
2.895792840346048
0.3894597397735978
30.618470838299274
619.5310162707561
4.002274512510925
9585.332198437574
1.0999979566806117
23.218986007238946
1.1811072889335206
45.38912522185372
1.2941955919777153
1.3970383525810575
1.0999969491509898
1.0065287019133546
1.1191082598152489
2.9830310289118547
0
0.001195140014195181
0.0003863877510173954
0
0.00451172800875768
0.013750037812234495
0.019924671492011863
0.029862167773028154
0.017149117235623408
0.017283157641802292
0.025186271908283847
0.017228222601771842
0.0248776134785057
0.018716427864811026
0.018054060787068053
0.02854946610368143
0.020532989833799815
0.016554581224912077
0.020044252272229862
0.01662914249279481
0.017517604427492547
0.022107914967732695
0.03896427998741926
0.02253342997015633
0.015421382022485735
0.0019042296137146955
0.007495160281707485
0.02342563848408061
0.07742458975299692
0.04327934796122149
0.12894175750085046
9120652248905901e-20
0.01020408597220126
0.299495377148441
4806123943648168e-21
0.0795744519553576
0.01104085983330933
0.001271025152608475
5486377603081433e-21
12044246105080059e-22
0.11380285605046879
0.09749241030745288
0.004159415018943167
0.0421562677974398
0.0206489011712308
0.005814380898544772
0.012244992462968776
0.0004830870832579602
0.6203890670980995
15699130026133609e-25
0.08524388051324053
0.0003420163333112134
0.009716037228040946
0.011028695057918517
0.0001570831817368706
0.0001709004799956257
0.7100270683308394
0.00039364173744544214
0.05999336023848977
0.3329589601527002
13179243494603868e-22
2586171772658158e-21
0.00014474457504805947
12571610635277188e-21
0.0005947930135498027
17003324975668008e-21
14432278622789655e-23
10044049581737149e-22
19077303972837858e-21
0.08266277276709366
0.08360910783724539
43501522127609156e-21
0.00021272259417203006
0.019996395886834276
0.008223482742806694
0.10045371875230072
0.020596786183370477
2782954033482767e-20
0.15991218987889866
0.04014354076860397
5573481187239796e-22
0.41405890013193747
4458965297089561e-22
0.003777586497189801
0.0009834327921752776
2299456595309659e-27
0.43063591481007113
0.6953308861802411
0.01842336279023422
0.3987183512555799
0.8577089092278396
0.007456159957989848
0.24240484775694757
22332184597630513e-26
4630636326528633e-21
0.0006297779126084212
9121398715884217e-20
0.15177008348918025
8645607070579673e-22
0.00011182570047170972
0.19632915643316481
0.000929950144228037
0.011987223461570632
1220087716723072e-20
0.1613016566364963
0.10735987696281216
0.021691556476192503
3146995990581576e-20
0.0001534705397098864
12006680870851427e-23
0.013860714923966656
0.19818240851365712
833331457979337e-23
111034099931828e-19
9106409954597334e-21
9651064281570448e-20
10586504933130543e-21
0.5015864623408367
0.1962673765274127
0.005179971990499559
0.0015505548833549027
0.04361882114413877
0.005915734427455139
6760816224703712e-20
0.02920665828760963
8324310293660094e-20
0.0007214431303319268
0.08820557576840357
9970387830377265e-22
0.7716768090456163
0.7808562754003211
0.0018312083387904594
0.0005373489325440765
5829910125022775e-24
0.001031769939022066
10390421394442264e-24
0.010378992863315856
0.03016567929421263
0.0009046586659837687
0.0003377381794385832
0.00015457141928739663
26181872171845167e-22
0.006158708788196751
0.03156278737626838
0.021918256804166168
11257176060299444e-24
0.8550160698472359
0.07226165889404555
0
0
8178530420015987e-20
6662139483757034e-20
10336391632429155e-22
7596609533617606e-22
0.00019351766260610536
0.009843741020434655
0.005417963223704452
15204233879356545e-24
0.00013151462394757262
7328779401802797e-21
0.05981865652984296
0.013578550985245024
0.11197914107122375
3845637167107372e-22
0.06461998443868464
0.007744738327056776
0.00012015686703165416
0.14205406710456775
0.0002965070096523707
18549559457238853e-29
851549237234456e-19
37361694594248334e-22
0.000124730162328254
0.016602587490170587
0.003918105545782058
0.00016357577567441948
0.00015213650012609511
3799874523968735e-24
0.0005147246754941187
0.023455629495118997
13135133720930104e-24
0.0018089179647654146
0.0018038461077766145
44189169778618986e-21
0.12170863199653993
4337413121168745e-20
0.5243187642805698
0.0019140778856523391
0.22742317156585132
0.0033128349944319927
0.0007013334560569903
0.0005695889744408816
44753066710843816e-21
0.6351055821423512
12102125630985353e-21
2156805506473488e-20
0.00836657134968162
0.00648323332514083
21715985196361616e-24
872371382589082e-19
0.0030643430086503064
0.15347116034091665
0.03115961863436791
0.00010012204317442191
0.023535811928884057
0.00035423690803504485
0
0.12744923436060385
0.012483938084066722
0.5701508210564998
0.4902348550800784
0.5309147906577207
0.055130198792658555
0.030586937714866445
0.8188011669643376
0.554347257055478
0.8382042699689014
0.47596616189028196
0.27674583353307064
0.0007657486761298497
0.015974651492954146
0.1650093561793442
0.39572872695149913
0.1593989852887651
0.0002993157018415371
0.027734482411269443
0.35965650316544717
0.1295574091506097
0.20198134301840664
