0.1571126015248125
36.357579555736194
36.15125214275017
0
36.53452226986897
0.000258914643276257
36.5279226719129
0
36.521192450089195
0
84.64933491307289
0
24.32507228791458
0
26.712481424738776
0
39.19837607063883
14.38720341884378
26.04296871673281
0.16949103614298391
17655561013026174e-31
1.9513045922717203
2.132577828875518
0.12814144423487914
0
2.223537822636511
0.021625170466133114
0.3704459832732062
0.007007891800622648
3.5587261212985624
3.219195157002645
0.38148433548712457
0.10828597326977533
0.9050142713264571
0.6326618527761259
0.11499448828355399
13253499662927808e-22
2.4415391416309493
2.639018273646154
0.0005683844754725683
0.0005648635905438727
0
1.0177305066735662
0
5.913404669697756
6.1187300817490256
4.4379172131001905
0
7.410542754538853
0
0.182503954590984
0.011700486922078337
33.145858682520874
32.94015136385301
19.00844991273551
89.05803269002257
61.63599087102917
0.11068657325601651
0.0024621820705433574
0.00903554069126457
19.11914316083967
34.99417066673442
1.0753051021040883
0.14070474408848788
0.04172952344619428
0.3634152671957415
16.435845550201936
0
16.42746438480631
0
13.374940574948063
0.002339439078637074
0.002338651573892334
15.465638143491747
0.5682707815741723
1.2920197496893346
2.9090130567675367
0
6289361461102968e-20
0.0007502206291320621
0.07828384145957934
0.021266844494982715
0.002443808242116063
0.0028210524347738555
0.0015053766314676697
0.0008372307365330674
1.376879697985999
0.6191557499429857
0.09405584886725839
0.235080789912489
0.00013075714570827762
0.09289267537738885
0.007085117184434409
0.664680637310261
0.09816318177309612
0.16665590632845106
0.0289072286252819
0.01574219538157742
0.5265380959883994
0.0014963677278696083
0
1.212337113796383
0.7697956118592493
0.01104240903294488
0
1.9145171038745956
20972654384371067e-21
0.006260887263874867
0
0.002077902522743662
0
0.13272421754120559
1.1491526922089195
0
0
0
0
0.16138425315694857
0.565026544761329
0.444584470272273
1.9933413086575809
0.41576608202618476
1.0616360419741786
0.14436899288367466
0.019456753358531698
0.0782707907036398
0.730917302998851
0.003818545486265041
1.6364620623412922
9409051598794271e-22
0.03035523643912856
1.119625758218055
0.41769339952099793
0.07949260095727398
0.0030607505773579597
0.6135872240972559
0.21903544171182174
0.007348146728745164
0.018502852903175437
0.6328000354447669
1.652088331991299
0.19393638529931426
0.09787148970085838
0.32094517525816246
0.0048047019097305485
0.3839235339815422
0.38393671889454034
0.4465650209887255
0.6172840369853976
0.06855038783671798
2.0128410719984045
0.3038359517569619
10.2272617657596
2.009510400488296
2.738850052806167
0.18347484884944026
0.43318544170956763
2.4341679880370934
4.046436212030683
0.9230317295890235
4.892689821825155
7.201422198437835
3.1235511809738132
2.3030113813092377
2.89182428908794
0.3912349135861696
30.575854457230168
619.5297380015453
4.002273863737879
9560.782122913728
1.0999979084620215
23.21898419332855
1.1810714505106135
45.388058303613285
1.2943685678707846
1.3970383190175226
1.0999969009211121
1.0073818101952177
1.1189813540266096
3.0122569928696317
0
0.0011951222439835598
0.0003939683841725689
0
0.004611664935499486
0.013523819415632701
0.019547749994676233
0.029226362779859398
0.016836601855646848
0.01697386901096611
0.024681952286621883
0.016892964385495337
0.024337495074296944
0.018359278428677944
0.0177288656849872
0.028051271788833043
0.020143686112917628
0.016258287018439038
0.01968272421928875
0.016334188294175826
0.017132392718584574
0.021711885633011473
0.03839252966421634
0.02216121458885971
0.015140932532885776
0.0019042164758652392
0.007494956569841321
0.023423643718992866
0.07740261722882964
0.043272518417505935
0.12888032269635558
9120649235775139e-20
0.01020370824207045
0.2991546204881519
4806123859981894e-21
0.07955123450291256
0.011040417556156057
0.0012710192999631053
5486377494054969e-21
120442460525365e-20
0.11375511438228567
0.09745746231093746
0.004159352314421648
0.04214978922059619
0.02064735193153612
0.005814258338054283
0.012244448354654573
0.0004830862378957061
0.6188412518013271
1569913002604434e-24
0.08521721334711427
0.00034201590959371376
0.009715694791971671
0.01102825375564379
0.00015708309235902066
0.0001709003742023658
0.7079644506063754
0.0003936411761540415
0.05998020328224478
0.33253542414974346
1317924343169075e-21
25861717484325284e-22
0.00014474449915985061
12571610062820216e-21
0.0005947917320130125
1700332392846952e-20
14432278615245164e-23
10044049545196357e-22
19077302654594983e-21
0.08263770614342995
0.08358346021796298
43501515273169634e-21
0.00021272243026354705
0.019994943156770226
0.008223237489911881
0.10041659824394392
0.020595244766205632
2782953752956149e-20
0.15981723313366455
0.040137667871768326
5573481175988222e-22
0.41339472888519435
4458965289887972e-22
0.0037775347796331813
0.000983429288576715
22994565953096396e-28
0.4299154142662839
0.6933584328047155
0.018422129926596052
0.39810412146144414
0.8546078232556377
0.007455958361792419
0.24218372140225225
2233218459761245e-25
4630636248860685e-21
0.0006297764758739351
9121395702260221e-20
0.1516846611320271
8645607043505747e-22
0.0001118256551766541
0.19618518675499627
0.0009299470113695609
0.011986702040620073
12200876628039155e-21
0.16120502114891674
0.1073174310503601
0.021689846558171192
31469956318623716e-21
0.00015347045439588198
12006680865629797e-23
0.013860017580971974
0.1980356640746061
8333314579541837e-24
11103409546629132e-21
9106409654228292e-21
9651060907788964e-20
10586504527186585e-21
0.5005965924193129
0.1961234988777737
0.005179874725521319
0.0015505461729844198
0.04361188367947325
0.005915607554937076
676081456907522e-19
0.029203554753339703
8324307783726792e-20
0.0007214412448954264
0.08817701019318878
9970387794370481e-22
0.7692104879078573
0.7783262563875505
0.001831196189347871
0.0005373478866002586
5829910124899669e-24
0.0010317660825171055
10390421394051221e-24
0.010378602062559151
0.03016236811428151
0.0009046557012256072
0.00033773776625530065
0.00015457133274503386
2618187192355372e-21
0.006158571274614783
0.031559161606902135
0.021916510897939005
1125717605984044e-23
0.8519361575234101
0.07224253440427147
0
0
81785279972241e-18
6662137876105174e-20
10336391593730297e-22
7596609512715029e-22
0.00019351752695787137
0.009843389516687472
0.0054178568119803905
1520423387851923e-23
0.00013151456129816992
7328779207256057e-21
0.05980557644259723
0.013577881773786502
0.11193293052908117
38456371617506787e-23
0.06460470900730474
0.0077445208144391615
0.00012015681473603808
0.14197934723451344
0.0002965066911962217
18549559457238843e-29
8515489745796727e-20
37361694088640777e-22
0.00012473010597599012
0.016601586549812135
0.003918049907886757
0.00016357567875541852
0.00015213641628884195
3799874523916435e-24
0.0005147237157751852
0.023453629609944716
13135133720305179e-24
0.0018089061093408071
0.0018038343187485287
4418916270576371e-20
0.12165395880369193
433741243973347e-19
0.5232326837569813
0.001914064611539294
0.22722901014408245
0.003312795222368337
0.0007013316742711873
0.0005695877992163492
4475305945632309e-20
0.6334789415956885
12102125100486699e-21
2156805337979828e-20
0.008366317482209017
0.006483080930049324
2171598519465349e-23
8723711069322606e-20
0.003064308980614289
0.15338378872707678
0.031156085119470708
0.00010012200686442774
0.02353379832256519
0.0003542364534960686
0
0.12738922770748456
0.012483372512809489
0.568855739698793
0.48929120832050327
0.5297998759343815
0.05511909677170418
0.03058353318952779
0.8159977217067389
0.5531265353240364
0.8352546097943999
0.4750789126119271
0.2764559787998638
0.0007657465519898647
0.01597372492375854
0.16490816717289955
0.39512398683596217
0.15930464477801495
0.00029931537732345956
0.02773168449248815
0.3591600754708125
0.12949538025363064
0.20182882515049874
