0.1626690777447624
36.38156739784649
36.17507474776008
0
36.55545290171929
0.00025932580965201674
36.548798983348696
0
36.5418894756579
0
84.76647197206016
0
24.215710188211077
0
26.541051383334963
0
39.260553648313994
14.437098396807883
26.151112572014377
0.16977155808422673
18057633529585567e-31
1.9380670865427132
2.1389217135884215
0.1278800367075981
0
2.0931905191530773
0.02040272591321593
0.36874464797287015
0.007007412844330482
3.543603769849939
3.2045626312006115
0.3792961385387304
0.10788056708563225
0.8993266785629995
0.6287674818056371
0.11345155180275664
1341254215891695e-21
2.303953252851671
2.4955915351993085
0.0005714116942983535
0.0005674194625368358
0
1.0067176849027615
0
5.83942318989581
6.021326815939485
4.435822198980803
0
7.300948041673783
0
0.1827715350803368
0.011684213418802684
33.14205400069665
32.94014690966162
18.99963323253704
89.04016809076461
61.63428113198851
0.11058564335070618
0.002490037052003637
0.009035116666266418
19.108153284689504
34.91957486715104
1.0696120381966918
0.14181620636332376
0.042569174676180516
0.36794107272095616
16.444733629796726
0
16.436604508003175
0
13.39794191635688
0.002353776771552892
0.0023529849520629873
15.452217547606569
0.5691505010749882
1.292178938251144
2.9057138134899723
0
6437082519010952e-20
0.000749594338896585
0.07798259827905579
0.02167966686308058
0.0024537840620024176
0.0027708460283752357
0.001512525810456088
0.0008350897464574727
1.3932410428083584
0.6173370553697338
0.09393370779926526
0.23492497914195237
0.0001318019258663396
0.09224224401980144
0.007022541286153046
0.6341412372810782
0.09837825795563006
0.16597751959751406
0.028953311893430683
0.015100113462658589
0.5083352987379397
0.0014974462178482806
0
1.2104614195772054
0.7646737666461842
0.011089454609487596
0
1.8908015415905772
2089747094910242e-20
0.006264583836504415
0
0.0020530504572976367
0
0.13268072765484512
1.1462216238510416
0
0
0
0
0.16092966870403183
0.5637525394374543
0.42788279775443905
1.8727123585310743
0.41718103488319164
1.0529218810046739
0.1451133993609636
0.019498706619121967
0.07721350309208623
0.7010551739179276
0.0038022777493118306
1.6300589819009603
9418456709309046e-22
0.029284126410478718
1.0824051754546964
0.4168226269006449
0.07197172694651137
0.003056932289987175
0.6063655995811402
0.21951161370830694
0.007535154713646793
0.01848587159591813
0.6260292686526083
1.6316042710441712
0.19568510371906592
0.09792803866286519
0.32125152022368164
0.004365708445958799
0.3836313387095157
0.3836499872958883
0.447911771073154
0.6168093258999583
0.06621879191706032
1.9722996596085816
0.30471673973534896
10.259715222025555
2.010340612691219
2.7408313516652063
0.18276402402759692
0.4344035286221088
2.4358543650893707
4.051206014059723
0.9208813845769409
4.890738230618745
7.20275359074326
3.184476484050649
2.3064881961038197
2.886113727549361
0.3938920410899678
30.510609064247287
619.5277770788332
4.002272868488323
9523.2432584046
1.099997834492337
23.21898141070106
1.181016474720877
45.386421647303756
1.2946231447613843
1.3970382321539105
1.0999968269341316
1.0085740712489575
1.1187867022796254
3.056536539659225
0
0.0011949005829265018
0.0004054580021187774
0
0.004762800736363904
0.013184881003730492
0.018984958078401976
0.028280639648531794
0.016369210535986736
0.01651240208929189
0.02392949480751728
0.016395636682504818
0.02353444357840263
0.017826407826506963
0.017243069157514144
0.027306659809930627
0.019562662349497103
0.015815615870669097
0.019141502572728675
0.015893467911477135
0.016559693486138827
0.0211203621630614
0.03752815668269293
0.021602877705428455
0.014722108734164132
0.0019041963219341954
0.007494644076581031
0.023420583981389
0.0773689224155496
0.04326204365621621
0.1287861355730123
9120644613486292e-20
0.010203128812649526
0.2986326364280532
4806123731633718e-21
0.0795156309550652
0.011039739115686082
0.0012710103217696393
5486377326803014e-21
12044245971932095e-22
0.11368191524069757
0.09740387471383909
0.00415925612443899
0.04213985270021071
0.02064497554757067
0.005814070329255349
0.012243613712732804
0.00048308494107130633
0.6164743295010621
15699130025907393e-25
0.08517632081672893
0.0003420152595912501
0.00971516950165746
0.011027576810571628
0.0001570829552491019
0.00017090021191042926
0.7048119338185587
0.00039364031510698267
0.05996002547235983
0.3318867460163602
13179243335178929e-22
2586171711269221e-21
0.00014474438274368316
12571609184643118e-21
0.0005947897660779135
17003322322015655e-21
14432278603671544e-23
10044049489140987e-22
19077300632345753e-21
0.08259926748335565
0.08354413079974674
4350150475812439e-20
0.00021272217882011812
0.019992714802536247
0.008222861274125574
0.10035968021827564
0.020592880380675853
2782953322614575e-20
0.15967167440057306
0.04012866022912157
5573481158727754e-22
0.4123779276600896
4458965278840379e-22
0.0037774554437339236
0.0009834239139084636
229945659530961e-26
0.42881247335408756
0.6903434622487066
0.0184202388134936
0.3971637014047113
0.8498723835709971
0.007455649113904783
0.2418448947052456
2233218459758474e-25
4630636129714235e-21
0.0006297742718589414
9121391079214729e-20
0.15155371247589894
8645607001973015e-22
0.00011182558569184669
0.195964535363066
0.0009299422054310897
0.0119859021993208
12200875800892822e-21
0.16105689007369298
0.1072523495485091
0.021687223721813944
3146995081569548e-20
0.0001534703235200954
12006680857619557e-23
0.013858947890711945
0.1978107620544223
8333314579155974e-24
11103408861593877e-21
9106409193447424e-21
9651055732244527e-20
10586503904448617e-21
0.4990818788900109
0.19590298846442297
0.005179725519810773
0.0015505328109428054
0.04360124341203964
0.005915412931543124
676081202926047e-19
0.02919879442011333
8324303933367132e-20
0.0007214383525526809
0.08813320717585382
9970387739134303e-22
0.7654423422976515
0.7744610067138329
0.0018311775516620709
0.0005373462820749567
5829910124710816e-24
0.0010317601664768402
10390421393451341e-24
0.01037800258357841
0.03015728930784268
0.0009046511531596572
0.00033773713241280626
0.00015457119998488712
26181871542662453e-22
0.006158360327984677
0.03155360030791277
0.021913832862222905
11257176059136301e-24
0.8472329705790086
0.072213206333656
0
0
8178524280543582e-20
6662135409888906e-20
10336391534364343e-22
7596609480649447e-22
0.0001935173188669937
0.0098428503170475
0.005417693575224294
15204233877234744e-24
0.0001315144651909629
73287789088118e-19
0.059785516504387674
0.01357685523460071
0.11186207834740121
38456371535332473e-23
0.06458128276248629
0.007744187151259509
0.00012015673451203521
0.1418647996628828
0.0002965062026694914
18549559457238822e-29
8515485716544742e-20
37361693313013935e-22
0.00012473001952889522
0.01660005117536302
0.003917964558154573
0.00016357553007701592
0.00015213628767846203
3799874523836204e-24
0.0005147222435226174
0.023450562019148972
13135133719346513e-24
0.0018088879226873977
0.0018038162339493822
4418915185565806e-20
0.1215701351697015
4337411394378451e-20
0.5215709539376806
0.0019140442485759514
0.22693147911727005
0.0033127342109946565
0.0007013289409329309
0.0005695859963688288
4475304832753378e-20
0.6309916889993811
12102124286675715e-21
2156805079502292e-20
0.008365928051992436
0.006482847155446357
21715985192033145e-24
8723706840613082e-20
0.0030642567806678897
0.15324985304482813
0.031150665312650552
0.00010012195116313647
0.0235307096862775
0.0003542357562120573
0
0.12729722946005848
0.012482504948486175
0.5668747366839553
0.4878471370930949
0.5280940909606976
0.05510207007086682
0.030578311216748283
0.8117157439187044
0.5512591109742269
0.8307498485972274
0.47372104220792666
0.27601191734389596
0.0007657432934661094
0.015972303625499795
0.16475305885683786
0.39419808150694474
0.15916003030951428
0.00029931487949745177
0.02772739289608187
0.3583998624730723
0.12940028259316178
0.20159507905845095
