0.17043174608630923
36.411991678220396
36.2079835321943
0
36.58451224247966
0.00025988377587725196
36.577905289052424
0
36.571065018616785
0
84.92402485371306
0
24.06986650368597
0
26.306766687686146
0
39.3311235584287
14.49489792955081
26.28307835324221
0.170148187782872
1860892026313476e-30
1.9202100068747328
2.1470831692086496
0.12750547573267965
0
1.9195695829351105
0.01875988028207122
0.3663533890746617
0.007006754953797287
3.5222720633766524
3.18399396358514
0.3761927175217165
0.10721883021096154
0.8913554600494871
0.6232524395241239
0.11144906985658079
13611276792088263e-22
2.11958183635542
2.302439651229661
0.0005757362114619201
0.0005713816044696383
0
0.9913865843903614
0
5.740693268137462
5.896643224870503
4.432896717415367
0
7.161798636418222
0
0.18313281865734798
0.011664040791984827
33.13673940959059
32.94014069135752
18.987051568271127
89.01539008926069
61.631892015134795
0.11043708515438948
0.002527333713552928
0.009034523432244264
19.09310637116896
34.81452301616118
1.061616320255824
0.14335205337789725
0.04371372156007328
0.3738679123682841
16.455562588888306
0
16.44774110561072
0
13.427910134918227
0.0023737245416310185
0.0023729267281285766
15.433490734650524
0.5703397220291703
1.2923789931786427
2.901110850370897
0
6638558975422471e-20
0.0007488825141723378
0.07757682099265291
0.022236119511025113
0.002467513997568708
0.002705567477925603
0.0015215438749902417
0.0008320533221819331
1.414859791343243
0.6148143464410748
0.09374331514302632
0.23471467794080758
0.00013325453966775978
0.09138685612579373
0.006941881319926344
0.593770896196367
0.09864997750888774
0.16503965144540436
0.029007655017551277
0.014237395845002825
0.48367731428998784
0.00149897085556105
0
1.2078446375565544
0.7576455300186896
0.01115488290992654
0
1.8582116468942877
20791674778423866e-21
0.006269272266568292
0
0.0020204214281332516
0
0.1326206986234582
1.1421503349203852
0
0
0
0
0.16022646022513878
0.5619669838546514
0.4055394476612588
1.712668607271974
0.41898158020480286
1.0407244139669636
0.14613636113479114
0.01955784331737699
0.0756397692691159
0.6613762407986701
0.0037786600172791483
1.6207553675487778
9431261563674489e-22
0.027848799055892468
1.0322855200413623
0.41545727084658307
0.06251266292032574
0.0030515063913384944
0.596451394559585
0.22015727875270066
0.007789557537650301
0.018466273516112085
0.6169955679516477
1.6034180675567842
0.19808436894430215
0.09801873463219508
0.32156549166545884
0.0038099771776826594
0.383065192006181
0.3830909649633927
0.4497528377886477
0.6161532541486451
0.06308077773695799
1.9160941107625642
0.305945139568816
10.301503086647047
2.0114633195501743
2.743510452409163
0.18177159144270547
0.4359707112219365
2.438135300540891
4.05766170704034
0.9178680078480979
4.887348152523699
7.201243412128673
3.268132589932786
2.3112352206725886
2.8788852733611585
0.397475981260709
30.420233250528568
619.5250375845369
4.002271478076554
9471.046294950032
1.0999977311530869
23.218977523235267
1.180939675145445
45.3841352574147
1.2949586153352826
1.3970380462196677
1.0999967235707144
1.0100255396503817
1.1185148209947238
3.1171217429900784
0
0.0011942187714897054
0.00042122542491163675
0
0.004969510605589088
0.012728400423838502
0.01823050207833326
0.027019421119296647
0.01574122896239902
0.015894398338519408
0.02292176741471961
0.015734817143275782
0.02246413010679285
0.017112797170634766
0.016591418385856913
0.026307168681965556
0.018784240346486018
0.015221727604716627
0.018413423122649986
0.01530210610470069
0.01579645560914839
0.020327058480980712
0.0363494346566416
0.02084970014692225
0.014160530342569871
0.0019041681662665141
0.007494207530067663
0.023416310047906577
0.07732187367627497
0.04324741414912258
0.1286546668095167
9120638155927206e-20
0.010202319376575349
0.2979049239056975
4806123552325061e-21
0.07946591774104236
0.011038791371059106
0.0012709977789015733
5486377093143883e-21
12044245859323808e-22
0.11357973133005635
0.09732905955983817
0.004159121746065468
0.042125974818593
0.020641656081196273
0.005813807681970899
0.012242447772512773
0.00048308312935018576
0.6131827740888515
15699130025716073e-25
0.0851192248111612
0.00034201435150816765
0.009714435693016459
0.011026631154857608
0.0001570827637000571
0.00017089998518093484
0.7004312052987901
0.0003936391121853906
0.059931847452870106
0.3309826292190551
1317924320034721e-21
2586171659350268e-21
0.00014474422010477486
12571607957786977e-21
0.0005947870195815559
170033200777215e-19
14432278587502628e-23
10044049410828903e-22
1907729780716529e-20
0.08254559673580963
0.08348921666850119
43501490068097494e-21
0.0002127218275418793
0.019989602098780458
0.008222335711138659
0.10028021697547851
0.020589577673235642
2782952721406514e-20
0.1594685437016092
0.04011607949758826
5573481134614039e-22
0.4109615929864531
4458965263406353e-22
0.0037773446104023053
0.000983416405283907
22994565953095693e-28
0.42727634732045716
0.6861533402918972
0.018417597161283227
0.39585360722514645
0.8433006462338829
0.007455217100996303
0.2413723308560989
22332184597546022e-26
4630635963260838e-21
0.0006297711927553917
9121384620598573e-20
0.15137096007973894
8645606943949763e-22
0.00011182548861825333
0.19565669007566713
0.0009299354913421835
0.011984784871370948
12200874645329135e-21
0.16085017162223245
0.10716149359530326
0.021683560022525156
31469943127837884e-21
0.0001534701406804239
12006680846428865e-23
0.013857453619467124
0.19749699055958428
8333314578616902e-24
11103407904566281e-21
9106408549714115e-21
9651048501761117e-20
10586503034453359e-21
0.49697342129516936
0.19559533973077475
0.005179517079350704
0.001550514143711633
0.04358638278591926
0.00591514104388873
6760808481016965e-20
0.029192145301608227
8324298554229838e-20
0.000721434311828184
0.08807204865575227
9970387661966666e-22
0.7602089468409364
0.7690931836641044
0.001831151514223423
0.0005373440404828584
5829910124446978e-24
0.0010317519015367851
10390421392613278e-24
0.010377165140175983
0.030150195399367693
0.0009046447993279412
0.00033773624690591254
0.00015457101451267662
26181871010538767e-22
0.006158065637350008
0.031545832542801536
0.021910092063598993
11257176058152585e-24
0.840705831819031
0.07217225352296464
0
0
8178519088162414e-20
6662131964465998e-20
1033639145142721e-21
7596609435852267e-22
0.00019351702815426094
0.009842097078301573
0.0054174655337478565
15204233875440255e-24
0.00013151433092462386
7328778491870633e-21
0.059757503057783184
0.013575421239229429
0.11176316948122142
3845637142053095e-22
0.06454856937826255
0.007743721031590508
0.00012015662243527927
0.1417049258416756
0.000296505520175165
18549559457238797e-29
8515480087486354e-20
37361692229425425e-22
0.00012472989875818682
0.016597906420113613
0.003917845323528175
0.00016357532236626075
0.00015213610800366933
3799874523724118e-24
0.0005147201867210102
0.023446277116954035
13135133718007205e-24
0.0018088625153515425
0.0018037909689063325
4418913669753562e-20
0.12145312616363473
4337409933966916e-20
0.5192582691837047
0.0019140158008855229
0.2265164659629992
0.003312648977010713
0.0007013251223438831
0.0005695834777124488
4475303278007684e-20
0.6275332191023982
12102123149742164e-21
21568047183966164e-21
0.008365384029333785
0.00648252057503639
21715985188372394e-24
8723700932903022e-20
0.0030641838562851915
0.15306293416684258
0.031143095156731616
0.00010012187334576715
0.023526395389433026
0.00035423478207457577
0
0.12716881465592267
0.012481293019758559
0.5641187246919764
0.48583683257395754
0.5257202181380247
0.05507829174560574
0.030571017358929333
0.8057712093345062
0.548660779840306
0.8244971285905706
0.47183052699645955
0.2753927358875068
0.0007657387411726796
0.015970318214244113
0.1645366092213956
0.3929081784065971
0.1589582166289247
0.00029931418401161965
0.02772139843856084
0.3573405013437911
0.12926754344577562
0.20126897757280854
