0.2036179266302428
36.50684426109011
36.326520100560764
0
36.68836258000033
0.00026194847873696735
36.68260407770637
0
36.67766301316233
0
85.5248546438387
0
23.53883709058185
0
25.38206934977176
0
39.45291185269544
14.623705824533909
26.649770756827543
0.17157957560075018
2074415755771991e-30
1.8517110106098853
2.1737570194383906
0.12576946923046065
0
1.2947120119347493
0.012711727996372059
0.35595488110209883
0.007004060724369537
3.428388625969547
3.0945178397538484
0.36235452449850736
0.1032636542727819
0.8569314628836421
0.5987664143267651
0.10442258316621221
14177756089201611e-22
1.4446995748924898
1.58514315505201
0.0005954639656076283
0.0005904614166253281
0
0.9267964647348019
0
5.368532341795322
5.462413776091992
4.420408475454806
0
6.713678309377127
0
0.184529657637221
0.01160669786754446
33.114028656138444
32.94011416035892
18.931034393004833
88.91486119897414
61.62167043385317
0.1097135950482901
0.0026625199702970314
0.009031977049013653
19.031285771326527
34.37771562596591
1.0267011095782737
0.14970831730035344
0.048294088073183944
0.3949126757439084
16.485565707970128
0
16.47873344212785
0
13.53226741510879
0.002458490363093084
0.0024576662434924374
15.353721780677569
0.5749536422622761
1.2930472416527086
2.881514871328006
0
7440757606118081e-20
0.0007476854043382062
0.07602991242834485
0.024369682946777053
0.002524088964836095
0.0024782545645436883
0.001549048029903477
0.0008187646892318853
1.4930782454847393
0.6042389281102085
0.09270184492462503
0.23389162888015883
0.00013940275871215718
0.08811935646972904
0.006644026354654421
0.4482494863074744
0.09947150320429904
0.16123564734055149
0.029122994403515255
0.010991845431319348
0.38865592048956377
0.001505575283130475
0
1.1967002358307375
0.7297846671671382
0.011433387587483659
0
1.725691734646285
20331494329193704e-21
0.006284453093554664
0
0.0019061577948685617
0
0.13237269190695164
1.1250297477566968
0
0
0
0
0.156577185433594
0.5542739131694998
0.3221044192846593
1.145271884271012
0.4247285664652362
0.9887174160834841
0.15028896039569561
0.019817896295302152
0.06832020786093641
0.5178385132789483
0.003666874641188072
1.5765982106786367
948181922088971e-21
0.02253070203228516
0.8441138209960249
0.4078835323991552
0.033505350386214626
0.0030273840565148633
0.556222952230616
0.22267283488483627
0.008788500785505032
0.018431795740291263
0.5832126426749864
1.488555774683083
0.2077776019310577
0.0985629836249601
0.3215985072874259
0.002077183914146358
0.378851555587179
0.3789024957130578
0.4571020332013977
0.613438651476199
0.05118565827524106
1.6844023660727965
0.31122212291183665
10.438692660858234
2.0157408227550926
2.753242839302124
0.17754572223585607
0.4411060321405913
2.446825712619902
4.081161429021872
0.9048905922551845
4.868024769279262
7.165386220058381
3.6034661900517317
2.3300523088361076
2.856462887945375
0.4112771468155132
30.055302738348054
619.5133261100802
4.002265533933167
9251.105745305516
1.0999972893676075
23.218960903939053
1.1806114056180324
45.37436201151572
1.2961755040173721
1.397036596508904
1.0999962816818911
1.014022972513287
1.1173532462952565
3.3538395841731887
0
0.0011870298330416318
0.0004848690784939054
0
0.005794453751855792
0.011012038872607285
0.015425318588517587
0.022390800973770986
0.013392646549594267
0.013603514944811415
0.019182951929071577
0.01333241640532647
0.01854244379918256
0.014466574599836444
0.014165611348969978
0.02258130636846688
0.015894600221440774
0.013010252528095545
0.015683366461782998
0.013099333316516873
0.013000218282594681
0.017375821702262168
0.03176654283386315
0.018005683300794575
0.01207216736759699
0.0019040478026762478
0.0074923415369315734
0.02339804734908086
0.07712105802327805
0.04318492731085674
0.12809413635479322
9120610549270304e-20
0.01019885968071938
0.29481382261736355
4806122785762764e-21
0.07925373901882195
0.011034740585695736
0.0012709441582866455
5486376094227934e-21
1204424537791218e-21
0.11314391958388484
0.09700986474208939
0.004158547314083204
0.0420666970082782
0.020627471048909857
0.005812684972442642
0.01223746451373928
0.0004830753841385093
0.599308063493407
15699130024898152e-25
0.08487556494158399
0.0003420104693897055
0.009711299212890639
0.01102258929677328
0.0001570819448114406
0.00017089901589314917
0.6820080982977571
0.0003936339696171887
0.05981153285152189
0.327145129300431
1317924262392819e-21
2586171437391584e-21
0.00014474352480929898
12571602712856088e-21
0.0005947752781789986
1700331048314371e-20
14432278518378913e-23
10044049076036945e-22
19077285729242062e-21
0.0823165418934927
0.0832548599989487
4350142726682489e-20
0.00021272032579895212
0.019976300443685056
0.008220089255750247
0.0999412125301592
0.020575464241529652
27829501511836214e-21
0.15860304955184965
0.040062340075443445
5573481031525503e-22
0.4049612667260647
4458965197424352e-22
0.003776870823534387
0.0009833843058122864
2299456595309394e-27
0.42077106209316123
0.6685250286804658
0.018406308105952562
0.3903013773646331
0.8157739971711446
0.007453370485017473
0.23936246305803352
22332184597380516e-26
4630635251656049e-21
0.0006297580294506992
9121357009422608e-20
0.15059215699596445
8645606695894583e-22
0.00011182507361992063
0.1943460644452668
0.0009299067884897844
0.011980009357406026
12200869705180488e-21
0.1599694172135804
0.10677394239569658
0.021667904320598935
3146991026150193e-20
0.00015346935902506837
1200668079858754e-22
0.013851067277477366
0.19616118853047518
8333314576312314e-24
11103403813178886e-21
9106405797690595e-21
9651017590785252e-20
10586499315137761e-21
0.48805953246314393
0.19428554914919496
0.0051786260701941885
0.0015504343419726594
0.04352290921879213
0.005913978837981017
6760793311943469e-20
0.029163736726324344
832427555792118e-19
0.0007214170375835778
0.08781106807013027
997038733206734e-21
0.7382361210819609
0.7465615549164749
0.0018310402057536463
0.0005373344575587512
58299101233190505e-25
0.0010317165688411502
10390421389030468e-24
0.010373585748111036
0.03011988704498316
0.0009046176365675239
0.0003377324613018989
0.00015457022160300781
26181868735657137e-22
0.00615680596452523
0.03151264612932089
0.021894106975859466
11257176053947096e-24
0.8133639240828827
0.07199743789232098
0
0
8178496890252779e-20
6662117234959895e-20
1033639109686272e-21
7596609244339859e-22
0.00019351578533328943
0.009838877557531349
0.005416490741944774
15204233867768648e-24
0.00013151375692419342
7328776709405874e-21
0.05963789071451739
0.013569292473777772
0.11134130940341895
3845637092974298e-22
0.06440890314739872
0.0077417286398945035
0.00012015614329716043
0.14102347837768636
0.0002965026024616374
18549559457238679e-29
8515456022742886e-20
3736168759697695e-21
0.00012472938245269472
0.016588740501892192
0.003917335624535599
0.0001635744343850626
0.00015213533987842238
3799874523244941e-24
0.0005147113937818966
0.02342796755967845
13135133712281532e-24
0.0018087539004833606
0.0018036829623203127
4418907189511063e-20
0.12095416953971956
43374036905676494e-21
0.5094863820368447
0.00191389418894214
0.22475078438397192
0.00331228461796474
0.0007013087977297008
0.0005695727103310752
4475296631321039e-20
0.6129603834482038
1210211828923916e-20
215680317463456e-19
0.008363058677142026
0.006481124596744292
21715985172722322e-24
8723675676899041e-20
0.0030638721168522332
0.1522664046308616
0.03111075272431525
0.00010012154066944248
0.02350796025813424
0.0003542306175699968
0
0.12662128765704664
0.012476113230345845
0.5524867843964478
0.4773355698396939
0.5156914098626261
0.054976752683793845
0.03053985500266463
0.7808447072063084
0.5376900423726437
0.7982924438028507
0.4638330879216656
0.27276129744397604
0.0007657192799698843
0.015961833165733935
0.16361446733955165
0.38744113782367984
0.15809832450028755
0.00029931121075861913
0.027695786144932122
0.35284682074689366
0.12870160400596065
0.1998807987600829
