0.2475202524369548
36.56324857576281
36.41449898801318
0
36.75944012685758
0.0002638724194758389
36.754867896941455
0
36.75271871514812
0
86.15503052983686
0
23.063914356253395
0
24.379240642605964
0
39.284877082402744
14.601432497975916
26.80451539033525
0.1730871332695257
2293046797573542e-30
1.7767945448315403
2.1923684354791733
0.12337409794174285
0
0.7461500055098358
0.007250578316080979
0.3417831094760416
0.007000694056251988
3.297575632328386
2.972489530204599
0.3429145474543336
0.09600499269164776
0.8105394708492367
0.5646049729933166
0.09757078054978549
14359319560066416e-22
0.8358848884162053
0.9223280990448594
0.0006243770985902288
0.0006187978735358788
0
0.8455589392830992
0
4.975490598649891
5.030809753114461
4.403935489611094
0
6.363409158632506
0
0.18605025202711906
0.01158511352062717
33.08400839226464
32.94007918198684
18.85432775980148
88.80220686472728
61.60812589154327
0.10856219520336267
0.002773929978541421
0.00902858498242381
18.952106451616157
33.873999702441296
0.978104658070514
0.15754861209550106
0.05376874628596584
0.41564745430711597
16.495622178147606
0
16.489713470035127
0
13.625150717535599
0.0025706782940531307
0.002569814888159462
15.248906036022195
0.5800209849110506
1.2936779199491104
2.85579580645885
0
8373255396697546e-20
0.0007495927668921558
0.07437473687895114
0.026664099487196547
0.002594967377739627
0.002271984126637807
0.0015672262202138633
0.0008020877052218763
1.5685145451026699
0.5906735608377458
0.09083493539760959
0.23288630265442986
0.00014741512894422351
0.08419658818092222
0.006294661293466899
0.3104852417389673
0.099833648915781
0.15697595275618959
0.02903804340610596
0.007714623172030039
0.288417185396557
0.0015137025337188998
0
1.1820440467080988
0.6988177512655971
0.011804803311673153
0
1.5659875747196743
1970828021500574e-20
0.006294960602548125
0
0.0018087190752171156
0
0.13206194707417368
1.102970228046701
0
0
0
0
0.15068369605870477
0.5439726013569463
0.23779526734165626
0.6621533933896034
0.42885590576787197
0.92172562391605
0.15524903307947827
0.02017922769739213
0.059277382377649186
0.3857851929200428
0.003496100074478861
1.5087460026291686
953917303113392e-21
0.017426672892409522
0.6597236524611196
0.3943499576342365
0.014193246478156602
0.002994078407916388
0.5078068497590543
0.22544249915729503
0.009900532812925064
0.018485724826685365
0.5476941522298481
1.3503387344633515
0.2192501713081788
0.0996405890563361
0.31908296085576265
0.000892920595115809
0.36986448881266687
0.36993795948263386
0.46557236493125603
0.6100563580574321
0.03892869964291426
1.4099464382594735
0.318338255287977
10.53634305122644
2.020149607024919
2.7610306998320704
0.17201109864638947
0.4447530339972701
2.455766335329132
4.0999744094434165
0.8875287314987083
4.840891229177158
7.089820997649879
3.9868864724935467
2.3513698319397767
2.8408305134311105
0.42636241801691815
29.647699340176345
619.4978332250932
4.002257670380775
8967.972279488215
1.0999967049255088
23.218938918126323
1.1801772748216512
45.361436121722164
1.297396464229491
1.397033607265228
1.0999956971030584
1.015615610362571
1.1158184410559837
3.5899389656165885
0
0.0011691072149448028
0.0005597004299790055
0
0.006740690668674169
0.009319812445044805
0.012691933623506346
0.017954512265824597
0.011085160471171378
0.011390080817078587
0.015542807896856733
0.011071653341309747
0.014793199105418774
0.011898676489221376
0.011804116037675156
0.018953220850914634
0.013086064367371262
0.010857190732927869
0.01299425375602334
0.010954766685906107
0.010325563020619431
0.014507085169017015
0.026996469309624207
0.015181500963197578
0.01004160416698441
0.0019038885841846358
0.007489873710057286
0.023373909327579642
0.07685619814543827
0.04310240155750985
0.12735635569119497
912057402827979e-19
0.010194284617498947
0.29077380029093336
48061217716701216e-22
0.0789739159157403
0.01102938404563053
0.0012708732265216515
5486374772752445e-21
12044244741048014e-22
0.1125699482490475
0.09658920662746892
0.004157787514243374
0.04198840595276106
0.02060872050640096
0.005811200062043707
0.012230875228056881
0.0004830651381123326
0.5814342738917843
1569913002381613e-24
0.08455429626406949
0.000342005333764579
0.009707151488285468
0.011017244559145819
0.00015708086150216622
0.000170897733621217
0.6583784191417754
0.00039362716656618155
0.059652738515275895
0.3221367407788781
13179241861377817e-22
25861711437602798e-22
0.00014474260500118284
12571595774288614e-21
0.0005947597457177929
17003297790390376e-21
14432278426934475e-23
10044048633137366e-22
19077269751249956e-21
0.08201449929199353
0.08294583772256572
4350134418654078e-20
0.00021271833914470028
0.01995871715191984
0.008217118340761774
0.09949450043562694
0.02055680830682633
27829467510140343e-21
0.15746529206262935
0.03999135825895813
557348089514866e-21
0.3971577749884475
44589651101361133e-23
0.003776244137517736
0.0009833418427143054
2299456595309161e-27
0.412317085627971
0.6458983060954735
0.018391384334522372
0.38307575216425643
0.7807344088760567
0.0074509282812831555
0.2367292806501899
22332184597161553e-26
463063431026722e-20
0.0006297406160077378
912132048245381e-19
0.1495680239597397
8645606367739942e-22
0.00011182452461689643
0.19262570460579556
0.0009298688185642538
0.011973694706485617
12200863169812153e-21
0.1588116641847572
0.10626339978507338
0.021647210604533274
3146986678235443e-20
0.0001534683249716002
12006680735297785e-23
0.01384262324463739
0.1944079148603784
8333314573263548e-24
11103398400644433e-21
9106402157012795e-21
9650976698502289e-20
10586494394820452e-21
0.4765124449029829
0.19256628105843726
0.005177447580891039
0.0015503287777752094
0.04343908141397169
0.005912441695166548
6760773244678706e-20
0.029126197215365836
8324245135975084e-20
0.0007213941859504076
0.08746700215668879
9970386895640286e-22
0.7101408260623611
0.7177652621350721
0.001830892965076202
0.0005373217804764495
5829910121826904e-24
0.0010316698287284698
1039042138429073e-23
0.010368852431969682
0.030079838631820885
0.0009045817039368012
0.0003377274533541799
0.0001545691726612301
2618186572619407e-21
0.006155139926819681
0.03146879713206337
0.021872978063294045
11257176048383612e-24
0.7785545353160278
0.07176682301253419
0
0
8178467524511594e-20
666209774920092e-19
10336390627805883e-22
7596608990986207e-22
0.00019351414120542286
0.00983462003985134
0.005415201449742435
15204233857619797e-24
0.0001315129975772076
7328774351366315e-21
0.059480022153829436
0.013561188920595829
0.11078567219176637
38456370280474735e-23
0.06422460153605354
0.007739093672880434
0.00012015550944354932
0.14012701734315935
0.00029649874263372727
1854955945723851e-28
8515424187360715e-20
37361681468666004e-22
0.00012472869943034684
0.016576622595085504
0.003916661440591513
0.00016357325967337734
0.00015213432372391029
37998745226110315e-25
0.0005146997617467487
0.023403767632995343
1313513370470699e-23
0.001808610222822967
0.0018035400892783284
44188986167488997e-21
0.12029724306054206
4337395431126941e-20
0.4968410389014325
0.0019137333191742115
0.22243607645920976
0.003311802665362365
0.000701287202320312
0.0005695584663687244
44752878383688384e-21
0.5942005073261024
12102111859234757e-21
2156801132378195e-20
0.008359983438916804
0.006479278305169887
21715985152018693e-24
8723642265594433e-20
0.003063459762409353
0.1512190332031758
0.03106801820336718
0.00010012110057034732
0.023483594434845868
0.0003542251083810093
0
0.1259005792280405
0.012469264138570826
0.5374664795343669
0.46631729833369345
0.5027175469902142
0.05484271321917004
0.03049867881575108
0.749050021501551
0.5235130722632203
0.7649012859977786
0.4534610961728852
0.2693187354781719
0.0007656935353125733
0.015950615137632993
0.1624024927712283
0.38032544200737706
0.15696790777748745
0.0002993072774582576
0.02766193974447669
0.34698879554938744
0.12795672234105515
0.19805906352187883
