0.24905026627229773
36.56409217678726
36.41628930555648
0
36.76066695722501
0.0002639252656414321
36.756131073960205
0
36.75406633425556
0
86.17383699726547
0
23.05173576236368
0
24.349168064142212
0
39.27403978084111
14.597900684259246
26.805160156236028
0.17313263349399358
22994055783206536e-31
1.7744323253473773
2.1927407430176995
0.12329447463012407
0
0.7319474303906401
0.007107898372953116
0.3412804942183069
0.007000579438841893
3.29288334252484
2.968159894650827
0.3422195457428762
0.09572480853542183
0.8089063451066525
0.5633879097412287
0.09736478032726165
1435659532439299e-21
0.81989901823063
0.9047002859759745
0.000625436098166098
0.000619838889738665
0
0.8428480539742368
0
4.963528719450961
5.01781337557374
4.403362404509476
0
6.354479113751061
0
0.1860971079280124
0.011585189415258938
33.082962666761865
32.94007796526114
18.851629367973082
88.79870820207368
61.60765336518075
0.1085184565800833
0.0027764508398492736
0.00902846631726983
18.94936529440784
33.85823774083506
0.9763539156191393
0.15780862919446395
0.053950115328414316
0.4162821628456889
16.495496473494413
0
16.48961462811319
0
13.62765998642441
0.0025746050130616986
0.002573740133447395
15.245267606217501
0.5801783116744355
1.293696431580231
2.8549036825812224
0
8403416229741452e-20
0.0007497129419342259
0.07432361516289382
0.02673458420511502
0.00259737086360244
0.002266278532929534
0.001567639994612084
0.0008015568444051431
1.5706813254712182
0.5902081343692765
0.09076083140355776
0.23285108464210677
0.0001476918628366218
0.08406476074431474
0.006283022638308685
0.3065938741315323
0.09983339471816188
0.15684701052821853
0.029031113644352173
0.007619089874895592
0.2854175086737103
0.0015139581348877493
0
1.1815347094608077
0.6978521669048783
0.011817876513431951
0
1.5607187979512178
19686340361977125e-21
0.006295151241640292
0
0.0018062501880043813
0
0.13205140049773453
1.1022113622781766
0
0
0
0
0.15046148642374826
0.5436111776384762
0.23531903246038705
0.649828854512646
0.4289495014344811
0.9194492778582161
0.15541130143460338
0.020192165848304945
0.05899968632976879
0.38218888250142263
0.0034897529750899537
1.5062149202765964
9540991773694008e-22
0.017284097466480994
0.6545174614107071
0.3938196821398342
0.013768587754226418
0.002992901033540103
0.5062086252521444
0.22552844478856746
0.009935292068010079
0.018489266440057422
0.5465992813670675
1.3457956488309266
0.2196232872881241
0.09968463269940425
0.3189545608688847
0.0008665150770934955
0.36949882393738576
0.36957288641507224
0.46584278256579975
0.6099424767661447
0.03856599648025764
1.4011934970286903
0.318589168597255
10.538358886615312
2.0202806915255684
2.761201783426989
0.17181943599565494
0.4448282750485554
2.4560315740917464
4.100386234305334
0.8869199134292516
4.840029524006313
7.087149327557885
3.999013215355772
2.3520437447887907
2.84046134660423
0.4268334971659175
29.63515780544275
619.4972932987633
4.002257396333068
8958.262784344592
1.0999966845574705
23.218938151912223
1.1801621480665645
45.360985715633454
1.2974330969605505
1.3970334880342767
1.0999956767302557
1.0156182166413468
1.1157649905069928
3.5963331185780674
0
0.0011683470363596969
0.0005621183492099702
0
0.006770756776503493
0.009271884686758837
0.012614582999555878
0.017829604332486548
0.01101962256935802
0.01132798139496867
0.01543957667325717
0.011008966220045477
0.0146877655850114
0.011826169991873152
0.011737508114538869
0.018851062097861433
0.013006700356794885
0.010796481374064896
0.012917830980911274
0.010894328193622368
0.010250273202347776
0.014426276237034543
0.026857109958221468
0.015101142659124463
0.009984345731933464
0.001903883035595809
0.007489787719950517
0.02337306855693714
0.07684698409225645
0.04309952834715248
0.12733072050545072
9120572755511116e-20
0.010194125211706304
0.2906340066400479
4806121736328587e-21
0.07896418180323363
0.011029197414935148
0.0012708707545923
5486374726698494e-21
1204424471885304e-21
0.11254999770694397
0.09657457946037563
0.004157761037414671
0.041985680106833435
0.020608067349842996
0.005811148319155822
0.012230645652772662
0.0004830647810380893
0.5808210712412334
1569913002377842e-24
0.08454312187582273
0.000342005154787354
0.009707006970352122
0.011017058339615207
0.000157080823748534
0.00017089768893369434
0.6575698459072299
0.0003936269294792188
0.05964721207706685
0.32196358591795776
13179241834802629e-22
25861711335271104e-22
0.00014474257294560286
12571595532476796e-21
0.0005947592044125436
17003297348042953e-21
144322784237476e-21
10044048617702136e-22
190772691944107e-19
0.0820039929936596
0.08293508887938472
4350134129116209e-20
0.00021271826990932957
0.01995810464624715
0.008217014822535826
0.09947896839537984
0.020556158445063113
2782946632516822e-20
0.15742578827232453
0.039988886783043645
5573480890395871e-22
0.39688854867597867
4458965107094083e-22
0.0037762222991314354
0.0009833403628912072
2299456595309153e-27
0.4120255440114232
0.6451237181681353
0.018390864453296213
0.3828263628587156
0.7795407877899858
0.007450843183925419
0.2366380373851163
22332184597153923e-26
4630634277459441e-21
0.0006297400091508806
9121319209476792e-20
0.1495324583774551
8645606356303621e-22
0.00011182450548396728
0.19256602476529525
0.0009298674953249286
0.011973474698373841
12200862942051982e-21
0.1587714674709313
0.10624565125660676
0.02164648977663849
31469865267089606e-21
0.0001534682889345437
12006680733092114e-23
0.013842329059517695
0.1943470959592295
8333314573157296e-24
11103398212015463e-21
9106402030133726e-21
965097527339279e-19
10586494223345442e-21
0.4761149885398763
0.19250663900181236
0.005177406514897941
0.0015503250989497854
0.04343616289430731
0.005912388132322009
6760772545327477e-20
0.029124889819909662
8324244075759946e-20
0.0007213933895747895
0.08745503566120949
9970386880430626e-22
0.7091812151373776
0.7167819822053135
0.001830887833892472
0.0005373213386803902
5829910121774902e-24
0.0010316681998547962
10390421384125546e-24
0.010368687512936346
0.03007844388903741
0.0009045804516958053
0.0003377272788265127
0.0001545691361053127
26181865621313074e-22
0.006155081872861194
0.03146727007748861
0.02187224207993843
11257176048189722e-24
0.7773686554116815
0.07175879932458948
0
0
8178466501105522e-20
6662097070115357e-20
10336390611459062e-22
7596608982156731e-22
0.0001935140839071527
0.00983447169686224
0.0054151565229214405
15204233857266104e-24
0.00013151297111373668
73287742691876955e-22
0.05947452791269112
0.013560906595768996
0.1107663580917246
3845637025784747e-22
0.0642181880687413
0.007739001859386724
0.00012015548735355456
0.14009587828448708
0.00029649860811806737
18549559457238504e-29
8515423077886899e-20
37361681255091907e-22
0.00012472867562680884
0.01657620044078656
0.003916637947100413
0.00016357321873435146
0.00015213428831063638
3799874522588939e-24
0.000514699356370353
0.023402924706662703
13135133704443015e-24
0.0018086052158041207
0.0018035351102990331
44188983179849666e-21
0.12027441335747921
4337395143282371e-20
0.496406048900501
0.0019137277130414812
0.2223558392614974
0.003311785870383586
0.00070128644972354
0.000569557969967291
4475287531931205e-20
0.5935571749472304
12102111635146562e-21
21568010612047686e-21
0.008359876286012993
0.006479213970645926
21715985151297163e-24
8723641101199243e-20
0.0030634453926908045
0.15118266208623232
0.03106652994700077
0.00010012108523275049
0.02348274573159783
0.0003542249163850869
0
0.12587553635531792
0.01246902551276241
0.5369504447200124
0.46593792781767573
0.5022713366319004
0.054838047787239504
0.03049724481050226
0.7479656212338663
0.5230257975129136
0.7637631225229229
0.4531038408097503
0.2691995474955223
0.0007656926381164476
0.015950224327011646
0.16236041724413053
0.38007982776957416
0.15692865838221504
0.0002993071403820791
0.027660760929882133
0.3467864042091484
0.12793084079877648
0.19799587559495452
