0.2590467429532223
36.56803910365641
36.42614939136472
0
36.766866758006195
0.0002642502599473989
36.76255848431997
0
36.761022237484
0
86.29174864184357
0
22.97879840294812
0
24.160896856431467
0
39.19665728999965
14.571187139447995
26.80311158926169
0.1734192407901457
2339019462443844e-30
1.7593379958558992
2.1947863354555692
0.12278685325657651
0
0.6460477390042666
0.006244252380058949
0.33798148448279525
0.006999833956368261
3.2620084971948287
2.939738479815025
0.337656065511859
0.09386403258526645
0.7982112856306363
0.5554029596950357
0.0960591336361276
1432670755634878e-21
0.722960353310092
0.7975442176172586
0.0006324331590386
0.0006267215435147741
0
0.8253624210949887
0
4.887967479377627
4.9357824393756635
4.399619789082036
0
6.300158498226966
0
0.18639377504768076
0.01158677736674717
33.076131145914744
32.940070019246875
18.833972786806353
88.77676727580216
61.60456522632723
0.10822716555200963
0.002790878171922797
0.009027690301873505
18.93146679903321
33.758217286613416
0.9648153405429049
0.15948380313910818
0.055121589842705085
0.4203380987241222
16.494005284028006
0
16.488290843907542
0
13.643036848879799
0.002600303452115894
0.0025994287751074444
15.221519330936152
0.5811766482552264
1.2938125057783318
2.8490818525612
0
8596930931263004e-20
0.0007505694338732396
0.07399893894033015
0.027180781125930933
0.0026129767028904207
0.0022310611814841882
0.0015701120608564013
0.000798202910912759
1.5841817109349527
0.5871781164652943
0.09026263900932323
0.23261887397129247
0.0001494957564917718
0.08321134641816201
0.006207880677168663
0.28245791225203826
0.09981261985106386
0.1560394888928639
0.02898022562509806
0.007022929420189908
0.26658438333914236
0.0015155682645518072
0
1.178208879381013
0.6917152306230591
0.01190356633396993
0
1.5267617525306703
1954271640512652e-20
0.00629612166476523
0
0.001791448092523345
0
0.13198288511911918
1.0972673536941597
0
0
0
0
0.1489849809853512
0.5412458304261973
0.21982465516198627
0.5753970371609904
0.42949656020476024
0.9046917231740985
0.15645443810216292
0.02027728075636386
0.05726015366828026
0.360123007861512
0.003447710347899053
1.489432369639519
9552593025678936e-22
0.016404309484794353
0.6223229733282767
0.3902718862031207
0.011283909688800886
0.0029851898837824544
0.49590434975142356
0.2260733835925909
0.010156213794161973
0.018514800401052543
0.5396395198396542
1.3165547862774423
0.22201802100713477
0.0999821168335494
0.3180604277441647
0.0007116412550137645
0.3670408357560808
0.36711850605530233
0.4675696406129469
0.6092046979315799
0.036293979157824265
1.3454678682180574
0.3202329941142341
10.549586992440206
2.021104647473385
2.762170712422257
0.1705692488874648
0.44524739133877095
2.457697632407131
4.10271398081017
0.8829360387081997
4.8346074405899575
7.069969207124471
4.076248348297416
2.356339173278421
2.838246590039268
0.42983186674243207
29.555906757086394
619.493765655338
4.00225560581932
8895.083164097865
1.099996551481154
23.218933145787254
1.180063320885734
45.35804305886622
1.2976643620116353
1.3970326894170562
1.0999955436227986
1.015565698506135
1.1154158297691676
3.6350291487007067
0
0.0011631942304694961
0.0005776060311190295
0
0.006962492679853187
0.008975568828460507
0.01213581501995483
0.017056613343429342
0.010613721760569714
0.01094471911036675
0.014799919753233824
0.010622899589870713
0.0140354339657187
0.011377605405469317
0.011325804084028104
0.01822013585004128
0.012515631719011638
0.010421296528922274
0.012444507529133706
0.010520906161202376
0.00978426233108668
0.013927002226743848
0.02598922568548679
0.014603714744747138
0.009630419965188566
0.0019038467838125587
0.007489225920505394
0.02336757605404833
0.07678681046517606
0.043080760693801436
0.12716335776433665
9120564439772145e-20
0.010193083781624352
0.28972230538899174
4806121505421639e-21
0.07890061266508104
0.01102797812499098
0.0012708546041481
5486374425801068e-21
12044244573840277e-22
0.1124197361179867
0.09647906610871208
0.004157588052931833
0.04196787491312822
0.020603800404851824
0.0058108102638962595
0.012229145809001439
0.0004830624480693772
0.5768305440655559
15699130023532043e-25
0.08447014938670568
0.00034200398542660155
0.009706062802983431
0.011015841735794535
0.00015708057708216147
0.0001708973969642179
0.6523113471830928
0.00039362538045471817
0.05961111721704007
0.3208345521232213
13179241661171355e-22
2586171066667822e-21
0.00014474236350789515
12571593952578649e-21
0.0005947556677603733
17003294457928387e-21
14432278402925874e-23
10044048516854743e-22
19077265556254047e-21
0.08193538230733347
0.08286489466282869
4350132237396172e-20
0.0002127178175546486
0.019954103250456105
0.008216338509418147
0.09937754813393784
0.020551913023043177
27829458583052416e-21
0.1571679306581655
0.039972742941634505
5573480859343124e-22
0.395134021389932
44589650872187163e-23
0.0037760796192687616
0.000983330694394821
22994565953091e-25
0.4101257985617195
0.6400856922629765
0.018387468126350098
0.38120094735013355
0.7717869465990514
0.0074502872169552046
0.23604275658009247
22332184597104067e-26
46306340631070105e-22
0.0006297360442139235
912131089237658e-19
0.14930029563718783
8645606281583432e-22
0.00011182438047741352
0.19217655620194934
0.0009298588498735939
0.011972037355982117
12200861453961472e-21
0.1585090890679967
0.10612976265698744
0.02164178077642264
314698553669787e-19
0.0001534680534835508
1200668071868115e-22
0.013840407129655957
0.19395019843913994
8333314572463101e-24
11103396979591977e-21
9106401201158481e-21
9650965962322775e-20
10586493102998819e-21
0.47352631957816743
0.192117416867221
0.005177138214724389
0.0015503010632430447
0.04341709932083408
0.005912038186823064
6760767976057983e-20
0.029116349283678938
832423714875669e-19
0.0007213881864079887
0.08737689181747153
9970386781057013e-22
0.7029433485119716
0.7103907056681158
0.0018308543092171834
0.0005373184521768669
58299101214351425e-25
0.0010316575575321744
10390421383046319e-24
0.010367610064834385
0.030069332808852985
0.000904572270114469
0.0003377261385372427
0.00015456889726430214
26181864936064068e-22
0.006154702585817301
0.0314572947589229
0.02186743407896201
11257176046922928e-24
0.7696649371159128
0.07170639794373988
0
0
8178459814597282e-20
6662092633253253e-20
10336390504655707e-22
7596608924468583e-22
0.00019351370954440555
0.009833502540280453
0.005414862998854427
15204233854955233e-24
0.00013151279821250957
7328773732266652e-21
0.05943864330478523
0.013559062146933311
0.11064025060350242
3845637011001032e-22
0.06417630088869417
0.007738402014853511
0.00012015534302677817
0.1398925988020072
0.000296497729249963
18549559457238472e-29
8515415829048074e-20
37361679859687225e-22
0.0001247285201044625
0.01657344252402541
0.003916484453828522
0.00016357295125596515
0.0001521340569351754
37998745224446e-22
0.0005146967078167445
0.023397418122254262
13135133702718304e-24
0.001808572502357986
0.0018035025800488488
44188963659856676e-21
0.1201253601234723
4337393262625642e-20
0.49357336197651436
0.0019136910852964072
0.22183231448243887
0.003311676141044694
0.0007012815325878274
0.0005695547266965781
4475285529795145e-20
0.5893710154416818
12102110171047205e-21
21568005961871365e-21
0.008359176227121264
0.006478793651234073
21715985146582988e-24
872363349352718e-19
0.0030633515085604665
0.15094524347038005
0.031056808050719354
0.00010012098502330337
0.023477201410917876
0.00035422366196581395
0
0.12571203914503462
0.012467466542950442
0.5335910589538082
0.46346686233083245
0.4993657141965589
0.054807575553462384
0.03048787727338794
0.7409191319971798
0.5198532890176617
0.7563683995475826
0.45077659911246587
0.2684221196649763
0.0007656867762344473
0.01594767116792775
0.16208578133016022
0.37847898511199174
0.15667246051299205
0.00029930624478464914
0.027653060279801824
0.3454669652022672
0.1277618703103751
0.19758352769203905
