0.2717862858043091
36.56942291995194
36.4343989318096
0
36.77048718850287
0.0002646168297529455
36.76644442034826
0
36.76552376675526
0
86.4298694235531
0
22.901693943223066
0
23.94149961604021
0
39.08313469511465
14.528815734014852
26.786158525623563
0.17375882273376894
23848554438879036e-31
1.7408904457483605
2.1964928505233026
0.12217698247957838
0
0.5524873504951049
0.005302869657806293
0.3337383360255533
0.006998891475196466
3.222119906134071
2.9031754299522956
0.33179004954520397
0.09143143542715118
0.7845218403262381
0.5451545871190606
0.09448410556467146
14261286277381451e-22
0.6168740389326183
0.6797541967932389
0.0006415396199352344
0.0006356893585471699
0
0.8036616675414772
0
4.797893848917799
4.838087141013783
4.394854441527023
0
6.239867732478737
0
0.18674890541473568
0.011591282850952976
33.067427085014934
32.94005990151162
18.811414151825296
88.75067790425356
61.600627536420504
0.10784264366209484
0.0028044270175643024
0.009026699620432222
18.90867291234831
33.638049351783636
0.9498566051476949
0.16155765355154988
0.05658234892813558
0.4253269274308132
16.490540407857353
0
16.48501923314184
0
13.660257100448549
0.00263317705620449
0.002632289507877022
15.19131379465892
0.5823774174784194
1.293948793324678
2.841679908757374
0
8834987312736735e-20
0.0007518235566981339
0.07360712533276506
0.027714788307295908
0.0026326328767667362
0.002190995053356794
0.001572786982489721
0.0007942421080930353
1.599841660587928
0.583342814113128
0.08959346907655817
0.2323161133557524
0.00015178441198976042
0.08214425995713266
0.0061144849537559335
0.2547227311210157
0.09974053012951004
0.15509960106585444
0.02890225648782443
0.0063302371860557505
0.24443971261240585
0.0015174587199571715
0
1.173974919298122
0.6843057518152904
0.012013523725813472
0
1.4846345625179316
19359085185396584e-21
0.006296685237891145
0
0.0017757014238570271
0
0.13189647565170806
1.09099983477365
0
0
0
0
0.147043876699246
0.5382215841657052
0.20171341991677974
0.49438797730569306
0.43004807520708266
0.8861898676428507
0.1577415481891172
0.020387244521820454
0.05523569869943932
0.33534286692417564
0.0033927753059718696
1.4674590200660316
9566686967144624e-22
0.015405210264867112
0.5856171020126374
0.38555530916353375
0.008745391579170751
0.0029753225903973238
0.48310927683946314
0.22672710435095142
0.010422747997594276
0.018553029210931913
0.5312163016580745
1.2803856642677414
0.22496299887510263
0.10038459391484948
0.31679436042854103
0.000552714456380162
0.36375295883419023
0.36383455755453936
0.46967121694507813
0.6082798667999019
0.03363378024188206
1.2782012611908262
0.3223386382366833
10.559375263833084
2.0220787261574382
2.763054662932503
0.16898123273132862
0.4456129191491471
2.4596643344984717
4.104824255158741
0.8778438023692765
4.828258821465066
7.048967965380614
4.169737081561895
2.3615507147546264
2.8358455622028527
0.4334644799331604
29.461500628805275
619.4892700440346
4.0022533239838545
8815.212195706084
1.099996381888281
23.218926765966653
1.1799373871942187
45.354293204032025
1.2979402862784646
1.3970316267622227
1.0999953739902302
1.0153391331492547
1.1149710165259663
3.6766919372246942
0
0.00115619815426927
0.0005965712789606521
0
0.007195175570306162
0.008638377160048488
0.011589032034177865
0.016173273567833914
0.010149688933778588
0.010509945379964131
0.01406734813620867
0.01018661697018409
0.01329025256436576
0.010865814696733039
0.01085721945240186
0.01750353751999089
0.011955172505350284
0.009994451354731924
0.011903426229999996
0.01009632111351101
0.009251417802904671
0.0133592876074961
0.024986966677828057
0.01403617408033784
0.009227534319101833
0.0019038005854207975
0.0074885100225106065
0.023360578260761627
0.07671019327720173
0.04305685497782232
0.1269503889044
912055384217796e-19
0.010191756733881226
0.28856457391272
4806121211153079e-21
0.07881967410664753
0.011026424453213335
0.0012708340222661945
548637404233642e-20
12044244389035535e-22
0.11225394878630307
0.09635748046793176
0.004157367611366708
0.04194519485812789
0.02059836387644502
0.005810379473659247
0.012227234669704955
0.00048305947494268515
0.5717847120946782
15699130023218062e-25
0.08437724428054455
0.0003420024951951965
0.00970485968606722
0.011014291486576065
0.00015708026273028412
0.00017089702487807718
0.6456707977320245
0.0003936234063816202
0.059565149461818095
0.3194014437704354
1317924143989509e-21
25861709814621263e-22
0.0001447420966002289
12571591939151528e-21
0.0005947511606696616
17003290774757564e-21
14432278376390598e-23
10044048388334496e-22
19077260919776213e-21
0.08184802781020034
0.08277552501618186
435012982658311e-19
0.0002127172410737454
0.01994900502108945
0.008215476694422429
0.09924844765629084
0.02054650391389861
2782944871647762e-20
0.15683992808101996
0.03995217862191724
5573480819769398e-22
0.39290928225094734
4458965061889484e-22
0.0037758977953940755
0.0009833183729689103
22994565953090325e-28
0.40771744570407664
0.6337221939819321
0.018383140745067743
0.3791395102206252
0.7620170975597396
0.00744957875093683
0.2352862984783649
2233218459704053e-25
463063378993558e-20
0.0006297309913213678
9121300293047632e-20
0.1490049489899952
8645606186359779e-22
0.00011182422116885167
0.19168135755739432
0.0009298478321983924
0.01197020585215516
12200859557534279e-21
0.15817534145922704
0.10598225702057432
0.021635781095604066
3146984275024922e-20
0.00015346775342455244
12006680700315777e-23
0.013837958202628762
0.19344556540052807
8333314571578417e-24
11103395408987622e-21
9106400144709805e-21
9650954096277456e-20
1058649167522556e-20
0.47024769906571884
0.1916225311800945
0.0051767963122482
0.001550270432599154
0.043392816764992896
0.00591159224514294
6760762152970347e-20
0.029105468825571707
8324228320969249e-20
0.0007213815555294457
0.08727740622969457
9970386654414953e-22
0.695073243511662
0.7023281652595531
0.0018308115861500626
0.0005373147736297296
5829910121002153e-24
0.0010316439950802286
10390421381670948e-24
0.010366237123678908
0.030057725617818484
0.0009045618435874743
0.000337724685354416
0.0001545685928850655
26181864062780502e-22
0.006154219255029909
0.03144458676279455
0.021861308278352542
11257176045308521e-24
0.7599578341600188
0.07163967290424017
0
0
8178451293297051e-20
6662086978905839e-20
10336390368545161e-22
7596608850950619e-22
0.0001935132324563355
0.009832267582349431
0.005414488953873206
15204233852010252e-24
0.00013151257786694494
7328773048012761e-21
0.05939294321871499
0.013556711938820193
0.1104797468571344
3845636992160617e-22
0.06412295932168274
0.0077376376383824896
0.0001201551590965096
0.13963396617281296
0.00029649660922132767
18549559457238429e-29
8515406591112915e-20
3736167808137898e-21
0.00012472832190655247
0.01656992849079919
0.003916288850214419
0.0001635726103812614
0.00015213376207003486
37998745222606535e-25
0.0005146933325110424
0.023390402390637322
13135133700520326e-24
0.0018085308130918777
0.0018034611242410698
4418893878352573e-20
0.11993567386354087
4337390865911687e-20
0.48998679051901717
0.0019136444077932618
0.2211669187579853
0.003311536306882295
0.0007012752662238242
0.0005695505934884504
4475282978267646e-20
0.5840789194739486
12102108305194417e-21
21568000035672776e-21
0.008358284154719996
0.006478258034305862
21715985140575225e-24
8723623798294425e-20
0.00306323186648495
0.15064321667165
0.03104442284304571
0.00010012085731619878
0.023470137607425428
0.00035422206333619334
0
0.12550398549264136
0.01246548006915699
0.5293402892042783
0.4603367117197795
0.49568712687389627
0.05476876617678732
0.030475943423063746
0.7320351871938308
0.5158381068465712
0.7470482080386706
0.44782806973121814
0.26743461600894464
0.0007656793058977306
0.01594441800585064
0.16173645756531785
0.3764486338082751
0.15634656718113182
0.00029930510343621454
0.02764324965281863
0.3437927407147479
0.12754685716144168
0.1970592744873515
