0.2911395470808703
36.564691183826106
36.43874049833068
0
36.767813012518126
0.0002650834600683176
36.76412385627997
0
36.76402135689109
0
86.61494463709614
0
22.815299241385404
0
23.65132338396543
0
38.88435963135551
14.449341890272011
26.734287674429424
0.17422400897560242
2445337331329713e-30
1.7143519353603696
2.1974067830029194
0.12134586964549884
0
0.4394090108205779
0.004165809269511152
0.32720602367272134
0.006997473029058417
3.1603813675723504
2.846869689142371
0.32279407101124963
0.08765457680675456
0.7636096188548402
0.5294695236958283
0.09224133887333602
14114194707349773e-22
0.4879405295071096
0.535841809222287
0.0006557580458055188
0.000649710185879655
0
0.7719641902934018
0
4.673323216513111
4.703035350179622
4.387624350707015
0
6.163716227970742
0
0.18724263899090227
0.011602566046022604
33.05420871883502
32.94004454868881
18.777046869328785
88.71471547231009
61.5946408929966
0.10723229354415612
0.002815950636491655
0.009025191135837803
18.874048181968146
33.4704217615993
0.926584410958653
0.16457319270321985
0.05873831559877732
0.43267377335922236
16.482348264197302
0
16.47707856344325
0
13.681947715939272
0.0026834395790250234
0.0026825317547280736
15.145553229114071
0.5840592645835481
1.2941327998267977
2.830472498811602
0
9179540723408537e-20
0.0007540214578475265
0.07305383240130839
0.028456548776646256
0.002662044548201708
0.0021392255145820343
0.0015761433324009773
0.0007889704083341857
1.6206778495054595
0.577568350559082
0.08850699564525805
0.23183698494163643
0.0001552410717537366
0.08056997703526073
0.005978054067777174
0.21833016959686605
0.0995421892815995
0.15386506064803207
0.02875916813289077
0.005409248394658564
0.21451310413881103
0.0015199542773532324
0
1.16755083208242
0.6738553791489303
0.012182413585767191
0
1.4230054827136638
19079239935470223e-21
0.0062961745160843964
0
0.0017576672101469648
0
0.1317668816200267
1.0815416254822365
0
0
0
0
0.14397632757061476
0.5336067631765599
0.17739949133154254
0.39599339793085575
0.4306257798851955
0.8587864194710444
0.15960862833977776
0.020557642540105794
0.05257294808069343
0.30394976611015007
0.00330671813025362
1.4329352058159472
9586678132809262e-22
0.01411989092601982
0.5381623919270507
0.3780194795610354
0.005924723847384081
0.002960266376378572
0.46435929919637575
0.22763624791014628
0.010797472334351632
0.018622199793523482
0.5192412773134798
1.2277296976283207
0.22921265241224306
0.10104231457058059
0.3146418490087154
0.00037523455159997566
0.35848578734336667
0.35857207966012705
0.47265592720939265
0.6069065396646758
0.03005811058250157
1.1842085314167092
0.32555883502556615
10.565816355935391
2.023416640419481
2.7637338496661394
0.166580300366096
0.44585406638875824
2.4623594692656146
4.106408666438898
0.8700764057645569
4.819900015993135
7.0194469464435505
4.3014806540174195
2.3689346975234695
2.8328790879041286
0.4386179974731465
29.331449245806112
619.4824406039287
4.002249857538728
8695.246484354882
1.0999961242515208
23.218917074073175
1.1797461008929429
45.348597209736425
1.2983240277424362
1.3970299300883626
1.0999951162932045
1.0147010258380431
1.1142956184302755
3.724372906341721
0
0.0011447830713507846
0.0006237552250792479
0
0.007524269745961356
0.00820572126467403
0.010881233356967017
0.015025912226055404
0.009548464506703947
0.009954059438195067
0.013113675255059758
0.009631304677715022
0.012322683233146982
0.010204233797444544
0.010254707002068028
0.01658602336458514
0.011230379614708061
0.009446066529971741
0.011202583925614814
0.009551497316574358
0.008558311952548319
0.012630557668074747
0.02367244235596949
0.013304781472760475
0.008709256347280779
0.0019037304053343225
0.007487422597871564
0.023349951581148904
0.07659394662419558
0.043020564018641794
0.12662753980482877
9120537742879e-17
0.01018974108147438
0.2868146537376619
4806120764115383e-21
0.07869687523894
0.01102406461342012
0.0012708027559627472
5486373459796608e-21
12044244108289641e-22
0.11200256086626892
0.09617306691766425
0.00415703275019169
0.04191076393035856
0.020590107725556056
0.005809725100296407
0.0122243319362097
0.00048305495835584327
0.5642036726409476
15699130022741076e-25
0.08423630308647058
0.0003420002313243659
0.009703032257800007
0.011011936844775711
0.00015707978518420966
0.0001708964596254119
0.6357119400438833
0.0003936204074897796
0.05949538541956618
0.3172365784700744
13179241103743523e-22
2586170852022002e-21
0.00014474169112870894
12571588880456743e-21
0.0005947443137935553
17003285179474544e-21
14432278336079564e-23
10044048193093115e-22
1907725387627862e-20
0.08171550150389449
0.08263994362088424
435012616420189e-19
0.00021271636531646062
0.019941262544412214
0.008214167642171139
0.09905264566415685
0.02053828939619283
27829433727689022e-21
0.15634295271467
0.03992095860207919
5573480759651023e-22
0.38955351741879096
44589650234106105e-23
0.0037756215946249997
0.0009832996551849074
22994565953089303e-28
0.40408583303856255
0.62417593832255
0.01837656875762582
0.37602919145551994
0.7474113716649674
0.007448502614541493
0.23414176225889916
22332184596944007e-26
4630633374947561e-21
0.0006297233153032675
9121284191113309e-20
0.14855739106490323
8645606041700879e-22
0.00011182397915587485
0.19093151768564903
0.0009298310949600915
0.011967424061426054
12200856676579742e-21
0.1576696733295434
0.10575856620241189
0.02162666987015523
3146982358356941e-20
0.00015346729759140683
12006680672416044e-23
0.013834238747178963
0.19268146397196065
8333314570234449e-24
1110339302300632e-20
9106398539807297e-21
9650936070016825e-20
10586489506225893e-21
0.4653103717992734
0.19087316440412158
0.005176276954715652
0.0015502239012511717
0.043355953933590506
0.005910914857736411
676075330684333e-19
0.029088947570191426
8324214910264439e-20
0.000721371482354869
0.0871264895197708
9970386462026822e-22
0.6832856586513952
0.6902547160528703
0.0018307466853614012
0.0005373091854174366
5829910120344378e-24
0.0010316233920387497
10390421379581552e-24
0.01036415176965354
0.03004010114030641
0.0009045460043714315
0.0003377224777654285
0.00015456813048885928
26181862736132873e-22
0.006153485076269986
0.03142529124828624
0.02185200555914183
11257176042856e-21
0.7454450501883799
0.07153842642871734
0
0
8178438348190992e-20
6662078389119915e-20
10336390161772993e-22
7596608739265894e-22
0.00019351250769081545
0.009830391794250133
0.005413920773327693
15204233847536386e-24
0.00013151224312995052
7328772008529405e-21
0.059323585212757816
0.013553142402438179
0.11023636320555039
3845636963539224e-22
0.06404201036794831
0.007736476581252072
0.00012015487967960095
0.1392419793780978
0.00029649490773926246
18549559457238368e-29
8515392557333949e-20
37361675379864285e-22
0.00012472802081503725
0.016564591577060146
0.003915991717911084
0.0001635720925432223
0.000152133314127103
3799874521981211e-24
0.0005146882049617791
0.023379748475474454
13135133697181272e-24
0.0018084674827319618
0.00180339814852367
44188900992704135e-21
0.11964808519273892
4337387224949082e-20
0.48458806110316727
0.001913573499898759
0.22015990074155195
0.0033113238892797797
0.0007012657467915904
0.000569544314587663
44752791021204824e-21
0.5761302233445389
12102105470686933e-21
21567991032898403e-21
0.0083569291461591
0.006477444437219411
2171598513144854e-23
8723609069813808e-20
0.0030630501213102334
0.15018554898825004
0.03102561731989384
0.00010012066331041541
0.02345941070541229
0.00035421963479372346
0
0.12518857971416295
0.01246246292549012
0.5229474443965084
0.45562195146952367
0.49015059143092227
0.054709861536606744
0.030457823066385604
0.7187425580931766
0.5097977091312484
0.7331087368111452
0.4433856770668826
0.2659413981598986
0.0007656679574841083
0.015939477238338117
0.16120722282231295
0.3733850499922929
0.1558527833757923
0.00029930336956643405
0.02762835251017245
0.3412648570387373
0.1272209123852654
0.1962655163148041
