0.3517715009404367
36.51048653263055
36.404020143383136
0
36.71055328764387
0.00026601725177954135
36.707645766674055
0
36.70934198166088
0
87.0260355316769
0
22.727361522514315
0
23.04606572039934
0
38.14046937726371
14.122181964854352
26.43324443641971
0.1753650455519016
2578381015914523e-30
1.6404189433720553
2.1908675933058284
0.11961580047157368
0
0.2397921780770107
0.0021707442483048125
0.30603425411712826
0.00699310193765172
2.9584485078250062
2.66423599982055
0.2942943903171185
0.0758587042223583
0.697425853869448
0.4799910901851424
0.08584683588333857
13443695643660395e-22
0.2583494180203022
0.27744846246121385
0.0007030575214547855
0.0006964522923413657
0
0.6818184472242275
0
4.36131785756206
4.3652243567838305
4.365045688550838
0
6.001866494583467
0
0.18849933452079978
0.011660922188538233
33.01283111204244
32.93999656435507
18.66882444503715
88.62378007604713
61.57584742244238
0.10516046183683375
0.0028050316647825445
0.00902044207470275
18.7653259058373
33.045993779402
0.8495832262274837
0.17295544421997977
0.06507665507479427
0.45558854296759316
16.440485194630607
0
16.435696115794094
0
13.724028521250283
0.0028444197337204706
0.002843445037651227
15.003152658581376
0.5884272010011412
1.294555873236202
2.795649579849042
0
0.00010146044226465191
0.000762451333214598
0.0715767291379067
0.0303087787542489
0.00275148814691989
0.002031022182375577
0.0015839159043213823
0.0007787314126799433
1.6679946311515497
0.559819312438478
0.08461751075827761
0.2301467309362341
0.00016597668677383726
0.07603697874440368
0.005596818953677379
0.13856328066800305
0.09837664860345799
0.1514311648427646
0.028170790440014953
0.00334691270924404
0.1450264744415819
0.0015246941593091475
0
1.1474590685705444
0.6461678597419505
0.012729860335428507
0
1.2469706989576317
18202870608550444e-21
0.0062855633320236335
0
0.001734937818677346
0
0.13137006239142124
1.0522903078165613
0
0
0
0
0.13358370615027768
0.5190071400261769
0.12146568416073472
0.21419843439653793
0.4310298070479815
0.778954023330781
0.16481407073382912
0.02112124024835052
0.047066691510894224
0.24109423507536643
0.003021537809705743
1.3176210733187659
9639176195963943e-22
0.011450685087665636
0.43871070803366635
0.3522125289928735
0.0017251974019987025
0.0029127721327860743
0.41046899968976797
0.22988238630377317
0.011770206109329991
0.018911124680301827
0.48629881522143203
1.0795413086114078
0.24086005765800272
0.10340927313544368
0.3067150238592264
0.00010922077964602075
0.340712286401808
0.34080548267403343
0.4804630818041951
0.6028276273259514
0.021842885664321774
0.9521676996881836
0.3357999754142077
10.538796071272598
2.0268323056713924
2.7620989367180093
0.15915731568852512
0.44485071476582905
2.469200909627068
4.102174242525234
0.8455281301804038
4.803647594652248
6.946977626009638
4.639931766224533
2.388403302430863
2.826645496602749
0.45249527512266713
29.013114083767142
619.4610450955311
4.002238997510447
8329.872782397477
1.0999953171000862
23.218886710305384
1.1791470195766953
45.3307568242047
1.2993121665317644
1.3970241411840847
1.0999943089528736
1.0110051216236167
1.1121823070753598
3.774710328817509
0
0.0011048148148546254
0.0006968139037981177
0
0.008376943544503962
0.0073510824022913175
0.009415642198231097
0.012592217691596866
0.008304302824197364
0.008861233382239158
0.011088448590771472
0.00854783801716263
0.010270418926595202
0.008839634049982076
0.009043962266862902
0.014778977718529235
0.00973381208705097
0.008348438811992253
0.009755118500567012
0.008467118805264082
0.00707734293391838
0.011176486683593046
0.02089636716546609
0.011837000100651645
0.007664808173625943
0.0019035105544486207
0.00748401682057572
0.023316690475388577
0.07623089598830637
0.042907065754385916
0.12562138965455383
91204873054681e-18
0.0101834288118258
0.2814007236625407
4806119363588446e-21
0.07831339511188493
0.01101667472567173
0.0012707048065442178
5486371634754376e-21
12044243228739101e-22
0.11121862495891072
0.09559759837139341
0.004155983836118414
0.04180307792714614
0.020564263396203673
0.0058076754869492994
0.012215242404725681
0.0004830408085859411
0.5410976011851968
15699130021246719e-25
0.08379626986007319
0.000341993138926232
0.009697309323740164
0.011004563231051662
0.00015707828908651127
0.00017089468875388885
0.6054953599732216
0.0003936110123906035
0.05927734975867703
0.3105487958476483
13179240050612228e-22
25861704464982642e-22
0.0001447404208317898
1257157929785745e-20
0.0005947228636826718
1700326764998913e-20
14432278209788865e-23
10044047581420197e-22
1907723180967758e-20
0.08130169662093858
0.08221661585191418
43501146903247124e-21
0.00021271362167430224
0.019917025539330363
0.008210067854368962
0.09844171369277883
0.020512575337771573
27829386769271304e-21
0.15479614749218207
0.039823307060469916
5573480571305786e-22
0.3792246478786346
44589649028599063e-23
0.003774756414291672
0.0009832410164284414
22994565953086105e-28
0.39291642543801136
0.595189465437407
0.018355994543620722
0.3664490830046663
0.7034408391836701
0.007445132186375472
0.23059195726089704
2233218459664163e-25
4630632074829224e-21
0.0006296992676636693
912123374544612e-19
0.1471639184955692
864560558849812e-21
0.00011182322095528996
0.18860127710855373
0.0009297786607114481
0.011958713156318938
1220084765082358e-20
0.15609590433242174
0.1050608158311231
0.021598150087396087
3146976353623338e-20
0.0001534658695176459
12006680585008782e-23
0.01382259251290775
0.19030709061788864
8333314566023916e-24
11103385547953832e-21
9106393511799972e-21
9650879595649613e-20
1058648271095608e-20
0.45017529671918094
0.18854438792624637
0.005174650193536557
0.001550078131940344
0.04324066875180385
0.005908793168940908
6760725592831346e-20
0.029037248714287194
8324172895922939e-20
0.000721339924953561
0.0866553689867507
997038585929286e-21
0.6476349030364347
0.6537570678769778
0.0018305433721670383
0.0005372916784482898
5829910118283632e-24
0.0010315588473044299
10390421373035677e-24
0.01035762126642097
0.02998495217965844
0.000904496383387512
0.00033771556168943887
0.0001545666818538347
26181858579870615e-22
0.006151185529998583
0.03136491683108162
0.02182288663203404
1125717603517248e-23
0.7017478868620369
0.0712221561376742
0
0
8178397792519533e-20
6662051478197315e-20
10336389513975192e-22
759660838936813e-21
0.00019351023708593707
0.009824517442403943
0.005412141102898498
15204233833520174e-24
0.0001315111944358333
7328768751926422e-21
0.05910681700699847
0.01354196546308157
0.10947733074868639
38456368738710817e-23
0.06378906586784641
0.007732840225855379
0.00012015400429681882
0.13802103129264184
0.00029648957721862206
18549559457238164e-29
8515348590969376e-20
373616669162732e-20
0.00012472707752824287
0.016547882652323754
0.003915060976191004
0.0001635704702157892
0.00015213191077241583
3799874521105742e-24
0.000514672141161178
0.023346402163750855
13135133686720334e-24
0.001808269089006327
0.0018032008657393687
4418878259781095e-20
0.11875155368482729
433737581817425e-19
0.4680564389246762
0.0019133513691199397
0.2170345960324094
0.0033106584930454566
0.0007012359241391
0.000569524643828063
4475266958536412e-20
0.5519212681537123
12102096590444925e-21
21567962828074324e-21
0.008352685453292577
0.006474896175241518
21715985102855498e-24
872356292702532e-19
0.0030624808005176225
0.14876070128678734
0.03096677509618255
0.00010012005551091136
0.02342583605630989
0.000354212026505552
0
0.12420556542949664
0.012453015224090062
0.5034148182638867
0.441161399516865
0.47320232710500604
0.0545257286522441
0.03040112340842451
0.678640580389498
0.4913278305150535
0.691099361222365
0.42975136662352437
0.26131704877198975
0.0007656324050566729
0.01592400818638305
0.15956036536062956
0.3639476058934356
0.154315878547577
0.0002992979375799304
0.02758173311289969
0.33346494119919806
0.12620514067114358
0.19379938628767146
