0.35472575338534346
36.506721613985604
36.40091466388372
0
36.70631290192051
0.00026604762496799966
36.7034334613632
0
36.70519262384106
0
87.04041366374844
0
22.72826020778072
0
23.02681752273721
0
38.10209216525883
14.104417862360082
26.415166575792096
0.1754112419582723
2583203866938009e-30
1.6371176793999256
2.19029385788407
0.11956611000987676
0
0.23409575568022742
0.0021143003284496945
0.30497494831331273
0.006992891162588411
2.9482961672212475
2.655092424265198
0.2929036025858244
0.0753026644444634
0.6941842870766314
0.47758357954261166
0.08554525419079985
13407583874643848e-22
0.25175858136035
0.2699889309512246
0.0007054640228585304
0.0006988327665752473
0
0.6777326727123664
0
4.348584616667253
4.351481546906947
4.363948392477051
0
5.9959074267356325
0
0.18855186130610554
0.011664350341145
33.01081634206101
32.939994229944176
18.663533384083667
88.62024679854729
61.57493022405394
0.10505499300396244
0.002803462292041612
0.00902020994279064
18.760014504775118
33.028650319637194
0.845685412183227
0.17332400103585108
0.06537154482616014
0.4567356678413847
16.438027103782748
0
16.433250611333314
0
13.725341649766314
0.0028524334516133
0.0028514554575061798
14.996250760230858
0.5886129027880926
1.294571362345173
2.793963972337751
0
0.00010189427956980933
0.0007629023135591307
0.07151274161421993
0.030382899056351133
0.0027557683986133997
0.002027355774351803
0.0015842237194669277
0.0007784711657590807
1.669751842696373
0.5589657189000993
0.08441125148827075
0.23005663859614478
0.00016649922607303577
0.07583196768259912
0.005580045001893778
0.13570040680083784
0.09830366476067358
0.15136287193427547
0.02813826596482727
0.0032719388111573074
0.14242156109125267
0.0015248100831842246
0
1.1464805611864008
0.6449762072580599
0.012757375696663095
0
1.23900772163468
18160441122092588e-21
0.006284764788528296
0
0.0017347689565115109
0
0.1313509712662627
1.0508766575275155
0
0
0
0
0.13305241320534883
0.5182912389958214
0.11937776304228293
0.20856246389537098
0.4310101334567246
0.7753072571429406
0.16504438484480077
0.021150005740210726
0.046888778719034324
0.23902928868831447
0.0030071903067927044
1.311782115617475
9641371442677489e-22
0.011359598469024516
0.435292921761221
0.3508903657928859
0.0016237622093745385
0.002910449014351447
0.40801530640081274
0.2299701957533615
0.011810955808082845
0.018927625698254815
0.48482070728680327
1.0729304993428552
0.24136588137667098
0.10353491307626728
0.3063004113825025
0.00010277523763332176
0.3398210768976955
0.33991438341090335
0.4807863858078352
0.6026367532432312
0.021537287693375005
0.9431200357046021
0.3363049276931803
10.536200675578959
2.0269787996714763
2.7619163434562397
0.15879991437477808
0.44475413516322315
2.4694930970727436
4.101716533581583
0.8443253942323904
4.803210344551792
6.944163265916205
4.653761733229498
2.389226143796656
2.8264162250924656
0.453100954308431
29.000533106052014
619.4600026322053
4.002238468363398
8312.46777963151
1.0999952777721738
23.218885230851598
1.1791178375036597
45.3298877423838
1.2993536723452384
1.3970238450766628
1.099994269615757
1.010774654557516
1.1120794398202198
3.77428353825171
0
0.0011027611943955668
0.0006999279139972212
0
0.008412024501139564
0.007324941441932442
0.009366953003617727
0.012507946094298145
0.008263109696019753
0.008827870378454209
0.011018513040408627
0.008514962964638495
0.010199316834611158
0.008794517132483363
0.009005658413700249
0.014723806159433795
0.00968426446319258
0.008313951135184428
0.009707356144290963
0.008433379744064922
0.007025493858142762
0.011131018965655605
0.020803248419829595
0.011790978827444492
0.00763159205280793
0.0019034998430061672
0.007483850915882004
0.023315071060729955
0.07621325061490528
0.04290154328214445
0.12557257041670636
9120484847945246e-20
0.01018312135052435
0.28113956018735775
4806119295348694e-21
0.07829475810906178
0.011016314784797577
0.0012707000342155141
5486371545830398e-21
12044243185883577e-22
0.11118056869273613
0.09556964718544436
0.004155932735226171
0.04179783807177412
0.020563004977225015
0.005807575639350729
0.012214799695944762
0.0004830401191582121
0.5399962698089802
15699130021173908e-25
0.08377488835388176
0.0003419927933575121
0.009697030563762947
0.01100420408270057
0.0001570782161904898
0.0001708946024697966
0.6040603381239418
0.0003936105546262472
0.05926674655192521
0.31022656444915336
13179239999299092e-22
25861704267393856e-22
0.00014474035893768497
12571578830951728e-21
0.0005947218185597612
17003266795876837e-21
14432278203635435e-23
10044047551616834e-22
19077230734497474e-21
0.08128158787207705
0.08219604497639646
43501141312682966e-21
0.00021271348799302992
0.019915845359972418
0.008209868147168061
0.09841204289073968
0.020511323259891637
2782938448125502e-20
0.15472117264240187
0.03981855516035001
5573480562128787e-22
0.3787284371058577
4458964896986152e-22
0.003774714264009303
0.0009832381593825857
22994565953085947e-28
0.3923801613626546
0.5938120289704446
0.01835499266717586
0.3659885853398667
0.7013657640218034
0.007444968003430145
0.230420377000178
22332184596626897e-26
4630632011481815e-21
0.0006296980959815617
9121231287520985e-20
0.14709635739931082
8645605566416112e-22
0.00011182318401259183
0.18848846709347963
0.0009297761059623943
0.01195828888517652
12200847211049662e-21
0.1560196260788007
0.105026936260581
0.02159676144087067
3146976061046898e-20
0.00015346579993602195
1200668058074992e-22
0.0138220253082899
0.19019215130378675
833331456581876e-23
11103385183736898e-21
9106393266813663e-21
9650876843981312e-20
10586482379861097e-21
0.4494505596486283
0.1884316485539268
0.005174570943721315
0.0015500710297758646
0.043235059395104865
0.005908689810496481
6760724242487072e-20
0.02903473207007414
8324170848806944e-20
0.0007213383873750164
0.08663247914419737
9970385829925042e-22
0.6459461740592913
0.6520288982187917
0.0018305334664410124
0.0005372908254471994
5829910118183223e-24
0.0010315557025074844
10390421372716734e-24
0.01035730317705964
0.02998226767071973
0.0009044939657069508
0.0003377152247117613
0.00015456661127038392
26181858377359462e-22
0.006151073508062822
0.031361978092243024
0.02182146882307577
11257176034798106e-24
0.6996854672898953
0.07120678184757427
0
0
8178395816476004e-20
6662050166982924e-20
10336389482411668e-22
7596608372319589e-22
0.00019351012645287457
0.009824231308141257
0.005412054404564679
15204233832837244e-24
0.0001315111433391094
73287685932506006e-22
0.059096275377674014
0.013541421109551565
0.1094404812075876
384563686950206e-21
0.06377676686875679
0.007732663090482935
0.0001201539616445261
0.13796181568440818
0.00029648931749492563
18549559457238153e-29
8515346448742711e-20
3736166650389029e-21
0.00012472703156739072
0.016547068951610545
0.003915015632059471
0.00016357039116935318
0.00015213184239520384
3799874521063085e-24
0.0005146713584757702
0.023344778602149233
1313513368621063e-23
0.0018082594229573963
0.001803191253815666
4418877682910503e-20
0.11870804281434486
43373752623873454e-21
0.46726551398282107
0.0019133405466012973
0.2168834562409778
0.0033106260754638653
0.000701234471082193
0.0005695236854004764
4475266366849032e-20
0.5507680463159057
12102096157761085e-21
2156796145381359e-20
0.008352478737189415
0.006474772038453334
2171598510146232e-23
8723560678754254e-20
0.003062453063436692
0.14869162292598714
0.030963910900138062
0.00010012002589637082
0.02342420138164123
0.00035421165580084353
0
0.1241578664034664
0.01245255507402869
0.5024819684334346
0.4404686642146385
0.47239167359823975
0.05451677274776852
0.030398363452870437
0.6767448432135627
0.4904451941846094
0.6891151353801082
0.42909786156561674
0.2610937962225488
0.0007656306728299892
0.01592325485058175
0.15948055454136567
0.36349391641060164
0.1542413822970214
0.00029929767291244616
0.02757946362403364
0.3330894835273079
0.12615585559308992
0.19368002059146802
