0.3578268139894303
36.50268489636276
36.39754487545752
0
36.70174710706755
0.00026607837299817336
36.698896762693344
0
36.70071984222467
0
87.05501202696777
0
22.729579116777572
0
23.007496957976503
0
38.06177527792882
14.085674994070127
26.395989201726934
0.17545902499444604
25881419185216624e-31
1.633679388280835
2.189673754520509
0.11951727910584299
0
0.2283986757144707
0.0020578950756204497
0.30386026014779943
0.0069926701100070125
2.9376095094607844
2.645470219854819
0.29144416442896803
0.07472183542705137
0.6907807317338451
0.4750578438880028
0.08522877976733137
13369633019970353e-22
0.24516463405445785
0.2625234087888662
0.0007080000937768036
0.0007013415844803782
0
0.6734698244380587
0
4.335424176021093
4.337284350875737
4.362796852634105
0
5.989785882816742
0
0.18860634280210858
0.011667987744412796
33.008701582937526
32.939991779814704
18.65797772402276
88.61614627633517
61.57396729459574
0.10494396888452956
0.002801736733526249
0.009019966215225552
18.754437589005885
33.01073578273559
0.8415806439783189
0.17370711038048198
0.06567984777034025
0.4579442799478401
16.43542029099811
0
16.430655925101817
0
13.726664991773758
0.0028608650975222804
0.0028598836285132424
14.989009456806679
0.5888057745113371
1.294587169868621
2.792195705866142
0
0.00010234647627353268
0.0007633784722163924
0.07144625459445382
0.030459243097031255
0.002760255634176972
0.002023634976288738
0.0015845395239811337
0.0007782204475315089
1.6715517195447636
0.5580706765065204
0.08419323834249348
0.22996131150741211
0.00016704797637455686
0.07561833421179423
0.0055626117122982545
0.13277736580751087
0.09822580439126781
0.15129566586905158
0.02810385104598983
0.003195333826736423
0.13975324028564617
0.001524921045135309
0
1.1454534094295084
0.643738395830937
0.012786352760465676
0
1.230707011097019
1811595086487231e-20
0.006283904432177683
0
0.001734659171064401
0
0.13133094825971617
1.0493937149766916
0
0
0
0
0.1324927076682584
0.5175394066409779
0.11723934616896853
0.202871261463147
0.430986410988193
0.7715038849464914
0.16528394543895866
0.021180344738264675
0.04670936030767956
0.23693702817521037
0.002992095905406765
1.305635268838636
96436417027009e-20
0.011266964976368882
0.4318152386691146
0.3494974504767349
0.0015236250760920396
0.002908009694403574
0.4054557383732796
0.2300603318988226
0.011853154535801935
0.018945167885268687
0.4832786194849354
1.0660487815494204
0.24189089906250857
0.10366773337998629
0.3058635506499693
9641207499949179e-20
0.3388846637414739
0.3389780556604441
0.48112025991813406
0.6024371180588018
0.02122442003991888
0.9338301715786094
0.3368356311709788
10.533387037039937
2.0271312860554254
2.761717307321974
0.15842522520359098
0.4446494218907222
2.469797150454179
4.101218120741547
0.8430623960715353
4.802783782281816
6.941273369021805
4.668030948759938
2.3900784947146168
2.82618128765105
0.4537309273554678
28.987583022921694
619.4589083667572
4.002237912921074
8294.236976963412
1.0999952364899075
23.218883677878168
1.1790872060381854
45.328975490471365
1.299396681447922
1.3970235331121983
1.0999942283238267
1.0105286448304196
1.1119714709311155
3.7735867032428247
0
0.0011005988533264353
0.0007031541130720988
0
0.00844823919980534
0.007298767501097717
0.009317665939453745
0.012422189255815692
0.008221432718925495
0.008794464681014615
0.010947382971616687
0.00848206360583494
0.010126956477908036
0.008748870698038582
0.008967126897449749
0.014668574012391182
0.009634126910836455
0.008279290336005865
0.00965905392965355
0.008399515905289747
0.006972662736991036
0.011085351080525102
0.0207089677457417
0.011744753337845384
0.007598154859496168
0.0019034885993358096
0.00748367677070281
0.02331337129212827
0.0761947327689818
0.042895747141674184
0.1255213455730145
9120482268299347e-20
0.010182798620275439
0.28086567923945527
4806119223717847e-21
0.07827519973322607
0.011015936969729133
0.0012706950247507352
5486371452487447e-21
12044243140898395e-22
0.11114063527299627
0.0955403157893339
0.0041558790956101105
0.041792338534411666
0.020561684105413876
0.005807470831787897
0.012214335004523475
0.00048303939547122786
0.5388426204333047
15699130021097477e-25
0.08375245018756693
0.0003419924306165299
0.009696737959751468
0.01100382709949692
0.00015707813967202124
0.000170894511897963
0.602557663088413
0.0003936100741143933
0.059255618471431036
0.3098886798170261
13179239945436013e-22
2586170405998613e-21
0.0001447402939678526
12571578340843688e-21
0.000594720721502652
17003265899320465e-21
14432278197176214e-23
10044047520332426e-22
19077229605887604e-21
0.08126048519264371
0.08217445739189533
4350113544430295e-20
0.00021271334766871175
0.019914606608196245
0.00820965852097465
0.0983809072530298
0.020510009043666656
2782938207953862e-20
0.15464251106928278
0.039813567730031856
5573480552495749e-22
0.37820826618298664
4458964890820508e-22
0.003774670019623721
0.0009832351603680707
2299456595308578e-27
0.3918180356163823
0.5923695715917688
0.01835394106246588
0.36550582629685074
0.6991941551675593
0.007444795665498178
0.23024040759988662
2233218459661143e-25
463063194498643e-20
0.0006296968660764119
9121228707452814e-20
0.14702547229897536
8645605543236762e-22
0.00011182314523408216
0.18837012370368642
0.000929773424265592
0.011957843546563146
12200846749421705e-21
0.1559395973640668
0.10499138483710863
0.02159530388320983
314697575393124e-19
0.00015346572689665358
1200668057627942e-22
0.013821429942133114
0.19007157489255705
8333314565603408e-24
11103384801420639e-21
9106393009653049e-21
965087395557288e-19
10586482032312745e-21
0.44869106273925685
0.18831337924839012
0.005174487756983824
0.0015500635747125408
0.04322917207071747
0.0059085813177186496
6760722825039293e-20
0.02903209059878084
8324168699962427e-20
0.0007213367733918097
0.08660845832182598
9970385799097827e-22
0.6441782625301208
0.6502197634373437
0.001830523068519051
0.000537289930058663
5829910118077824e-24
0.0010315524014438047
1039042137238194e-23
0.010356969291124273
0.02997945001676514
0.000904491427889502
0.0003377148709887294
0.00015456653717940485
26181858164784753e-22
0.006150955921521163
0.03135889361238536
0.021819980656834093
11257176034405126e-24
0.6975270785496825
0.07119064712012668
0
0
8178393742235792e-20
6662048790609527e-20
1033638944927963e-21
7596608354423843e-22
0.00019351001032209798
0.009823930963732241
0.005411963399351492
15204233832120376e-24
0.00013151108970321424
7328768426689572e-21
0.0590852119168152
0.01354084972854208
0.10940181381432933
38456368649159243e-23
0.06376385923614722
0.0077324771569380725
0.00012015391687269327
0.13789968475537667
0.0002964890448648052
18549559457238146e-29
8515344200061147e-20
37361666071014487e-22
0.00012472698332258536
0.016546214858024863
0.003914968035168723
0.00016357030819483706
0.00015213177062009843
37998745210183085e-25
0.0005146705368969965
0.023343074480992706
131351336856756e-22
0.0018082492766209263
0.001803181164293648
4418877077373074e-20
0.11866238687190608
433737467898133e-19
0.46643672268535386
0.0019133291863359593
0.21672491895815457
0.003310592047269525
0.0007012329458205424
0.0005695226793466745
4475265745758517e-20
0.5495601085729308
12102095703575541e-21
21567960011260654e-21
0.008352261754072101
0.006474641735391297
21715985099999905e-24
8723558318758579e-20
0.0030624239482638497
0.14861914630347497
0.030960904656173648
0.00010011999481017938
0.0234224855964176
0.0003542112666748106
0
0.12410781673541937
0.012452072075633458
0.5015046212504832
0.4397426743986198
0.4715422295422335
0.054507373372454725
0.030395466614064143
0.6747605962001909
0.48952040195568736
0.6870384340667895
0.4284129503631
0.2608596545784552
0.0007656288545265194
0.015922464116968377
0.1593968205611172
0.3630182897563764
0.1541632227294462
0.00029929739509286914
0.027577081556431404
0.3326958226837842
0.1261041420549507
0.19355480224543908
