0.3714122910390165
36.48405290331996
36.38154933464885
0
36.68046632820797
0.0002662005557239202
36.67772697169724
0
36.67980612801847
0
87.11324152244856
0
22.739481308982807
0
22.933009969565283
0
37.8853124613315
14.002677708440844
26.309998437324506
0.1756606888457959
260841154951501e-29
1.6189350298492111
2.1867628109684514
0.1193426829020068
0
0.2065277483228501
0.001841832670976571
0.29894410452665127
0.006991704050543159
2.8904383768244526
2.603025833529002
0.28505808660447557
0.07221381691776033
0.6758620482358739
0.46401299642940547
0.08384102100117354
13203646394887965e-22
0.21982795376776404
0.23381420080871082
0.0007192316782565161
0.0007124537437359947
0
0.6550910767581848
0
4.2801196746772
4.277711199933746
4.3577555038793765
0
5.964431761855946
0
0.1888378993837703
0.011684353945471675
32.99943860639541
32.93998104921137
18.633618980354242
88.59942174301636
61.569746943195
0.10445428339174118
0.002793762026155941
0.009018897790326667
18.729986338965315
32.93562846779378
0.8234434680194863
0.1753411030278117
0.06701601503259272
0.46329509408755326
16.42372644180695
0
16.4190038772504
0
13.731850728239552
0.0028980502440900933
0.0028970536454409235
14.95732886142338
0.5896282760801925
1.2946511754491612
2.7844624075417284
0
0.00010429049402095051
0.0007654954302231108
0.07116280165913794
0.030776559919362227
0.0027798514477491475
0.0020087788231318896
0.0015858276040483464
0.0007773862324325272
1.6789273013617247
0.5541607722531932
0.08322051659542457
0.22953469858844888
0.00016945611794887187
0.0747010604770823
0.005488299569101518
0.12090293272339872
0.09787072834525677
0.15105317963252415
0.027950087567363422
0.002883597872510315
0.12882178265950775
0.0015252812614031882
0
1.1409531214203272
0.6384651886953541
0.01291447163333086
0
1.1950309054642312
17921691067280674e-21
0.006279891056080421
0
0.0017349190355755396
0
0.1312434100661344
1.0429080572293643
0
0
0
0
0.1300181143204678
0.5142418246580769
0.10848129157284638
0.18040451144441502
0.4308476406527277
0.7551382936309197
0.1663073616558698
0.021315048690157004
0.04600607004068574
0.22861078681972033
0.002925597137869692
1.2785070635867735
9653183207338853e-22
0.010894440292212091
0.417810049856241
0.3433383801963454
0.001152197210100464
0.0028973143165226638
0.3944326785522011
0.23043103551606722
0.012031348491468894
0.01902461932023268
0.4766280062044883
1.0365840829637831
0.2441199940609925
0.10426058174432794
0.3039331187491859
7281208324662927e-20
0.3347755625319309
0.3348691297730202
0.4825173111765246
0.6015710589882876
0.01994438759789224
0.8955595841906226
0.3391686529252657
10.520090702665124
2.027785922089316
2.760765097985122
0.1567896387086
0.4441544278318467
2.4711016044725005
4.098839224621439
0.8375240730378015
4.801290669169479
6.929354453351895
4.727609039954486
2.3936793670477514
2.825215231631904
0.45642425961636635
28.93380423682988
619.4541145076953
4.002235479577423
8214.83952391834
1.0999950556359046
23.218876874437736
1.1789530216285617
45.32497921049454
1.2995786486234073
1.3970221533619889
1.099994047427496
1.00940418704123
1.1114985921493359
3.7682742308742645
0
0.0010910565348734474
0.0007167814441370635
0
0.008599665735759513
0.007198480373246454
0.009122342846657522
0.012076926139884482
0.008056537778027902
0.008666451432519286
0.01066149129305054
0.00835618646158396
0.009835573303082568
0.008568260579373215
0.008817326269236725
0.014457066310119537
0.009435644091758273
0.008144922249519564
0.009468200217005708
0.008268774275059622
0.00675915776199835
0.010908646854338138
0.020335319782583686
0.011565901719694306
0.007467874093861869
0.001903439342575757
0.007482913903565953
0.023305926214067678
0.07611366071289577
0.04287036398237465
0.12529718016648728
912047096710341e-19
0.01018138488764933
0.2796689719488849
4806118909909345e-21
0.07818957375881874
0.011014281947463381
0.001270673078953591
548637104356011e-20
12044242943822229e-22
0.11096585942020322
0.09541192356000416
0.00415564411327294
0.041768254066650565
0.020555898480768345
0.005807011701255235
0.012212299440145012
0.0004830362250742118
0.5338175630006868
15699130020762644e-25
0.08365422134484342
0.00034199084148434094
0.009695456191065401
0.011002175721054117
0.00015707780445169866
0.00017089411511119585
0.5960185105798237
0.0003936079690406278
0.05920689193999936
0.3084127688725865
13179239709466542e-22
2586170315135092e-21
0.00014474000934100624
12571576193723168e-21
0.0005947159154146339
17003261971585473e-21
14432278168878931e-23
10044047383278158e-22
1907722466154661e-20
0.08116810074517858
0.08207995086656437
43501109735449374e-21
0.00021271273292115792
0.019909180652394626
0.008208740229922134
0.09824462079513283
0.020504252569008227
27829371557830196e-21
0.15429837265704882
0.03979172559320377
557348051029424e-21
0.37593785037396465
4458964863809358e-22
0.003774476194927439
0.000983222022053887
22994565953085063e-28
0.3893648880973256
0.5860914780234623
0.01834933478369737
0.3633983953027849
0.6897595012649662
0.0074440407150125195
0.22945363262595583
22332184596543673e-26
4630631653675939e-21
0.0006296914779971333
9121217404406946e-20
0.1467153332381869
8645605441690051e-22
0.0001118229753489594
0.18785254675426805
0.000929761676076084
0.011955892752266035
12200844727069945e-21
0.15558948208050657
0.10483577892760257
0.021588919609113317
31469744084845815e-21
0.000153465406917937
12006680556694543e-23
0.013818821996982589
0.18954424046432214
8333314564659976e-24
1110338312652648e-20
9106391883054831e-21
9650861301716708e-20
10586480509733743e-21
0.4453788712696591
0.18779612602404835
0.00517412333887732
0.0015500309151505118
0.043203389661787946
0.005908106043765789
6760716615327235e-20
0.029020521374742102
8324159286067856e-20
0.0007213297027141879
0.08650330366459057
9970385664046464e-22
0.6364900516863765
0.64235308156264
0.0018304775168225835
0.0005372860074568745
58299101176160836e-25
0.0010315379398951698
10390421370915237e-24
0.010355506692713309
0.029967109240345992
0.0009044803100157015
0.00033771332136322917
0.00015456621259368197
26181857233513444e-22
0.006150440811593355
0.031345384349366345
0.02181346232596271
1125717603268352e-23
0.6881495705502861
0.07112000536174408
0
0
8178384655175854e-20
666204276084062e-19
10336389304131055e-22
759660827602413e-21
0.00019350950156407805
0.009822615289195985
0.005411564731456653
1520423382897984e-23
0.00013151085472927596
732876769700022e-20
0.05903676826348223
0.013538346842144215
0.1092325762886201
3845636844824464e-22
0.06370734280305512
0.007731662650928637
0.00012015372073138066
0.13762782418416772
0.0002964878504988918
18549559457238105e-29
851533434878961e-19
37361664174623283e-22
0.0001247267719665052
0.01654247366782309
0.003914759524146516
0.0001635699446911878
0.00015213145617999746
37998745208221475e-25
0.0005146669376472359
0.02333561034038857
13135133683331672e-24
0.0018082048270735196
0.0018031369636397915
4418874424567196e-20
0.1184625790344283
4337372123131193e-20
0.4628231521841325
0.0019132794187956392
0.21603174569847297
0.0033104429768293204
0.0007012262638208871
0.0005695182719333328
44752630248159536e-21
0.5442993868167219
1210209371382833e-20
2156795369156272e-20
0.008351311236326889
0.006474070919906405
21715985093593206e-24
8723547979830115e-20
0.0030622964004840348
0.14830204867894803
0.03094773800240383
0.0001001198586243895
0.02341497037164788
0.0003542095619525107
0
0.12388879118440344
0.012449956322435342
0.49724530529055744
0.4365762537420765
0.46783885603943454
0.054466214623327035
0.030382779068402765
0.6661361298844363
0.4854894775570466
0.6780141004069976
0.42542527628674887
0.2598363727451658
0.0007656208887479127
0.01591900044451812
0.1590305071497441
0.3609419353382299
0.1538212790137141
0.0002992961779924819
0.02756664835001912
0.3309767051412786
0.12587783927956206
0.19300718506204814
