0.4291814260145831
36.392394763316005
36.2967632996301
0
36.57231098673076
0.0002665640434475159
36.56988470925834
0
36.5726824023686
0
87.27224009397767
0
22.829784963353962
0
22.765892242572438
0
37.169937872032534
13.649969920566125
25.935599521175494
0.1764374364330119
26786499974952564e-31
1.5616178742564721
2.17222439018751
0.11924627895568041
0
0.15266749796087195
0.0013150982837672569
0.2774735259385868
0.006987639579541604
2.6838853592315854
2.4175191823138773
0.2581580059648071
0.06229988721909168
0.6124835587222263
0.41759047622735096
0.07779214201351277
12542649953868785e-22
0.15723640602022848
0.16270106607118778
0.0007692491609105281
0.0007619456039626084
0
0.5812568432693481
0
4.079712760427292
4.063584564251192
4.336381350440628
0
5.875488283213434
0
0.18974949716663833
0.011759293705159974
32.96007896843687
32.93993545889302
18.52968702583975
88.53263384044871
61.55176697068877
0.10234605452645845
0.0027604126647462063
0.009014345868209223
18.625650342467974
32.66956347334952
0.743915234535468
0.18156487377990382
0.0724682002881473
0.48707958663045064
16.37198301668304
0
16.36725410460343
0
13.746210843610916
0.0030612755484283193
0.003060217473568721
14.823376923193921
0.592887821613075
1.2948407058328386
2.7518191693186855
0
0.0001119909803796548
0.0007748996896906957
0.07008172183313885
0.03184449173386781
0.0028624831349024944
0.0019660200976306537
0.0015888808644946943
0.0007781175853189339
1.702870963612934
0.5377060831094134
0.07880400073148573
0.2275703260772473
0.00017985780400692585
0.07111875184802222
0.005206624013791036
0.0838544588168847
0.09617916440104729
0.1508190513897174
0.027261914214728712
0.0019068839765785741
0.09371299453754173
0.0015247791337878824
0
1.1217967917406253
0.618286862308273
0.013482858349445376
0
1.055111603393414
17112299613670013e-21
0.006260052250846013
0
0.0017447212806133297
0
0.1308731698131643
1.0154973403910759
0
0
0
0
0.11921087039741246
0.5001828859373431
0.08034316079907992
0.1168739064899635
0.4297424906635439
0.6908640048632165
0.17021624136391553
0.021924362620251
0.04415880369775624
0.20462302507664726
0.002638579386629387
1.1605059673362523
968685416855419e-21
0.009764414402199066
0.375095545211107
0.31637768478228756
0.0003475152054685636
0.0028516770061463893
0.3507850178454049
0.23159460610222202
0.012686233390313268
0.01940707748190359
0.44973807453821263
0.9229014975144747
0.2523605054538402
0.10696700596255398
0.29562769132942657
21780106605346524e-21
0.31744128553270956
0.3175325942262914
0.4873134440128408
0.5980287182000709
0.01584546881959344
0.7714695800458415
0.34926338283562147
10.45285768125771
2.0304531647743973
2.755765505319937
0.14995627695438046
0.4416485726584488
2.4764114413788523
4.086419549603773
0.8139357835780241
4.80096012951395
6.890377190766742
4.931890367742336
2.406821153115192
2.822129008474583
0.466901974263739
28.751941415718868
619.433730132379
4.002225132356428
7885.619806441341
1.0999942865959396
23.218847944385093
1.1783826036137122
45.30798987758435
1.3002524175934842
1.3970160900158095
1.0999932782075172
1.0039248194394337
1.1094900278807287
3.718967124283451
0
0.0010499349852089745
0.0007660433028531959
0
0.009121234543082118
0.006979102549721669
0.00858441556972112
0.011035006606707035
0.007607040356813354
0.008386014242789794
0.009807881144932862
0.008083525770443908
0.008955976412197291
0.008075264169816897
0.008453055092660271
0.013997955537550623
0.008891913097294084
0.007824783933609775
0.008952254836464356
0.007966449463396969
0.006102361455517229
0.010493183757199938
0.019314296278931498
0.011146576480405393
0.007146176403683725
0.001903229903699036
0.007479670853794348
0.023274294263094606
0.07576988250688298
0.0427625955252217
0.12434842989866557
9120422911507964e-20
0.010175375504385473
0.2746369251526553
4806117575510668e-21
0.07782651362437565
0.01100724711990033
0.0012705797637013597
5486369304690441e-21
12044242105800933e-22
0.11022572905978112
0.09486788892126546
0.004154645052971143
0.0416659952716002
0.020531314608658723
0.005805059758949482
0.01220364745559624
0.00048302274391814903
0.5129677013941908
15699130019338847e-25
0.0832378105417503
0.00034198408414550516
0.009690007654566261
0.010995156378846137
0.00015707637901191034
0.00017089242787647746
0.5689954624437493
0.00039359901782146307
0.0590001405521356
0.3022148877621107
13179238706060357e-22
25861699287587786e-22
0.00014473879903666918
12571567063588183e-21
0.0005946954790579142
17003245269800573e-21
14432278048551215e-23
10044046800486242e-22
19077203636881314e-21
0.08077642844817653
0.08167929570104336
4350100041459728e-20
0.00021271011886758062
0.019886124519990108
0.008204836554067185
0.0976671989311576
0.02047979251322551
27829326816715215e-21
0.15284353429087216
0.03969898063344374
5573480330841986e-22
0.36643464023333155
44589647489506216e-23
0.0037736521108580954
0.0009831661563372012
22994565953082005e-28
0.3791037936930942
0.5601298552051702
0.01832976054239452
0.3545718722844513
0.6510418025458659
0.007440831315503561
0.22613796417577015
22332184596255558e-26
4630630414944883e-21
0.0006296685669367675
9121169340945128e-20
0.14540382674911553
8645605009885895e-22
0.00011182225295419943
0.18566750281497948
0.0009297117212439683
0.011947600998842556
12200836127485215e-21
0.15410945371580315
0.10417667159295854
0.021561793013125292
31469686872867096e-21
0.00015346404628905464
12006680473414335e-23
0.013807737800567288
0.18731816010162136
8333314560648247e-24
11103376004424835e-21
9106387092455045e-21
9650807494271789e-20
10586474035317098e-21
0.4315653954389443
0.18561244363152987
0.005172574020774287
0.0015498920455144654
0.04309392746669266
0.005906085476826964
6760690210010187e-20
0.028971377355989716
8324119255752468e-20
0.0007212996370481953
0.0860575813738993
997038508977144e-21
0.6048091907870113
0.6099507938335968
0.0018302838313061381
0.0005372693278094283
58299101156526356e-25
0.0010314764477300483
10390421364678436e-24
0.010349289633537062
0.029914689613160923
0.0009044330353254101
0.00033770673201449856
0.0001545648323747204
2618185327349549e-21
0.006148250906076889
0.031288004255914985
0.021785766352097558
1125717602536279e-23
0.649661333845474
0.07082039937138196
0
0
8178346014643884e-20
6662017120687941e-20
10336388686919947e-22
7596607942647281e-22
0.00019350733820185721
0.009817022651418868
0.005409869815307543
15204233815625425e-24
0.00013150985556101608
7328764594163899e-21
0.058831215850090095
0.013527709055200027
0.10851585103228993
38456367593901245e-23
0.06346757844383885
0.007728200108336316
0.00012015288668886998
0.13647777152951074
0.0002964827717846526
18549559457237896e-29
8515292458637057e-20
37361656110654365e-22
0.0001247258732270981
0.016526574555800658
0.003913873002704505
0.00016356839898405148
0.00015213011910261912
3799874519988016e-24
0.0005146516329416395
0.02330389743243735
1313513367336467e-23
0.001808015827737311
0.0018029490225641496
4418863144134517e-20
0.11761669211471296
4337361254979673e-20
0.4477672768942003
0.001913067808164603
0.2131088570562434
0.003309809163819672
0.000701197850856146
0.000569499530796689
44752514546482897e-21
0.5224859247485996
12102085252886912e-21
21567926818512872e-21
0.008347270584757722
0.006471644219485172
217159850663502e-22
8723504016037554e-20
0.003061754092032553
0.14696120133588095
0.030891812316958363
0.00010011927952752418
0.023383040514298008
0.00035420231310231574
0
0.12296174332487259
0.012440963579420197
0.4795338005910604
0.4233644051408993
0.4524131511989499
0.05429154323131342
0.030328887295037455
0.6306766095376628
0.46871626043336423
0.6409451681935029
0.41295179407437677
0.25552973565863457
0.0007655870170211693
0.015904280381352182
0.1574822205159589
0.3522445143085904
0.15237569087608607
0.00029929100260663234
0.02752232758548027
0.32376519455787
0.1249200647724051
0.1906958168954105
