0.4772743887798897
36.307816160284375
36.21408515736489
0
36.469283417828976
0.00026678496043031156
36.467002528986185
0
36.47006997491739
0
87.32116627012219
0
22.92356525208788
0
22.74862579501197
0
36.661163354070084
13.380776596567902
25.654590075363817
0.17710798450037823
2731781101457767e-30
1.5200282730075259
2.159568640465333
0.11982112083407512
0
0.13437566033751322
0.001141699213243239
0.25899020517428234
0.006984313734731195
2.5056346473041455
2.2576439210608146
0.2362653931027395
0.054999028405368626
0.5602128607563244
0.3798716789095712
0.07245025136891978
12085803341025981e-22
0.13582835033812496
0.13825405529555526
0.0008139466894892576
0.0008061385487975862
0
0.5234582196633005
0
3.9433085639107848
3.9200490449872154
4.3186657916916245
0
5.814959215957954
0
0.1905405232392215
0.011826457236178162
32.927347779691985
32.939897511650784
18.44273712398753
88.47769904616928
61.53675595972389
0.10062824252709097
0.002745628002634696
0.009010553469249179
18.53833090259141
32.501623496834306
0.6755929911765554
0.18602464371869443
0.07679333133757534
0.5079807315341927
16.331182544969913
0
16.326270868834683
0
13.754075040747358
0.0032046075104767745
0.0032035072842018213
14.712765282722598
0.5956752356419714
1.2949175745607642
2.7249383035581674
0
0.00011788807556780412
0.0007831101702024668
0.06931066120295862
0.032437414374183245
0.0029311802632262843
0.001946483546803746
0.001586835590629591
0.0007829835300184055
1.7165542591341838
0.5241636142505587
0.07485962235335245
0.2257777913524424
0.0001889068793871549
0.06848103069459316
0.005007775011342921
0.06437956649655274
0.09466184737566304
0.15135177767065564
0.02667729929521749
0.0013925676156598186
0.07461694496110455
0.0015223296698201167
0
1.1058055589615443
0.6035471794231225
0.013989270444046461
0
0.9518547608957565
16468696160363916e-21
0.0062437974031120305
0
0.0017563235479518115
0
0.13056549030009032
0.992842931038466
0
0
0
0
0.11009748884665169
0.48851235281915173
0.06498446119934842
0.08731242612533019
0.42834505150719854
0.6436200644767109
0.17298146097361064
0.02248625958533452
0.04346343167281222
0.1933794281029571
0.002399096039577151
1.0608916167807292
9707144429699886e-22
0.00916923948684657
0.3524045586733634
0.29340451791045136
0.00012639970534954163
0.0028134834947430858
0.31802670819706386
0.2321016054734512
0.013136045979027787
0.019777811865976744
0.4283195946235838
0.8410161834267926
0.2577904138672226
0.10943118792834847
0.28889668475173336
785273765264823e-20
0.30354968470296795
0.30363681120133407
0.48998456298861914
0.5952251119306955
0.013606410955039875
0.7053241203140945
0.35794660429660236
10.394373527721939
2.0327239450576045
2.7512023548430102
0.14444978109352563
0.4394655957509964
2.4809442402636175
4.075127760904739
0.794385791756497
4.806661667048991
6.869549703043118
5.049484549298902
2.4155216522988407
2.8207061059429486
0.47480107196591503
28.647832477416046
619.4167605958785
4.0022165182870735
7621.630331265582
1.0999936463684767
23.218823860064692
1.1779079395814371
45.29385106913034
1.3007161241353302
1.3970108605416687
1.0999926378301799
0.9987264231748533
1.1078206615366226
3.6685667021122277
0
0.0010161483892499352
0.000797375336371559
0
0.009421971459048651
0.006965985938287092
0.008372224942719997
0.01050380596295958
0.007435546088398751
0.008369742227787318
0.009384716259963817
0.00807375049666506
0.00850894701297907
0.00788618000843552
0.008373325230981417
0.013981421364750134
0.00868008093867127
0.007764799649969312
0.008761328684869115
0.007923914589692023
0.005754157552994191
0.010423608637989865
0.01892947047748879
0.011078531699895826
0.007068406118665025
0.0019030555628400813
0.0074769720781250005
0.023247993328017587
0.07548487089883704
0.0426730846648503
0.12356407480559953
912038290528655e-19
0.01017037538201788
0.27051686517513374
4806116464620405e-21
0.07752555130804994
0.011001394034139675
0.0012705020837260755
548636785707711e-20
12044241408145954e-22
0.10961333545760404
0.09441734554829133
0.0041538135157500565
0.0415810555370227
0.020510870896081838
0.005803435262128208
0.012196449330563715
0.0004830115211058752
0.4962326796831746
15699130018153539e-25
0.08289272893944113
0.0003419784587442993
0.009685474068675811
0.01098931617336801
0.00015707519233925743
0.0001708910232616692
0.5474356630868737
0.0003935915660623173
0.05882857027657988
0.2971502487708685
1317923787072202e-21
25861696070994856e-22
0.0001447377914627202
1257155946273091e-20
0.0005946784662707588
17003231365531507e-21
14432277948378065e-23
10044046315310404e-22
1907718613380766e-20
0.08045180223196516
0.08134724136754508
4350090940489867e-20
0.00021270794268533658
0.01986695059472305
0.008201588149311972
0.09718908317971993
0.020459451708650437
27829289569669564e-21
0.15164284619247076
0.03962193511008284
5573480181447497e-22
0.3587066943223791
44589646533304126e-23
0.0037729661958614802
0.0009831196503966209
2299456595307947e-27
0.37076797795154337
0.539396131199161
0.018313480861539493
0.34738752078913193
0.620472255308877
0.007438160537119191
0.22341423738793068
22332184596015707e-26
4630629383698147e-21
0.0006296494940522543
9121129328174984e-20
0.1443209411259083
8645604650407773e-22
0.00011182165156214701
0.18386784708192375
0.0009296701357570087
0.011940702478052323
12200828968312048e-21
0.15288807068481033
0.10363112489094814
0.021539236048846274
31469639243817784e-21
0.0001534629135709929
12006680404083336e-23
0.013798516958745777
0.1854848973595537
8333314557308474e-24
11103370075259236e-21
910638310426955e-20
9650762699655655e-20
10586468645350564e-21
0.42039300607142743
0.18381390303807316
0.0051712845630955285
0.0015497764456531193
0.04300301146894258
0.005904403876444384
6760668227590236e-20
0.028930528311988276
8324085930552333e-20
0.0007212746082549719
0.08568826870094234
997038461168594e-21
0.5796410053287848
0.5842261104673154
0.0018301226032169595
0.0005372554423523142
5829910114018059e-24
0.0010314252581306322
10390421359486278e-24
0.01034411676195073
0.029871120079934546
0.0009043936809013047
0.0003377012464617402
0.00015456368334806355
26181849976770176e-22
0.006146428398524865
0.0312403153010001
0.02176273620315739
11257176019268255e-24
0.6192669861546098
0.07057193953331305
0
0
8178313846434661e-20
6661995775266027e-20
1033638817309004e-21
7596607665110152e-22
0.00019350553721534367
0.009812369194143264
0.00540845919791218
15204233804507837e-24
0.0001315090237564992
7328762011045184e-21
0.05866063892265446
0.013518859444610462
0.10792276379715078
3845636688265806e-22
0.06326866240787965
0.007725318715011018
0.00012015219235061628
0.13552768341047797
0.0002964785438075262
1854955945723773e-28
8515257585127746e-20
37361649397379524e-22
0.00012472512502902496
0.01651335015810522
0.003913135124317604
0.00016356711218977737
0.00015212900599101092
37998745192936e-22
0.0005146388920795547
0.023277529226438307
13135133665067108e-24
0.0018078585003420322
0.0018027925760472883
4418853753165445e-20
0.1169170980534512
4337352207234599e-20
0.4356074963599165
0.001912891659588399
0.21070573242368704
0.003309281605320554
0.0007011741978635042
0.000569483929219628
4475241822474902e-20
0.5049944924393174
12102078209134566e-21
2156790444665096e-20
0.008343908222565593
0.0064696246785995795
2171598504367033e-23
8723467416229086e-20
0.0030613026920215908
0.14585419417176368
0.030845331128033514
0.00010011879743035593
0.023356492035740903
0.0003541962785278717
0
0.12219526708793138
0.012433482051174467
0.4652711081455293
0.41267100217602865
0.43995989728661566
0.05414655618065932
0.030284095168782582
0.6026006120061025
0.4551954042229101
0.6116358780183774
0.40284701341560114
0.25199894651398147
0.0007655588198591173
0.015892036271614732
0.15620477193682528
0.34516396565366203
0.1511826029553279
0.00029928669415202975
0.02748548478665698
0.3178815938085618
0.12412827599953699
0.18879272448162918
