0.5606467304767961
36.155408293269474
36.06132079302615
0
36.27683296964201
0.00026720670624442365
36.27865604424306
0
36.281761235713255
0
87.2843236781996
0
23.044731317353904
0
22.819281008068003
0
36.0131730171228
13.004418580463666
25.302950129803122
0.17889367687566618
28415186727449156e-31
1.46137658734475
2.140867002105081
0.12179728912328938
0
0.12427712584782158
0.0010591018415356205
0.22607330231355588
0.006978675790421439
2.18761522783236
1.9725132855467677
0.19994760151919785
0.04410772993639489
0.4720920427643418
0.3170549169194835
0.06261915530908488
11468090971322289e-22
0.1237038477869129
0.12418361973813483
0.0009005271540835606
0.0008913845516839594
0
0.4282425561852991
0
3.745874495941631
3.7155021332006304
4.288126281790409
0
5.723071026766692
0
0.1925745881797862
0.011969450975450602
32.87068293008592
32.939831540156824
18.29108851483664
88.37463892275079
61.510638187784004
0.09803454902871056
0.002766674422059118
0.009004010915207337
18.385931675157323
32.298232413999614
0.5557110306373393
0.1927376301473517
0.08415589069153305
0.5456302781302003
16.27696875183705
0
16.271464351980025
0
13.77072023204658
0.0034727159787768624
0.003471605610741897
14.522783858844537
0.6024402641044564
1.2949252101887043
2.6789639977755315
0
0.0001274970263064842
0.0007992670832541533
0.06819941943242154
0.032964486829955925
0.003052242620754244
0.0019251785200007122
0.0015678369571265973
0.0007976539101408512
1.7334648177501073
0.5008885953837711
0.06773328427933122
0.22241973116978425
0.00020630955625129696
0.06449665430823466
0.004720138071805903
0.04393552963828248
0.09204828806848733
0.15338283317158005
0.02570082392760539
0.0008544658231132364
0.054184605401332867
0.00151502680580731
0
1.0779501449189446
0.5808855209778503
0.01495119998861901
0
0.7973960142558845
15459224475256443e-21
0.006234254481319983
0
0.0017689767899970522
0
0.13002938711841044
0.9538620039851341
0
0
0
0
0.09467728745656744
0.4686682504717553
0.0483650492675301
0.05917359331212542
0.4251972953352154
0.5736842435656604
0.1768967469584468
0.02363658396788214
0.042864606755632195
0.18252899280683563
0.0019975287972338117
0.8914321473371332
9727845261495322e-22
0.008471374410816567
0.3255426608890344
0.25348376513029536
21201230468669213e-21
0.0027468123570668574
0.26780832104838315
0.23212707134335672
0.013790411911732726
0.02053054597640747
0.39180600259132686
0.7215208518123234
0.2644404030619666
0.11412212238080185
0.2782000596463694
12958665263371833e-22
0.2812483986979855
0.28132660762416006
0.4920604549618946
0.5905884661517987
0.01113078855723775
0.6413636222421178
0.37380433687242987
10.30983308589455
2.0371727477926944
2.7441103340743505
0.13541328109772025
0.4363057908775045
2.489893227394947
4.0575926224588965
0.7612143810235515
4.825263262951021
6.851577738611673
5.165025881294454
2.4269877362441723
2.820373784300857
0.48761738923005976
28.544899578332362
619.3873438800001
4.0022015852702735
7184.755300786868
1.099992536492577
23.218782108356585
1.1770855309745567
45.26935096003646
1.3013709338636283
1.3970015357879688
1.0999915276943644
0.9888398989919998
1.1049326534519956
3.6054464821554557
0
0.0009610285184630902
0.0008343582493561846
0
0.009712448003227762
0.007111309384644109
0.008238203624144163
0.00990940561911103
0.007337635339552345
0.008564322968637416
0.008932124540012104
0.0082866339538058
0.008017885741519775
0.007777492426561914
0.0084641393655786
0.014338437345805343
0.008547929436799441
0.007873922021482446
0.008666314802092174
0.008067282128072999
0.005348557463954831
0.010588123425240112
0.018732056789695802
0.011248352503068264
0.007127814281232467
0.0019027533692331925
0.007472295878478992
0.023202469314266817
0.07499332223395778
0.04251835536580206
0.1222160477596984
9120313552263295e-20
0.010161713159173975
0.26352037971655856
480611453881904e-20
0.07700656819182528
0.010991254695165504
0.0012703674315877374
5486365347544264e-21
12044240198714862e-22
0.1085597611101346
0.09364136266826005
0.004152372385128233
0.04143421694702902
0.020475478585084056
0.005800620166174508
0.012183980961603764
0.0004829920662340536
0.46850467499566334
15699130016098725e-25
0.08229789336408357
0.0003419687069573399
0.009677619821913452
0.010979199138875222
0.00015707313518472518
0.00017088858829606408
0.5119779636518234
0.00039357864827772193
0.05853232312634424
0.28857064029415325
13179236422607721e-22
2586169049481856e-21
0.00014473604478305098
12571546286151435e-21
0.0005946489746286762
1700320726158554e-20
14432277774721266e-23
10044045474225955e-22
19077155791106283e-21
0.07989212927835426
0.0807747984702021
43500751633999195e-21
0.00021270417018178926
0.01983375511666534
0.008195959871123789
0.09636577687725117
0.02042423743138335
2782922499956289e-20
0.14958367952188958
0.03948872570285134
5573479922462248e-22
0.34569395710418305
44589644875664407e-23
0.003771777412100135
0.0009830390344754212
22994565953075062e-28
0.35674923822845545
0.5052548141212582
0.018285293206286798
0.3352761737266858
0.5708397649704499
0.007433532836800605
0.21876997808095433
22332184595599911e-26
4630627595964054e-21
0.0006296164313104093
9121059963799177e-20
0.14246276086303739
8645604027228634e-22
0.0001118206090167881
0.18078925812559468
0.000929598048963641
0.011928752871057586
12200816557420335e-21
0.15079361353163823
0.10269214395740667
0.02150018795389514
3146955667587163e-20
0.0001534609499488919
12006680283893453e-23
0.013782546605420474
0.18234922477924165
8333314551518758e-24
11103359796664798e-21
9106376190489542e-21
9650685045709312e-20
10586459301492481e-21
0.4017058898858696
0.18073720841383956
0.005169049964249657
0.0015495760660528821
0.04284585678989514
0.005901489844987438
6760630119776179e-20
0.02885985020624381
8324028159423043e-20
0.0007212312212391634
0.0850517919929767
997038378289306e-21
0.5384665286098996
0.5421747436014317
0.0018298431372783081
0.000537231371841459
5829910111184413e-24
0.0010313365235830568
10390421350485327e-24
0.01033515537133622
0.02979573970612096
0.0009043254614535205
0.00033769173710321775
0.00015456169145436035
2618184426167911e-21
0.00614327024072652
0.03115781549517358
0.02172286958182877
11257176008702977e-24
0.5699069944012107
0.07014328149984325
0
0
8178258081009561e-20
6661958771723018e-20
10336387282331867e-22
7596607183981148e-22
0.0001935024151254512
0.009804307343124733
0.005406014670522621
15204233785234757e-24
0.0001315075817806488
7328757533039669e-21
0.05836610352319308
0.013503531772487368
0.10690227786244436
38456365649670835e-23
0.0629253042908449
0.007720326173745771
0.0001201509886786945
0.13389628726663147
0.00029647121447152916
18549559457237437e-29
8515197129924061e-20
3736163775947505e-21
0.00012472382798866022
0.016490449855575514
0.003911856292775877
0.00016356488147051647
0.00015212707635748585
3799874518089782e-24
0.0005146168056971804
0.023231888864766573
13135133650682732e-24
0.0018075857953011288
0.0018025213977954937
44188374733448e-18
0.11571415067966506
4337336522412958e-20
0.4153049237376979
0.0019125863327738386
0.20660378755988015
0.0033083672468943773
0.0007011331957219568
0.0005694568838634012
4475225124512408e-20
0.4760479974392935
12102065998332273e-21
21567865663599057e-21
0.008338082553422301
0.006466125163617287
2171598500435327e-23
8723403968396717e-20
0.003060520317834542
0.14395484518308743
0.030764918553180153
0.00010011796168843021
0.023310539886724897
0.0003541858174363088
0
0.12087783296540039
0.012420522984261812
0.44154359367261625
0.39476928648775045
0.41917809263935335
0.053896128326007625
0.030206601732134197
0.5568581197904384
0.4326737132416882
0.5639662904300589
0.38591205546913193
0.245993294198332
0.0007655099406686149
0.015870832625559776
0.1540147338290065
0.33322493770002226
0.14913639796718553
0.0002992792253070865
0.027421732170755032
0.30793419013536616
0.12276753041687008
0.185538478273361
