0.5589119272116356
36.15863886908275
36.064569225551686
0
36.28493600785764
0.00026719530453567946
36.28246664736246
0
36.28568956608865
0
87.28643473679647
0
23.043096550699595
0
22.817492451187707
0
36.02385313825524
13.011053314394303
25.308329185508295
0.17884028883075734
28387507914838344e-31
1.4623917431005324
2.141193480820286
0.12174674632983838
0
0.12435096846258745
0.0010594113366548684
0.2267648325144061
0.006978791650572647
2.1943021941747225
1.9785088026681987
0.20067962250759785
0.04431900011228914
0.4738810705730943
0.31833004259420933
0.06282704872520778
11481023165120697e-22
0.12379903576364545
0.12429873583401271
0.0008985607636989041
0.000889457907588853
0
0.4301659247613748
0
3.7496006324659055
3.7193420013149203
4.288759489629219
0
5.7248817298708525
0
0.19251496125017
0.011965694624995186
32.87186101711431
32.93983291828779
18.294256014119576
88.37693249813528
61.51118292519441
0.09807933491645886
0.00276559322508029
0.009004146079464254
18.38911678757639
32.301504919467085
0.5581946150418998
0.19260712145368952
0.0839997900243169
0.5448374410609337
16.277797416058686
0
16.2723091220812
0
13.770275725162627
0.0034668506357352384
0.003465738527521829
14.526716524593072
0.602248535113495
1.2949264304042991
2.679912622441087
0
0.00012730161400646695
0.0007988764694153082
0.06822001218259818
0.0329590317416044
0.0030496790291488123
0.0019256167577934213
0.0015684884978088784
0.0007972887704513248
1.733163244544639
0.501371000269028
0.0678820611809594
0.2224921796209259
0.00020591309014782197
0.06457296969286971
0.0047255083090496355
0.04424981539791642
0.09210117406239218
0.15332507364338488
0.025720386962811228
0.0008626954360710173
0.05449919910903072
0.0015152091839251308
0
1.0785316665340194
0.5813285875159269
0.014929984110898237
0
0.8003234005656586
15478284731154e-18
0.0062339465202966154
0
0.0017688766706670596
0
0.13004059656246117
0.9546694408347619
0
0
0
0
0.09498842770409129
0.4690732076296752
0.048624991703507287
0.059581034599943516
0.4252705605256545
0.5750003123249822
0.17682528588616211
0.023609364353380687
0.04287526974051046
0.18269183659130034
0.0020055900179475786
0.8948643503484565
972758522994547e-21
0.0084835179142352
0.32601267290873026
0.2543087522133252
22013266389018128e-21
0.002748205603132199
0.26877678945410893
0.2321364882896302
0.013777919544174731
0.02051347633725307
0.3925648270932098
0.7237573246160063
0.2643350784329552
0.11401938684470048
0.2784078049949649
13459533113362228e-22
0.2816876986838525
0.28176611098305665
0.4920478464779464
0.5906827982216248
0.011170643706450616
0.642226471333465
0.373462700890186
10.311271344550383
2.037071655334194
2.7442382124975024
0.13559373740854852
0.43635957923853386
2.489688861660622
4.057909187943408
0.7618903624256078
4.824795208868641
6.85176564975794
5.163574039048514
2.426787422410951
2.8203576079205335
0.4873569039575629
28.54620250605767
619.3879559658204
4.0022018959944115
7193.585514125402
1.0999925595867512
23.218782977121144
1.17710263771874
45.26986062079798
1.3013588602039718
1.3970017323870498
1.099991550793946
0.9890539676930181
1.1049926700646284
3.606274613929743
0
0.0009621174889044965
0.0008337831554994381
0
0.009708926328632017
0.0071072559850422585
0.008239477618987802
0.00991964730743265
0.007338411267180339
0.00855880037200131
0.008939711496086371
0.008280588751026868
0.00802617284298494
0.0077783435862172085
0.008460720325830718
0.014328337521766338
0.008549207722925861
0.007870214515633038
0.008666785737066968
0.008062825682596175
0.005355625932718016
0.010582780765664615
0.018733086164953793
0.011242919783215895
0.007125283005530917
0.001902759656758355
0.0074723931505687345
0.02320341566458244
0.07500351764730112
0.04252156923482448
0.1222439469906081
9120314995348626e-20
0.01016189332665002
0.2636641019893618
4806114578890912e-21
0.077017331665348
0.01099146557827674
0.001270370233270442
54863653997623585e-22
1204424022388058e-21
0.10858158027450962
0.09365744408833618
0.00415240236693444
0.0414372670605791
0.020476214402194107
0.005800678728493192
0.012184240272267537
0.00048299247104107833
0.46906554360795816
15699130016141482e-25
0.0823102270506778
0.000341968909868705
0.00967778318738237
0.010979409558191404
0.00015707317798951444
0.000170888638962229
0.5126918339916651
0.0003935789170653599
0.05853847218302416
0.2887466151331954
13179236452739936e-22
2586169061084706e-21
0.0001447360811275704
12571546560328228e-21
0.0005946495882728859
17003207763137664e-21
144322777783347e-21
10044045491727155e-22
19077156422473658e-21
0.07990373513819528
0.08078666866743726
43500754916874306e-21
0.00021270424867898043
0.019834445279440702
0.00819607694441097
0.0963828368947328
0.020424969548684786
2782922634312962e-20
0.14962624027148586
0.03949149294304179
5573479927851187e-22
0.3459598552486437
4458964491015641e-22
0.0037718021443763315
0.0009830407118560207
2299456595307515e-27
0.3570354680661989
0.5059427182748902
0.018285879289947876
0.33552383179606926
0.5718309191387835
0.007433629100183929
0.21886562479726543
22332184595608563e-26
4630627633163038e-21
0.0006296171192589152
912106140712073e-19
0.1425011808835016
8645604040195683e-22
0.00011182063070986762
0.18085278894999704
0.0009295995488814108
0.011929001395404492
12200816815664787e-21
0.1508369011079669
0.10271159523524952
0.021500999741099133
31469558393934905e-21
0.0001534609908074863
12006680286394352e-23
0.013782878726539808
0.18241392837294443
833331455163923e-23
11103360010540654e-21
9106376334350724e-21
9650686661518418e-20
10586459495918452e-21
0.4020861361268236
0.18080070031710574
0.005169096451718199
0.0015495802352674141
0.042849120990404964
0.0059015504652058254
6760630912717536e-20
0.028861319108609708
8324029361514782e-20
0.0007212321240052177
0.08506498745125597
9970383800138499e-22
0.5392927393890664
0.5430181251663161
0.0018298489519425558
0.0005372318726872311
5829910111243375e-24
0.0010313383698847876
10390421350672617e-24
0.010335341759933316
0.029797306273760173
0.0009043268809044749
0.0003376919349702614
0.0001545617329012218
26181844380598135e-22
0.0061433359388206625
0.031159529921296076
0.021723698377996994
11257176008922818e-24
0.5708928580671561
0.07015217439287848
0
0
817825924136702e-19
666195954168691e-19
10336387300866672e-22
7596607193992432e-22
0.00019350248008906919
0.009804475025809646
0.00540606552474395
15204233785635787e-24
0.0001315076117849756
7328757626217528e-21
0.0583722170943561
0.013503850532029531
0.10692341340981312
38456365675326706e-23
0.06293242983339427
0.007720430025163429
0.00012015101372445542
0.13393003230987888
0.0002964713669777664
18549559457237444e-29
851519838786546e-19
37361638001635353e-22
0.00012472385497720772
0.01649092603907565
0.003911882898315328
0.0001635649278867876
0.000152127116508856
3799874518114831e-24
0.0005146172652587376
0.023232837632545116
1313513365098204e-23
0.001807591469300983
0.0018025270400295896
44188378120930526e-21
0.11573905495315784
43373368487805644e-21
0.4157175811244766
0.0019125926854868457
0.20668832144946941
0.0033083862701981702
0.0007011340488659502
0.0005694574466073568
447522547196129e-19
0.4766330703054927
12102066252413288e-21
21567866470592174e-21
0.008338203731910581
0.006466197961883776
21715985005171377e-24
8723405288608104e-20
0.0030605365953604363
0.1439941135464886
0.030766589632395598
0.00010011797907839272
0.023311495132760752
0.00035418603510649783
0
0.12090510076745743
0.01242079249756764
0.44202476659609297
0.39513375280588214
0.4196003531964754
0.05390132738548306
0.030208212185836088
0.5577736011949684
0.43313079432796425
0.5649193000176882
0.38625707775073015
0.24611678913488236
0.0007655109577100799
0.01587127354054522
0.1540599896117173
0.3334691063288742
0.14917869174691992
0.0002992793807161589
0.027423057221093138
0.30813796922032183
0.12279569213649473
0.1856056174639898
