0.5772184650514864
36.12435190739504
36.030115378581996
0
36.24259335047255
0.0002673010843752915
36.24017500684135
0
36.24351909394383
0
87.26116568995239
0
23.058121639583902
0
22.83593881611715
0
35.916289970413345
12.94340119289014
25.25409883575183
0.17946193782560274
28668260100480416e-31
1.4522503340178445
2.137903053430064
0.12229564732565441
0
0.12373876886558226
0.0010579320675175394
0.2194619080166101
0.006977571386879303
2.1236723410987937
1.9151812921889815
0.19305348397119054
0.04217849722140815
0.4551170347120092
0.3050029507217872
0.06062863586499587
11358084894669294e-22
0.12298632909879326
0.12330025423750716
0.0009198116673160047
0.00091024352244456
0
0.4100019556326082
0
3.711034740328862
3.6795838179380502
4.2820824983382755
0
5.705928689911469
0
0.19320637128201446
0.012008461939555045
32.85943134657553
32.939818355384354
18.2608043626012
88.35257113123667
61.50543167552157
0.09763826289117424
0.002778402634984606
0.009002723455302907
18.3554730080682
32.26879559479781
0.5320619196084759
0.19397066966097926
0.08566634428011578
0.5532105059306281
16.26986575732665
0
16.26419673270243
0
13.775237668152215
0.003529424813904981
0.0035283344052514385
14.48525401811886
0.6044554327453115
1.2949107489063278
2.669919265087914
0
0.00012935911033750593
0.000803213618223348
0.06800760742584282
0.03300612443009074
0.003076867826188771
0.0019207282540289526
0.001560928833106016
0.0008012424841113886
1.736282261088297
0.496283988624371
0.06631896288886989
0.22172308929113924
0.00021020421894323103
0.06378092256028396
0.00467005181940621
0.041103327470530936
0.09154763374347984
0.15398104620827607
0.02551581483030173
0.0007804320794037187
0.05135635420560464
0.0015132315004228454
0
1.0723909340392703
0.5767035011229786
0.015156676128015162
0
0.7700004678895722
1528293950440227e-20
0.006239043113881755
0
0.0017695199775522629
0
0.12992217467718542
0.946157064625771
0
0
0
0
0.09172392523329227
0.4648217141245255
0.04601484844382638
0.05554213943410261
0.4244826724198937
0.5613850603705917
0.1775599081309636
0.02390675523929719
0.04276080755447779
0.18105919638272758
0.0019213312333505636
0.8589274148910336
9729987366650743e-22
0.00835858690819132
0.32117323995483626
0.24562502236962364
14791218255923127e-21
0.0027334911924548518
0.25870860699052156
0.23201741307460294
0.013907960958192956
0.02069660338888081
0.38455279366234324
0.7006319480772661
0.2653799600875823
0.11511408159152557
0.2762489967693249
9011878044582158e-22
0.2771052255625319
0.2771816457249106
0.4921192317155168
0.5896907972557004
0.01076741101532858
0.6339165885781988
0.3770945744318775
10.29688068652066
2.0381581450735218
2.7429403607557616
0.13370715601281263
0.43582137087005135
2.491887527624001
4.054694490345218
0.7547955457403352
4.82986936027759
6.8501251547178
5.177135435996877
2.428832234491617
2.820574639114578
0.49009871473155225
28.534061224196805
619.3814969513778
4.002198617074439
7100.948958175702
1.099992315885151
23.218773809471546
1.176922131070431
45.26448270705059
1.301483426560396
1.3969996532199442
1.0999913070352727
0.9867807626951806
1.1043595081179416
3.5987378668915615
0
0.0009507652516223946
0.0008394812728961822
0
0.00974138581079489
0.007150930696086979
0.008227627546171764
0.009813925340633505
0.007331478123654435
0.00861863280812643
0.008861659429647705
0.00834630308788376
0.00794102258850622
0.00777082336187636
0.008498466000159436
0.014437997339029413
0.008537151297892473
0.007910929331012556
0.008663342678801872
0.008111498315282663
0.005282742228015181
0.010641274700694675
0.01872552228672079
0.011302257285568997
0.007153405235807812
0.0019026933086006177
0.00747136674918052
0.023193431233598513
0.07489600021673624
0.04248766707353163
0.12194986064639476
9120299767180238e-20
0.010159992267609316
0.26215141296947686
4806114156031885e-21
0.07690382573297742
0.01098924043495259
0.0012703406687825114
5486364848730149e-21
12044239958318952e-22
0.10835155406956237
0.09348788376177321
0.004152085994379111
0.04140509200436298
0.020468451013517266
0.005800060778532737
0.012181504170681852
0.000482988199325893
0.46318065531237174
15699130015690294e-25
0.08218016874400626
0.0003419667686495067
0.00967605940977188
0.010977189308398598
0.0001570727262919127
0.00017088810430751026
0.5052086066767244
0.00039357608068897446
0.05847361671426534
0.28689503398893373
13179236134769286e-22
25861689386454566e-22
0.0001447356976019367
1257154366707374e-20
0.0005946431128149475
17003202470501983e-21
1443227774020389e-22
10044045307045482e-22
19077149759960896e-21
0.07978134905382425
0.08066149610004937
43500720274297244e-21
0.000212703420337637
0.019827163536531
0.008194841611049615
0.09620296291992762
0.020417245192237705
2782921216512452e-20
0.14917772699467083
0.039462301370028506
5573479870984329e-22
0.34316423876966123
4458964454617906e-22
0.0037715411648292477
0.0009830230114159884
2299456595307418e-27
0.3540265623981072
0.49873055791550114
0.018279695579889906
0.3329196104060496
0.5614579113988954
0.007432613342194752
0.21785841546373239
2233218459551726e-25
4630627240620214e-21
0.0006296098597097296
9121046176459614e-20
0.1420962747162299
8645603903360711e-22
0.00011182040179352831
0.18018350266512106
0.0009295837210983108
0.011926379099400669
12200814090536548e-21
0.1503807339157647
0.10250652089071606
0.02149243488890654
31469540264050775e-21
0.00015346055964709598
12006680260003577e-23
0.01377937441671284
0.1817322983054555
833331455036795e-23
1110335775361262e-20
910637481625352e-20
9650669610681882e-20
10586457444235614e-21
0.3980916571291892
0.1801318236954
0.005168605913070613
0.0015495362401330309
0.04281468799517139
0.005900910800812717
6760622545196488e-20
0.028845822261528545
8324016676432178e-20
0.0007212225976096537
0.08492584529871416
9970383618155755e-22
0.5306376568329919
0.5341840572284194
0.0018297875935409129
0.0005372265875281373
5829910110621176e-24
0.001031318886924281
10390421348696226e-24
0.010333375060836236
0.029780779195417117
0.0009043119022389848
0.0003376898469811171
0.00015456129553314592
26181843125703344e-22
0.006142642694093511
0.03114144316716005
0.02171495408734934
11257176006602939e-24
0.5605749027042118
0.0700583888017102
0
0
8178246996685583e-20
6661951416635719e-20
1033638710527786e-21
7596607088348213e-22
0.0001935017945606018
0.009802705696262397
0.005405528908910363
15204233781403888e-24
0.00013150729516420598
7328756642956817e-21
0.05830773580416351
0.013500487196325952
0.10670059067682748
3845636540459272e-22
0.06285727808768093
0.007719334201905269
0.00012015074942894544
0.13357436545456342
0.0002964697576573324
18549559457237378e-29
8515185113429074e-20
37361635446235143e-22
0.00012472357018044415
0.01648590179841381
0.003911602152075616
0.00016356443807904433
0.00015212669281144603
3799874517850502e-24
0.0005146124157491006
0.023222827698721117
13135133647823584e-24
0.0018075315952289007
0.001802467501158627
4418834237448273e-20
0.11547652215464028
43373334047826685e-21
0.41138359492120574
0.0019125256494497182
0.2057980168307473
0.0033081855320086302
0.0007011250461033064
0.0005694515082712353
44752218055030346e-21
0.47049515118322294
1210206357121978e-20
21567857954786563e-21
0.00833692508282737
0.006465429798376407
217159849965383e-22
8723391357067442e-20
0.0030603648308841834
0.1435802728650561
0.030748960117507277
0.00010011779557070115
0.02330141685710432
0.0003541837381452599
0
0.12061766662785597
0.012417948749041402
0.4369734999743841
0.3913046159025811
0.415165798423981
0.05384648949950402
0.0301912221752782
0.5481883494246028
0.42833167768558345
0.5549432945070899
0.38263171861064516
0.2448167256824399
0.0007655002254326555
0.015866621395771142
0.15358309675756243
0.33090150526939743
0.148732989856791
0.00029927774076362674
0.027409077833756214
0.3059943668509208
0.12249884047006024
0.18489835293828175
