0.6044941376680785
36.07213506681524
35.977861176312224
0
36.180973353016924
0.00026746563495666
36.17646876793185
0
36.17995910147552
0
87.20971205917468
0
23.07128332506857
0
22.86028509600952
0
35.77517188923315
12.85165095421644
25.1870201745819
0.18070269900384026
2911189966659797e-30
1.4399757033111962
2.13364328583538
0.1231699398375836
0
0.12338015693990115
0.0010617511160225274
0.2085740947165665
0.006975760863318467
2.018325567587432
1.8207193984685652
0.18200603128536508
0.03914918437991439
0.42766157066955157
0.28548223477351875
0.057369027584764094
11167518510682772e-22
0.12240997044013842
0.12252749557503366
0.0009540239410121678
0.0009434965715763029
0
0.3805386272528101
0
3.656816636224414
3.623470826187234
4.272154816923254
0
5.678251745495865
0
0.19457397154998343
0.012089987140150669
32.84092048704989
32.939796546697536
18.210851175429692
88.3149298692358
61.496850223894405
0.09714891823067463
0.0028030762098263206
0.009000624293581304
18.30520033764602
32.227202034757056
0.49353325408964793
0.19595836667413855
0.0882708380764646
0.5656922973525982
16.261883038320953
0
16.25588238902364
0
13.783776474947711
0.00362561660220467
0.0036245968082007154
14.423607069223793
0.60874046905293
1.2948756354988777
2.6550992674932004
0
0.00013241520671078934
0.0008108961074565427
0.0677099530361716
0.03303543131616465
0.0031180565759670867
0.0019116921716620214
0.001546442804145661
0.0008075055422786476
1.7407200428898204
0.4887195585858858
0.06404120382083243
0.22055984004319304
0.00021714699537154597
0.06265537541500271
0.004592404270299012
0.03702444024028228
0.09074250192357612
0.1552054106728292
0.025218730824793076
0.0006743667786823875
0.047326209478065095
0.0015100843045521301
0
1.0632243020203096
0.5700046458326803
0.015506619125659616
0
0.7270757631023569
1502093238964167e-20
0.006256700537395606
0
0.0017687628258410738
0
0.12974516658960028
0.9335082590083987
0
0
0
0
0.08697560544957827
0.458584831400538
0.04260201960571005
0.05044590266479699
0.4232509319489608
0.5421703412083666
0.17857782309614753
0.024402119768111342
0.04257639387425687
0.17892140874445148
0.001799378424177428
0.8066684150587555
9732204460349112e-22
0.008183530819697936
0.3143785723740393
0.23279144753098277
8146605096808525e-21
0.0027115204924724164
0.24430915535979397
0.23176189381948661
0.014095164456610987
0.020981595994648307
0.3725904133557131
0.6680239869870879
0.26667142205903427
0.11678716352533568
0.27316866219161573
4937987486058719e-22
0.27049186712493023
0.2705654032468018
0.49197964287499313
0.5882248899138522
0.01022715261313247
0.6246012430141759
0.3826165146140601
10.278699369195685
2.0398583757797333
2.7412283532912958
0.1309710029715338
0.43514138561550997
2.495337588463973
4.050444785699968
0.7443959565270571
4.837904664973892
6.8489637453056655
5.190560676047177
2.431610157744835
2.821067069757217
0.4941618243647564
28.522154857820173
619.3718735218847
4.002193731680092
6965.1340653818515
1.0999919527840947
23.21876015021558
1.1766532380467059
45.25647111459311
1.301658100128065
1.3969965380801088
1.0999909438491675
0.983340653846671
1.103416806694741
3.5924033550445484
0
0.0009344354098099586
0.0008465301828319713
0
0.009771636749422347
0.007217959527458454
0.008214388946722552
0.009663353376630135
0.007324432476995664
0.008712036935057376
0.0087512350857197
0.008450034353917345
0.00782130827072363
0.007763609072096426
0.008559411567023147
0.014610477619825002
0.008522855825341543
0.007976148461678587
0.008662283094670336
0.008188759175957558
0.005179662511728511
0.01073445342666438
0.018723530433770095
0.011396176231691462
0.007199296007421315
0.001902594458010508
0.007469837732548112
0.02317856298313372
0.07473609134896189
0.042437204964735
0.12151300100029484
9120277078145548e-20
0.010157160460303105
0.25991367772659657
4806113525996692e-21
0.07673501874234363
0.01098592593686085
0.0012702966206977703
5486364027724431e-21
1204423956264764e-21
0.10800973205420865
0.09323581802847475
0.004151614662453704
0.04135719938527973
0.02045688947714846
0.0057991401912778386
0.012177428678725451
0.00048298183478973593
0.4545491871954119
15699130015018049e-25
0.08198677055986106
0.0003419635783827784
0.00967349165128046
0.010973882098625293
0.00015707205329126638
0.0001708873077062962
0.49426115588072833
0.00039357185469166846
0.058377119112743035
0.2841582871402593
13179235661011597e-22
2586168756218134e-21
0.00014473512617301843
12571539356294699e-21
0.000594633464891467
17003194584786868e-21
14432277683391209e-23
10044045031880576e-22
19077139833210166e-21
0.07959934856280575
0.08047535594653082
43500668658931095e-21
0.00021270218616337885
0.01981631912324594
0.008193001381828288
0.09593558368963043
0.020405741770413516
2782919104073806e-20
0.1485119610311919
0.03941884765144235
5573479786256031e-22
0.33904078230350815
44589644003874074e-23
0.0037711523540360768
0.0009829966393849056
22994565953072736e-28
0.3495904402242551
0.4881751183950297
0.018270486091623992
0.3290769189197548
0.546350735004228
0.007431100179545669
0.2163663237531833
2233218459538123e-25
4630626655754388e-21
0.0006295990435605307
9121023483710915e-20
0.141495121294907
8645603699484595e-22
0.00011182006072241653
0.17919089677815497
0.0009295601391254298
0.01192247310068132
12200810030255701e-21
0.14970362915868698
0.10220173134891078
0.02147968008738469
31469513251601254e-21
0.00015345991724553327
12006680220682862e-23
0.01377415485228712
0.1807214310460046
8333314548473816e-24
1110335439092246e-20
9106372554377785e-21
9650644205986776e-20
10586454387348704e-21
0.3922136058279686
0.17913982388553665
0.00516787512547238
0.0015494706922682827
0.0427634361616348
0.0058999578668169385
6760610078097845e-20
0.028822748297481122
832399777643553e-19
0.0007212084040698343
0.08471895367939632
9970383347012095e-22
0.517999071972347
0.5212876869019667
0.0018296961769211106
0.0005372187130460892
5829910109694136e-24
0.001031289859133282
10390421345751521e-24
0.010330445488170732
0.029756171815728708
0.0009042895853620844
0.0003376867360231398
0.00015456064388254275
26181841255983476e-22
0.0061416099450300994
0.03111451443174726
0.021701932133317958
11257176003146452e-24
0.5455466366249628
0.06991888626855713
0
0
817822875285911e-19
666193931080218e-19
10336386813861953e-22
7596606930944495e-22
0.00019350077316771267
0.009800070090788269
0.005404729481449101
15204233775098605e-24
0.00013150682341915812
7328755177956009e-21
0.058211794548877184
0.013495477576278959
0.10636945886016594
3845636500121489e-22
0.06274547281007632
0.007717701777734534
0.00012015035564514393
0.13304619385708225
0.0002964673598800446
1854955945723728e-28
8515165335332229e-20
3736163163883834e-21
0.00012472314585109962
0.016478418812394292
0.003911183893942495
0.00016356370829682335
0.00015212606152923027
3799874517456668e-24
0.0005146051903476333
0.02320792148113026
13135133643117666e-24
0.0018074423900358177
0.0018023787953647885
441882891144161e-19
0.11508646782953008
43373282734319436e-21
0.4050098773977503
0.0019124257740263978
0.2044786235240979
0.0033078864664183184
0.000701111632726989
0.0005694426606119711
44752163426998606e-21
0.46149631892934456
12102059576399083e-21
21567845266739603e-21
0.008335020334046709
0.0064642854488663895
21715984983675527e-24
8723370599926472e-20
0.0030601089297235227
0.14296587960071588
0.030722711906091757
0.00010011752215557807
0.023286408896412966
0.0003541803158347471
0
0.12019067358499913
0.012413712937421453
0.4295542810867843
0.3856681477150586
0.4086453550508796
0.053764887721810484
0.030165925775004192
0.5342115711173964
0.42127973054134316
0.5404054640734656
0.3772931663978621
0.24289243448250367
0.0007654842352449605
0.01585969250096874
0.1528752911564744
0.3271125548682531
0.14807138893307845
0.0002992752973467659
0.02738826258036495
0.30282815425418097
0.12205787943369249
0.18384956617984144
