0.6119946521649995
36.057449040303005
35.9632318755101
0
36.16113714352948
0.0002675132777079594
36.15893947259802
0
36.16227146183111
0
87.1920328574216
0
23.072905800779704
0
22.866014529689682
0
35.73988452026279
12.828159087089404
25.17125873661284
0.18113631238313135
29240177879911225e-31
1.4373728897207494
2.13261044544921
0.12342057996181593
0
0.12337040444521823
0.001063794745528782
0.20558266151973636
0.006975263935003473
1.9893721005229097
1.7947558884695582
0.17904131826512848
0.03834613875186736
0.42022444189036184
0.2801789498128955
0.05648087368999873
11110250647926057e-22
0.12235310498247486
0.12242932076342532
0.0009641403614270768
0.000953264799769015
0
0.37256957477415725
0
3.6426699424555458
3.6087245367865366
4.269429278287183
0
5.67074350687807
0
0.1950494696510216
0.01211787742131411
32.83583200156832
32.93979051650818
18.19708986275292
88.30433361735334
61.49448762013586
0.09706292334385361
0.0028110340318121835
0.009000053181737853
18.29134142433156
32.217190913068386
0.48304924580549563
0.19649925808782412
0.0890271238847493
0.569121846833528
16.260664179592933
0
16.25455292000796
0
13.786376126637379
0.0036527446327897215
0.0036517563618828856
14.406674496078963
0.6102125388735626
1.2948633680409547
2.6510384567873344
0
0.0001332564063488364
0.000813382787694037
0.0676318171717063
0.03303542183635033
0.0031295657356861404
0.0019086274865230926
0.001541640492380788
0.0008092974319743535
1.7419094535766504
0.4866427670623277
0.06343333838248937
0.22023661905218295
0.00021920897652667743
0.062357721967284285
0.004572137904712411
0.03601105900917707
0.09052547952317883
0.15561453695455751
0.025138684767982512
0.0006481596702261004
0.046339998817501976
0.0015091803782690252
0
1.060699960451869
0.5681997684609706
0.015605623979857954
0
0.7157267915965961
14956824857547331e-21
0.0062645318398462276
0
0.0017681830328534162
0
0.12969636929266082
0.9300373989514666
0
0
0
0
0.08569816663598342
0.45689224738273954
0.04174791792749553
0.04920547821489895
0.42290069956786364
0.5371001735533691
0.1788424289271368
0.024553039364330863
0.04252161616755529
0.17838350300424713
0.0017666618692435034
0.792599117584568
9732537988071995e-22
0.00813728172713434
0.3125811947619181
0.22928807173125104
6908370514008175e-21
0.0027054699008410474
0.24047086455272756
0.23167589142528017
0.014145465208517774
0.02106249759998599
0.3692944657904421
0.6594204894098517
0.26697275725539515
0.1172558480081059
0.2723501484193379
41816297005946283e-23
0.26871743390499575
0.26879021432953804
0.49189136932380395
0.5878238310275608
0.010088814940432643
0.6226581721451948
0.38415879006606185
10.274400314310627
2.0403430237220452
2.740806207587074
0.13023480575378638
0.43498062072857535
2.496322982919584
4.049394407153151
0.7415754549955837
4.8402007307209445
6.848894204971728
5.192939637856329
2.432321699917677
2.8212368101684957
0.49527643439026525
28.520112658681203
619.3692272092347
4.002192388250615
6928.243939897902
1.0999918529352586
23.21875639406957
1.1765793061483434
45.2542682620496
1.3017040137823133
1.396995678135513
1.0999908439769437
0.982384718653184
1.1031577151131815
3.5917184071769594
0
0.0009300713766269851
0.0008481854783200705
0
0.009776440975659951
0.007236426406256027
0.008211223822439615
0.009622838136135788
0.007322786789871148
0.008738152732245052
0.008721602058037195
0.00847933304146827
0.007789409183440978
0.007762035444811403
0.008576700152892419
0.014659048107088186
0.008519223819297863
0.007994613943454168
0.008662378656740086
0.008210565694203469
0.005152165032182257
0.01076076867284516
0.018724027518437603
0.01142257127061441
0.00721236614770593
0.0019025672760693594
0.007469417324395514
0.023174476046466014
0.07469217802548497
0.042423338941027046
0.12139314391139333
9120270838916688e-20
0.01015638188234465
0.2593016802629431
4806113352743854e-21
0.07668866363992277
0.010985014661054561
0.001270284508219382
5486363801956773e-21
12044239453842315e-22
0.10791592388864159
0.09316662190198562
0.004151485060659827
0.04134403914781861
0.020453711324870102
0.005798887065370997
0.012176308201635228
0.00048298008462594117
0.452203952513685
15699130014833184e-25
0.08193366798627187
0.0003419627010992052
0.009672785664973396
0.010972972826449236
0.00015707186822388466
0.00017088708865024282
0.49129253135960754
0.00039357069259614346
0.05835061124557784
0.2834102985487211
13179235530733367e-22
25861687060525987e-22
0.00014473496903665158
1257153817087742e-20
0.0005946308118444655
17003192416301283e-21
14432277667768334e-23
1004404495621321e-21
19077137103462156e-21
0.07954937322350615
0.08042424476467694
4350065446527528e-20
0.00021270184678008288
0.019813338066990836
0.008192495411174063
0.09586218765974723
0.020402579590366128
27829185231763434e-21
0.14832940403855122
0.039406906739890474
5573479762956667e-22
0.33791558765977864
4458964385474609e-22
0.0037710454423067253
0.000982989387486069
22994565953072344e-28
0.34838032893415155
0.4853118522885331
0.0182679543955959
0.3280280176040232
0.5422681532673858
0.007430684130215141
0.2159578091372028
2233218459534383e-25
4630626494922634e-21
0.0006295960692692443
9121017243460746e-20
0.14133025691393653
8645603643420874e-22
0.00011181996693173792
0.17891890077647352
0.0009295536544432206
0.011921399217622117
12200808913722689e-21
0.1495179677237257
0.10211807651052048
0.021476173982275013
3146950582347431e-20
0.00015345974059253396
12006680209870087e-23
0.013772719875246456
0.1804444405363246
8333314547952947e-24
11103353466219273e-21
9106371932386559e-21
965063721998255e-19
10586453546738072e-21
0.39061247517125974
0.17886799365130931
0.005167674184913423
0.0015494526678016302
0.042749353220918204
0.005899695847269434
6760606649784803e-20
0.02881640644354079
8323992579148715e-20
0.0007212045010491074
0.0846621491337773
9970383272450527e-22
0.5145766754214802
0.5177962269018055
0.001829671039141623
0.0005372165476690627
5829910109439209e-24
0.001031281876948439
10390421344941763e-24
0.010329640033032265
0.02974940861799665
0.0009042834485592396
0.0003376858805484207
0.00015456046468616773
26181840741830788e-22
0.0061413259806652135
0.031107113404191776
0.021698352606165726
11257176002195954e-24
0.5414851170912812
0.069880573302919
0
0
8178223736011598e-20
6661935981832953e-20
10336386733725742e-22
7596606887660179e-22
0.00019350049229667786
0.009799345452066418
0.0054045096682838875
15204233773364715e-24
0.00013150669369467696
7328754775096708e-21
0.05818543942830456
0.013494100310939491
0.10627858147998887
3845636489029036e-22
0.06271476244760832
0.007717252939291567
0.00012015024735909056
0.13290131885611325
0.00029646670052066486
18549559457237252e-29
8515159896577902e-20
37361630591845535e-22
0.00012472302916537964
0.01647636166779413
0.003911068885327191
0.00016356350761518898
0.00015212588793391872
3799874517348369e-24
0.0005146032034582856
0.02320382411033395
13135133641823591e-24
0.001807417860345841
0.0018023544029977213
4418827446848598e-20
0.11497943827061378
4337326862367145e-20
0.40327455072173757
0.0019123983102812576
0.20411728981902244
0.0033078042313603407
0.0007011079442387922
0.0005694402276256173
44752148404893335e-21
0.4590520505267735
12102058477866899e-21
21567841777665444e-21
0.008334496625058996
0.006463970800656038
21715984980138407e-24
8723364891946222e-20
0.003060038563427691
0.1427973894686152
0.0307154978610114
0.00010011744696951198
0.023282283564610384
0.0003541793747422264
0
0.12007352033670098
0.01241254838842118
0.42753625030424103
0.3841324627074424
0.4068703248570618
0.05374246980360216
0.030158973255312027
0.5304309684181129
0.41936095610306107
0.5364749097698601
0.37583822410739454
0.2423659318077106
0.0007654798381751172
0.01585778766045273
0.15268122476467527
0.32607826126355693
0.14788997231535103
0.0002992746254370955
0.027382541382835728
0.30196323777959666
0.12193689843425179
0.18356220549351723
