0.7062816589405287
35.84999175967722
35.760278987976136
0
35.92342727882374
0.0002680361991562767
35.92152482200547
0
35.92544220779198
0
86.48452206836073
0
23.002339242635713
0
22.87917272779499
0
35.38214053993135
12.58397424530246
25.03849033729018
0.20004703387627493
3088821550682437e-30
1.5041960595387964
2.125551073995824
0.12696393582729026
0
0.12511096603665145
0.001113468629744005
0.16836364643577714
0.00696893348635142
1.6287839296919313
1.4713587901886651
0.14607799514903919
0.02964522253886056
0.3312786175436208
0.2133280030085355
0.046229472420974284
9582571470241562e-22
0.1237417914667394
0.12354538817629879
0.001184071669318351
0.00114965593453909
0
0.27888038075704785
0
3.545571327451227
3.475480982873636
4.235384576859377
0
5.5792507803938385
0
0.21561516395756278
0.013333319940203672
32.771928998730644
32.93970974234383
18.02276113422439
88.15676506362848
61.464602367430494
0.10284817995959979
0.0029645225477673834
0.008993805122444012
18.114052632408583
32.14523528145509
0.35764762226580243
0.2040019826317953
0.10552611064925284
0.6127620326025035
16.344183121774986
0
16.332211103499958
0
13.829594768863142
0.004035762096697787
0.004037854954415095
14.191681720793074
0.6715900282358351
1.2945278395172783
2.6005203152567713
0
0.00014454883818707857
0.0009036052627660926
0.06678711791100529
0.03277978664835163
0.0032948859811367387
0.0017879006213167305
0.0014039424359963493
0.0008347009798988443
1.757073919176218
0.4607490555571622
0.05917255108322583
0.21603394734794037
0.00026488154835357166
0.059384340048296604
0.004392258132596543
0.025993475582292997
0.08797162101876287
0.17181155279021904
0.024198627633315144
0.0003959946107010515
0.038751230309624234
0.0014961868853262629
0
1.0288371907689733
0.5468092150631539
0.017023929257915627
0
0.5884373121188818
15147562502947271e-21
0.006800436428322625
0
0.0017441491667610919
0
0.1290783793923976
0.8867122713403116
0
0
0
0
0.07138503922530985
0.43661445279695
0.03306369580800694
0.0375327793997705
0.41811901693184383
0.4803863411025461
0.1816612571785753
0.028445669407575057
0.04165720784825216
0.17312390204973907
0.0013902492999468676
0.6291988200510545
9727356320366449e-22
0.0076054198048724295
0.291893873053202
0.18646366658536812
8418166548588729e-22
0.0026294600078494135
0.19630531935420834
0.2300686110909681
0.014754627835592421
0.022177236069151583
0.32759688009766047
0.562701926701389
0.26894404313940296
0.12347479666571806
0.26316883795745477
5014960268024508e-23
0.24803102344563077
0.2480934336252244
0.48910227848169197
0.5828164609422688
0.008490222821329043
0.6384772592353781
0.4046015183767708
10.250095878025878
2.0470529389645056
2.7374301798590692
0.12161775797487052
0.43407448810847826
2.51004217699907
4.040868341703799
0.7078477031631938
4.872511009651482
6.857979642772324
5.184503685697677
2.4396942629185023
2.8253555604247116
0.5094520036426948
28.543317582340137
619.3359620691766
4.00217550038835
6480.837848239338
1.099990597762418
23.21870917659189
1.1756503237190403
45.22658592278891
1.3022172323742969
1.3969847683403345
1.099989588510051
0.970088133934155
1.0999059270858667
3.6312157151086164
0
0.0008803471876739086
0.0008601791658661552
0
0.009730771995901711
0.007450068323439367
0.008165940184909752
0.00911864657538414
0.007292508277587007
0.009056410329526053
0.00835160269759181
0.008851564461903398
0.007401873204356441
0.007735782244922704
0.00878929445426753
0.015270371626001904
0.008460699093247469
0.008223715657572484
0.008654015725854088
0.008482145825137908
0.004824061533358833
0.011086558172292165
0.018723976888438205
0.01174467729448927
0.007372933651987109
0.001902225612116386
0.007464134501189859
0.02312316165956213
0.07414235101771685
0.042249418743883466
0.11989649766169358
9120192407565994e-20
0.010146599671446082
0.25173022566731074
4806111174828249e-21
0.0761083287682228
0.01097356569666732
0.0012701322552712711
5486360963891367e-21
1204423808607914e-21
0.10674361222484692
0.09230114338568006
0.004149856215446557
0.04117896200464788
0.020413801693968774
0.005795706028034375
0.012162231767919408
0.0004829580843153941
0.4237344692166356
1569913001250936e-24
0.08126905584088652
0.00034195167318873594
0.009663915289291567
0.010961549027906477
0.00015706954180881298
0.00017088433497781735
0.45546090716855697
0.00039355608448979926
0.05801841267623139
0.27417378004042003
13179233893039918e-22
25861680754348534e-22
0.00014473299373101808
12571523269316261e-21
0.0005945974620938748
17003165156859437e-21
14432277471377305e-23
10044044005018579e-22
19077102788546907e-21
0.07892381613806643
0.07978450156326834
435004760409339e-19
0.00021269758052758756
0.019775902217781187
0.00818613765100241
0.09494432085763171
0.020362870424711684
27829112208765507e-21
0.14605357858455426
0.03925710883809096
5573479470066467e-22
0.32408553907753307
4458964198009707e-22
0.0037697017414101974
0.0009828982303250015
22994565953067368e-28
0.3335209031936817
0.4507190331900397
0.018236159013886793
0.31512424847604126
0.4934757012337803
0.007425456069301993
0.21088779198396657
22332184594873592e-26
46306244731491815e-22
0.0006295586814295689
9120938799271523e-20
0.13927410147856495
8645602938658509e-22
0.00011181878792034838
0.17553472107564472
0.0009294721410570858
0.01190790796211095
12200794878086819e-21
0.14720361290215345
0.10107229561861669
0.02143214843621486
31469412446582204e-21
0.0001534575199512098
12006680073945585e-23
0.013754693900352144
0.1769984642121172
833331454140527e-23
11103341842023826e-21
9106364113501095e-21
9650549401181233e-20
105864429796473e-19
0.371033922045562
0.17548586514391393
0.005165148880016085
0.0015492261048273865
0.04257271534585009
0.005896403060422048
6760563553506148e-20
0.02873680357787798
832392724569176e-19
0.000721155438997604
0.08395131443210951
9970382335156608e-22
0.47343502806114857
0.4758500384128295
0.0018293550681446474
0.0005371893280250524
5829910106234599e-24
0.0010311815402593506
10390421334762461e-24
0.010319520222165203
0.029664521230354405
0.0009042063079673278
0.00033767512678424
0.0001545582120731086
2618183427855266e-21
0.006137757458576641
0.03101422704443158
0.021653405634329864
11257175990247525e-24
0.4929353618973627
0.06940073798442851
0
0
817816067079564e-19
6661894134373035e-20
10336385726354372e-22
7596606343544374e-22
0.00019349696157510603
0.009790240777179883
0.005401747216882187
15204233751568512e-24
0.00013150506297305504
7328749710859649e-21
0.05785515210144324
0.013476799052670308
0.10514278652584687
3845636349588705e-22
0.06232999019253953
0.007711612934590732
0.0001201488861317487
0.131093532830063
0.00029645841201136983
18549559457236914e-29
8515091527715501e-20
3736161743037519e-21
0.0001247215623490121
0.016450523735568774
0.003909623430520604
0.0001635609849198325
0.00015212370572953966
3799874515986953e-24
0.0005145782274460925
0.023152378794615912
13135133625556095e-24
0.001807109532420589
0.0018020478010847172
4418809035874165e-20
0.11364245748058811
4337309124279638e-20
0.38208405703988924
0.001912053104360496
0.19962915203275838
0.0033067706503100603
0.0007010615788731455
0.0005694096440769124
4475195956636561e-20
0.4294077877704798
12102044668514515e-21
21567797917474554e-21
0.008327916022390476
0.006460016746385648
21715984935674157e-24
8723293138737394e-20
0.003059154145122556
0.14069620487733958
0.030624956343820474
0.00010011650182994823
0.023230487392011757
0.0003541675447274813
0
0.11861052125405892
0.012397918462577602
0.4029623112855297
0.3653414258945593
0.3852036485406122
0.053461456041989354
0.03007171150562376
0.48512700204900416
0.39597304363258384
0.4894363262650446
0.3580200505894739
0.23584394187042457
0.0007654245659140499
0.015833861913768236
0.15026257781443042
0.31335200216460796
0.14562830122308815
0.0002992661791649663
0.027310723562161913
0.29129900576846735
0.12042626720518587
0.17998795068358836
