0.7143847293384324
35.82956098204369
35.740407460008115
0
35.90114869890822
0.0002680707413209344
35.899281667132854
0
35.903269399028936
0
86.23454689151058
0
22.98347676156063
0
22.872582339636722
0
35.35574547024073
12.567026618087837
25.03117913881989
0.20623820875489893
310280505963738e-29
1.5427588414579574
2.1256872026012448
0.12734668316433653
0
0.12537052830001208
0.0011198413984026745
0.1651988352926892
0.0069683608487981444
1.598082321368605
1.443828650404745
0.1438253638578095
0.029047304782470904
0.3239981881971596
0.20663479004743923
0.04549819745180145
919669571202555e-21
0.12397816997314252
0.12376824537343158
0.0012337261918593044
0.0011885001054919998
0
0.27160124115770884
0
3.5644893724424316
3.4778551683068284
4.232495758634855
0
5.571597416759953
0
0.22235597206270527
0.013736955393547728
32.76644150636634
32.93970108792797
18.00753939739951
88.14172453942292
61.461986348593655
0.10566058975206588
0.002985895968629931
0.008993589468430744
18.09787636214645
32.14557417076632
0.3475875716779735
0.204976341731539
0.10941909932123264
0.6168796306719767
16.38011287215614
0
16.365570808418017
0
13.834427137686633
0.004077536846686877
0.004081042785363204
14.17204521432149
0.6913688493066937
1.2944548541183645
2.5962240760179913
0
0.00014577967612079527
0.0009317548644425054
0.06673158019838896
0.03273899332201539
0.0033152390619830517
0.0017538398658356585
0.0013721733344540402
0.0008374229513090348
1.7586090727426478
0.4585630426929333
0.059986374843795987
0.21564810870039308
0.00027528793084823317
0.05930858410302953
0.0043952970123617395
0.02528801264426423
0.08776724428166884
0.17702844726368766
0.024125199035887265
0.000379173399819689
0.03895794382642927
0.0014947761573576041
0
1.0260876132884877
0.5451158610206095
0.017183153475149034
0
0.5787664871120305
15487875943857266e-21
0.006994986216413046
0
0.0017397680354016636
0
0.12902487158793327
0.8830188705399103
0
0
0
0
0.07041007988690672
0.4349721172078162
0.032419975142916065
0.03675972043928776
0.41767808947854
0.4760814837409026
0.18186184935132205
0.0294487755511483
0.04157293554357078
0.17288593346290132
0.0013611820267892248
0.6164631337980988
9726154378951514e-22
0.0075639584383259476
0.2902920732519095
0.18289320569397088
7005108931517637e-22
0.0026230586761001153
0.19283746068661003
0.2298885686779566
0.014808018018946306
0.02228343468961131
0.3239903837191646
0.555250979704238
0.26896811679528193
0.12404616058629721
0.26250026789926506
4168370789469383e-23
0.24641400076815706
0.24647503551546832
0.488730384825206
0.582386265625744
0.008332092770027387
0.6510689992087156
0.40649871922500064
10.251714551088353
2.0476847114041314
2.7373261291517093
0.12093568089415846
0.43413569434437116
2.511340639052989
4.040585569682927
0.7051215059105396
4.875914488129659
6.860226246108127
5.181458328606714
2.4402185476220457
2.826133750649918
0.5107354955231875
28.551951946029273
619.3331033305212
4.002174049040726
6443.763134088044
1.0999904898923314
23.218705118703785
1.1755705207604816
45.22420767964655
1.302257029886826
1.396983823460383
1.0999894806146895
0.9690123033912249
1.0996269145501611
3.6414688862709323
0
0.000876611884787058
0.0008605603375552037
0
0.0097192854056755
0.0074666997737325306
0.008161413691144787
0.00907554148883456
0.007288914421781534
0.009082284500185254
0.008319865894839733
0.008883538756794103
0.007369438934674102
0.007732878171901766
0.008806943530532926
0.015322616761854667
0.008454405710821363
0.008242937155003356
0.008652313018174528
0.008505044160444966
0.004797632874424222
0.011113826853594319
0.0187234697810461
0.011771388073255734
0.007386244350517928
0.0019021962522163013
0.007463680667226742
0.023118756982252117
0.07409528791184952
0.04223450527194944
0.11976873945111394
9120185667169727e-20
0.010145759423349878
0.25108994070345225
4806110987657187e-21
0.07605865991373703
0.010972582324184372
0.0012701191714317571
5486360719986739e-21
1204423796853293e-21
0.10664345943488199
0.09222713998342723
0.004149716261536017
0.041164805989952334
0.02041037547715596
0.005795432729606544
0.01216102279210248
0.000482956193644961
0.4213730797786797
1569913001230965e-24
0.08121219094350578
0.00034195072546143815
0.009663153344657257
0.010960567816350674
0.0001570693418771984
0.0001708840983279644
0.45250627465639703
0.00039355482908746395
0.05798995177787698
0.27339417764331964
13179233752295772e-22
258616802123927e-20
0.00014473282397356642
12571521988669803e-21
0.0005945945960876604
17003162814172026e-21
14432277454499367e-23
1004404392327246e-21
1907709983950958e-20
0.07887028556204903
0.07972975976890975
4350046070709493e-20
0.00021269721388780336
0.019772688265510447
0.008185591492343065
0.09486585024437362
0.02035946140855868
27829105933143124e-21
0.14585963011924405
0.03924426173699762
5573479444895343e-22
0.3229237267840278
44589641818988834e-23
0.0037695862854575176
0.000982890396629513
22994565953066936e-28
0.33227384440568875
0.4478637577213279
0.018233429087297692
0.3140392679906559
0.4894931899624911
0.00742500693892984
0.21045766669896465
22332184594833182e-26
4630624299397047e-21
0.0006295554684043741
9120932057771914e-20
0.13909879661725938
8645602878090899e-22
0.0001118186865961265
0.1752468873525485
0.000929465136091303
0.011906749229859011
12200793671858322e-21
0.14700639571648538
0.10098292202602334
0.02142836907378982
3146940442174042e-20
0.0001534573291097332
12006680062264167e-23
0.013753145840808473
0.1767054042175683
833331454084256e-23
11103340843035486e-21
9106363441542656e-21
9650541854028792e-20
10586442071506963e-21
0.3693978403602426
0.1751982049089559
0.005164931911700181
0.001549206635443104
0.04255756910289064
0.005896120162519552
6760559849804195e-20
0.028729972739268753
8323921630927192e-20
0.0007211512227372093
0.08389050417143167
9970382254605123e-22
0.47005667692513875
0.4724077981988005
0.0018293279159925957
0.0005371869888202019
5829910105959193e-24
0.0010311729177319077
10390421333887647e-24
0.010318650983553355
0.029657237280243748
0.0009041996787750895
0.0003376742026165902
0.00015455801848399827
2618183372309553e-21
0.006137450874859343
0.031006257300592813
0.021649547217427446
11257175989220671e-24
0.48897189709496663
0.06935965477594941
0
0
817815525096355e-19
6661890537994607e-20
10336385639780399e-22
7596606296782802e-22
0.0001934966581462139
0.009789458711918109
0.005401509876387589
15204233749695335e-24
0.00013150492282900354
732874927563686e-20
0.05782685468949055
0.013475313209782397
0.10504574402487304
3845636337605136e-22
0.06229703304453058
0.007711128422275838
0.00012014876914794041
0.13093932308497794
0.0002964576997037353
18549559457236884e-29
8515085652088426e-20
3736161629927236e-21
0.00012472143629091784
0.016448305102959394
0.0039094992323749165
0.0001635607681200042
0.00015212351819131372
3799874515869952e-24
0.0005145760810522408
0.02314796288559
13135133624158059e-24
0.0018070830370259248
0.0018020214540037842
44188074536298084e-21
0.11352828474154267
433730759986331e-19
0.38031574765048126
0.0019120234401066557
0.19924807547252224
0.0033066818389326912
0.0007010575943545577
0.000569407015788778
44751943337529516e-21
0.4269512888796373
1210204348173291e-20
2156779414811296e-20
0.008327350724764296
0.006459677045959158
21715984931852877e-24
8723286972259896e-20
0.003059078149719881
0.14051707730363147
0.030617187627871047
0.00010011642060461902
0.02322604138489069
0.00035416652806880206
0
0.1184856253119818
0.01239666196468343
0.400917512206774
0.3637700637143909
0.38339634022982966
0.05343737426100367
0.030064223981197933
0.4814190166671891
0.3940250031980924
0.48559163347481465
0.35652874934829804
0.23529169656083015
0.0007654198159757695
0.01583180740891087
0.15005651469391834
0.3122817590498147
0.1454355536694378
0.0002992654532994286
0.02730456030088883
0.2904002832802457
0.12029731943595807
0.17968404455930953
