0.7190889490795331
35.817582167779996
35.72867659849662
0
35.888044901261274
0.00026808990438987056
35.88620132343972
0
35.89023388092928
0
86.02381885425356
0
22.97038594093821
0
22.867741144843993
0
35.34051436314296
12.557582788077749
25.027221758921453
0.21119560872376475
31109131534831882e-31
1.5748597781542013
2.1258772933495367
0.12758769680786033
0
0.1255293468744941
0.0011238375725292561
0.16335934054943813
0.006968022257613017
1.5802315403071578
1.4278249674204095
0.14254422145952383
0.028710915519176965
0.31978387962729043
0.2023999298971015
0.04508502680734769
8908476085680133e-22
0.12412250601136676
0.12390450190179524
0.0012717397980304287
0.001216985121193404
0
0.26746685885659593
0
3.5838534921781773
3.482828734474584
4.230826935920856
0
5.567168390268317
0
0.2277606115085048
0.014061039810482519
32.76325573961208
32.939695545814985
17.998653043629076
88.13251196781276
61.46045344116096
0.10798464889231423
0.0029997818383040047
0.008993561365041697
18.08819845104524
32.14676370862966
0.34181022689569845
0.2056414797047827
0.11242859128697248
0.6193834835352456
16.408854791007006
0
16.39205480073335
0
13.83734288009552
0.004103912623561454
0.0041086195077366106
14.160262146342108
0.7071593985833128
1.2944013099927751
2.593733151769286
0
0.00014656859366009322
0.0009542177597334003
0.0667020946430978
0.03271428739091902
0.0033287388580893833
0.0017282265660157072
0.0013489852388410461
0.0008391233603415204
1.7595615194879886
0.4573012892438137
0.06081074790754212
0.21541880921446271
0.000283249057682248
0.05930881124226867
0.004401735436157517
0.0248815614568675
0.08764955203997186
0.18120691218994753
0.02408352360609742
0.0003696086420618089
0.039287622571591886
0.0014938934465020942
0
1.0244904360098253
0.544153696962077
0.01728465970822832
0
0.5732472595862431
1578074621141958e-20
0.007152166990427061
0
0.001736842814365754
0
0.12899377772523365
0.8808772780280045
0
0
0
0
0.06986531264669636
0.43402740169291215
0.03204442504331684
0.03632063161890007
0.41742010553900705
0.47362549968529216
0.1819750719938915
0.03023075662211729
0.04152473746854008
0.17279134732258475
0.0013445615110601824
0.6091734573018088
9725405258323108e-22
0.0075403762482512075
0.28938566163614465
0.1808255149876292
6294992713677353e-22
0.0026193905552668022
0.19084632786575575
0.22978123789760024
0.014839701409936774
0.022346350160746
0.32189457585679665
0.5509796342981484
0.26897235231751676
0.12438296169209327
0.2621275195276435
374345565302862e-22
0.24549340438113013
0.24555347140667397
0.4885061736329535
0.5821363427220455
0.008232376370646308
0.6616587310915635
0.40762219700701974
10.253206844207606
2.0480563268948484
2.737283089221573
0.12054436393481226
0.43419195804205674
2.512104951495766
4.0404633469880755
0.7035537387048403
4.878029774346952
6.861805804970617
5.179666684619748
2.4405176542045255
2.8266821450999142
0.5114966112095728
28.558117873011906
619.3314437021209
4.002173206464288
6422.336874225807
1.0999904272685943
23.218702762906076
1.175524193813285
45.22282705318515
1.3022799759381694
1.39698327446264
1.0999894179762788
0.9683866541852887
1.0994649669071237
3.6485811409969835
0
0.000874503540201709
0.000860742577251748
0
0.009712184277309572
0.007476423353657019
0.008158950389890408
0.009050758114548484
0.007286936497170348
0.009097331306190537
0.008301658328121199
0.008902295121397527
0.007350847307016092
0.007731359884045622
0.008817366975136128
0.015353317403290294
0.008450881651296155
0.008254268350989014
0.008651473889951453
0.008518516407413565
0.004782624234487697
0.011129878950798712
0.018723647881255745
0.011787142932699623
0.007394125413811551
0.0019021792075986277
0.007463417207575185
0.02311620024145721
0.07406797923620399
0.04222584970385417
0.11969463216938935
9120181754049748e-20
0.010145271651085008
0.2507189721212584
4806110878995442e-21
0.07602983964199346
0.010972011469877476
0.001270111575699269
5486360578388448e-21
1204423790029173e-21
0.10658535907022933
0.09218420469515938
0.0041496350137658
0.04115658997944513
0.020408386658337024
0.005795274072716601
0.012160320978981554
0.0004829550960237851
0.420008222533981
15699130012193713e-25
0.08117919640875915
0.0003419501752616398
0.009662711026933755
0.010959998216431921
0.00015706922580745498
0.00017088396094156185
0.45079977092482054
0.00039355410026822987
0.057973435271631776
0.27294259862223447
13179233670587069e-22
25861679897761436e-22
0.00014473272542134166
12571521245193369e-21
0.0005945929322403788
1700316145413013e-20
14432277444700919e-23
10044043875814932e-22
19077098127452643e-21
0.07883922516273
0.07969799677393241
43500451805070834e-21
0.00021269700103617099
0.019770822652216
0.00818527443784944
0.09482032406050629
0.020357482573555928
27829102289844967e-21
0.14574715194672075
0.03923680530962372
5573479430282302e-22
0.3222511510208699
44589641725457804e-23
0.0037695192593798486
0.000982885848823429
22994565953066693e-28
0.3315520075563379
0.4462144397971925
0.018231844421902493
0.31341109964554836
0.4871959141168244
0.007424746209741223
0.2102083610124383
22332184594809719e-26
4630624198525629e-21
0.00062955360309717
9120928144011394e-20
0.13899712501805897
8645602842928505e-22
0.00011181862777261393
0.17508000270470528
0.000929461069398008
0.01190607658212361
1220079297158507e-20
0.1468920229582247
0.10093107264525616
0.021426175278998004
31469399762937075e-21
0.00015345721831724158
12006680055482545e-23
0.013752247198173702
0.17653549154973275
8333314540515879e-24
11103340263075037e-21
9106363051438681e-21
9650537472548708e-20
10586441544288118e-21
0.3684513286492135
0.1750314207784676
0.005164805955401879
0.00154919533264703
0.04254877845715473
0.005895955932990116
6760557699629084e-20
0.028726007855872742
8323918371289679e-20
0.0007211487750077971
0.08385522111892409
997038220784114e-21
0.4681064538950698
0.47042084903389875
0.0018293121530551903
0.0005371856308046315
5829910105799308e-24
0.0010311679119755976
10390421333379773e-24
0.01031814638257665
0.029653009419579934
0.0009041958302343784
0.0003376736660942492
0.00015455790609637628
2618183340062611e-21
0.006137272895380903
0.03100163142292769
0.02164730753740153
11257175988624532e-24
0.4866855537364534
0.06933581516817149
0
0
8178152104493571e-20
6661888450125893e-20
1033638558952007e-21
7596606269635476e-22
0.00019349648199145467
0.009789004714308698
0.0054013720936685865
15204233748607864e-24
0.00013150484146875045
7328749022969237e-21
0.0578104330394032
0.01347445068211287
0.1049894473114192
38456363306481014e-23
0.062277907840142206
0.007710847153680842
0.00012014870123329943
0.13084988019530816
0.00029645728617588613
18549559457236869e-29
8515082241007878e-20
3736161564261311e-21
0.0001247213631082262
0.01644701721794817
0.003909427131224075
0.0001635606422574714
0.0001521234093165142
3799874515802028e-24
0.0005145748349721069
0.023145399625724542
13135133623346431e-24
0.0018070676553609108
0.0018020061584404874
44188065350615786e-21
0.11346205464172186
4337306714867002e-20
0.3792929166302789
0.0019120062188003194
0.19902717614676302
0.0033066302807767496
0.0007010552811614237
0.000569405489947434
4475193391591703e-20
0.4255316263200905
12102042792749508e-21
2156779195981866e-20
0.00832702256007277
0.00645947984181741
21715984929634438e-24
8723283392326914e-20
0.0030590340316217386
0.14041318983282003
0.03061267842104964
0.0001001163734494626
0.023223460655610727
0.00035416593785117534
0
0.11841317759346572
0.012395932566012471
0.3997351724706259
0.3628609154840635
0.3823510042710624
0.05342339861302348
0.03005987797068073
0.479279370602516
0.39289847252105276
0.48337347692626875
0.3556658293087574
0.23497168522591927
0.0007654170584230459
0.01583061479293049
0.14993701487414066
0.3116621096173417
0.14532377156530973
0.000299265031900591
0.027300982871221072
0.28987980458019597
0.120222522447355
0.17950784800544997
