0.7264941922866017
35.7987292706036
35.70997355440103
0
35.867079551902826
0.0002681184009369242
35.865288927439266
0
35.869416696848305
0
85.51257235899344
0
22.94529006290706
0
22.858193894164607
0
35.31659785346262
12.543488763014851
25.021520455968464
0.22244674980710824
31236552834549394e-31
1.6498796747514735
2.1264032136589535
0.12801000219537384
0
0.12579387980151477
0.0011307519993747812
0.16045409725638365
0.006967476358925574
1.5520255413669397
1.4025458684708152
0.14044123851973186
0.028184113407096898
0.31315140625810145
0.19484023927533844
0.04442994998200239
8311568375230298e-22
0.12436146215396486
0.12412979415507483
0.0013549363991297268
0.0012761251209392312
0
0.26112790297160493
0
3.6354252685461135
3.499105782034225
4.228220037063921
0
5.56021828230594
0
0.24004916089583025
0.014798303646374437
32.758240314532244
32.939685501478756
17.98455355464536
88.11692038470761
61.458002671879
0.11339306234641115
0.0030247714488325114
0.008993764499311652
18.07221857862688
32.150690789033206
0.332812335416542
0.2069336198703733
0.11906921807394005
0.6235900339738623
16.473325969667332
0
16.450850702574524
0
13.842104693190077
0.004150499569172508
0.004158039331959757
14.140725992824295
0.7428610341713144
1.2942906461864145
2.589816822415978
0
0.00014799224669176242
0.0010050687914361846
0.06666147274351764
0.032674109936185615
0.003354087603921894
0.001674692942501048
0.0013018254313552084
0.0008420692588542744
1.7611973926934898
0.4553305170129836
0.06299446985154523
0.21504603333080707
0.0003006342582504628
0.05941161683982517
0.004422793963610569
0.024239457443212816
0.08746549679145998
0.19069516573963
0.024019790825686543
0.0003547478960721173
0.04031932074009692
0.001492361803365942
0
1.021974716162395
0.542682194059339
0.0174661635013592
0
0.5647092701931703
16481571835837454e-21
0.007511176493756917
0
0.0017314403152336216
0
0.12894478438118878
0.8775102067209682
0
0
0
0
0.0690088592176508
0.4325541591590007
0.031441634375727334
0.035641013476995394
0.4170110541522525
0.46982891528402065
0.1821480482957494
0.031967422968713785
0.04145139993289024
0.17273973985997773
0.001318782110552153
0.5978561521037264
9724150579634217e-22
0.00750419280580917
0.28800768160889995
0.17757399691409226
5318504782220753e-22
0.002613741951018867
0.18774441053410437
0.22960816402242204
0.014891218924227359
0.022447813472040588
0.3185916023514154
0.5443344105247164
0.26896474742697096
0.12492340172562777
0.26157095599037
3159857325317946e-23
0.24407864874866622
0.24413676187603772
0.48814163928230353
0.5817426175678793
0.008057152029787455
0.6866059168422517
0.40943622934487073
10.256683677441485
2.0486494502531394
2.737244719817507
0.1199356100080062
0.43432282940004163
2.5133257145060037
4.0403418991481415
0.7011095041793682
4.881673449317148
6.864892119553999
5.176939029090159
2.4409822577268487
2.8277631294878223
0.512730194931502
28.57030742042349
619.328831173322
4.0021718801058075
6388.752547946152
1.0999903286881714
23.218699054479668
1.1754512710058056
45.220653797349854
1.3023159865150291
1.3969824095965215
1.0999893193727568
0.9674002434603007
1.0992100820515234
3.6622163692088114
0
0.000871296095768621
0.0008609740704443792
0
0.009700403169433195
0.007492090448020431
0.008155597249114258
0.009012399121682876
0.007284225412520846
0.009121263960997836
0.00827359770502277
0.00893238468046266
0.007322172877223054
0.007729500313316542
0.008834340442909615
0.01540272803373927
0.00844581909655356
0.008272642024612399
0.008650668005089695
0.008540277377183438
0.004759743868161541
0.011155851329711653
0.018725284390737857
0.011812733976415005
0.007407015056624533
0.0019021523767764061
0.007463002496047108
0.023112176068794645
0.07402501111990026
0.04221222795914782
0.11957806757785545
9120175594135726e-20
0.010144503861963274
0.2501361145293037
48061107079433495e-22
0.07598449374949263
0.010971112908129212
0.0012700996188144823
5486360355488624e-21
12044237792868465e-22
0.10649396332568278
0.09211665773163483
0.004149507119158436
0.041143659901656485
0.020405256311369326
0.005795024328545739
0.012159216287638882
0.0004829533681861355
0.4178686562660283
15699130012011204e-25
0.08112728454804431
0.0003419493091552278
0.009662014784511775
0.010959101629105789
0.00015706904309408084
0.0001708837446721851
0.4481264730822221
0.00039355295298534014
0.05794744500788961
0.27223324709485264
1317923354196365e-21
2586167940247824e-21
0.00014473257028348809
12571520074834908e-21
0.0005945903130707647
17003159313192744e-21
14432277429276494e-23
100440438011087e-20
1907709543238369e-20
0.07879035558471849
0.0796480220450955
435004377917722e-19
0.00021269666597187531
0.019767886215733815
0.008184775364949543
0.09474870235406603
0.0203543679398555
27829096554674027e-21
0.14557026785314026
0.0392250704930901
5573479407278888e-22
0.3211952392590639
44589641578224023e-23
0.003769413751330757
0.0009828786898445966
22994565953066306e-28
0.3304188892474028
0.4436304298965303
0.01822935016766749
0.3124248005077653
0.48360143530424643
0.007424335796134513
0.20981650961309373
22332184594772785e-26
4630624039736839e-21
0.0006295506667970849
9120921983089052e-20
0.13883722714951413
8645602787576907e-22
0.00011181853517444761
0.17481761977187218
0.0009294546677660759
0.011905017796997113
12200791869235763e-21
0.14671216101566484
0.10084950682082927
0.021422722327340386
314693924291884e-19
0.000153457043911149
1200668004480712e-22
0.013750832700555137
0.17626835103099522
8333314540001629e-24
11103339350118559e-21
9106362437348609e-21
965053057535673e-19
10586440714355902e-21
0.3669662693638816
0.17476919577874864
0.005164607684955943
0.0015491775402877276
0.04253494416213805
0.005895697417003452
6760554314888575e-20
0.02871976756260984
8323913240067561e-20
0.0007211449218815799
0.08379970964780614
997038213422666e-21
0.4650528513278114
0.4673099712285293
0.0018292873397817914
0.00053718349306375
5829910105547621e-24
0.0010311600321117002
10390421332580294e-24
0.01031735210467886
0.029646355267823797
0.0009041897720089126
0.00033767282151841836
0.00015455772917928034
26181832893004325e-22
0.006136992735821174
0.030994350901745633
0.0216437823689581
11257175987686109e-24
0.48310810041087016
0.0692983041651216
0
0
8178147151416293e-20
6661885163466207e-20
10336385510401753e-22
759660622690096e-21
0.00019349620469418167
0.009788290087394123
0.005401155207319286
15204233746896e-21
0.00013150471339395484
7328748625227375e-21
0.05778459201282973
0.013473093028491225
0.10490088781728514
3845636319696544e-22
0.06224781340595474
0.007710404409786423
0.00012014859432416345
0.13070920562331867
0.00029645663521377823
18549559457236843e-29
851507687138881e-19
37361614608919616e-22
0.00012472124790629044
0.016444990071865385
0.0039093136344248115
0.00016356044412860107
0.00015212323792919145
3799874515695104e-24
0.0005145728734358279
0.023141365193133045
13135133622068793e-24
0.0018070434422652773
0.001801982080881398
4418805089079099e-20
0.11335787545667005
43373053217324244e-21
0.3776883769311172
0.0019119791098448694
0.19867993907034914
0.0033065491210854583
0.000701051639816857
0.0005694030880215253
4475191908469808e-20
0.42330639378238294
12102041708172347e-21
21567788515071117e-21
0.00832650599914938
0.006459169421103492
21715984926142243e-24
8723277756905558e-20
0.0030589645835091615
0.14024980885187496
0.030605581506891476
0.0001001162992192588
0.023219398729090606
0.00035416500875008386
0
0.11829922228471823
0.0123947844552078
0.39788102894895894
0.3614343627401729
0.3807112390035388
0.053401405967625624
0.03005303788266465
0.4759304540707096
0.39113164337849887
0.4799022319215668
0.35431167582208944
0.2344688144697321
0.0007654127175854553
0.015828737594244493
0.14974909458641092
0.31068916608749136
0.1451479815400469
0.0002992643685482402
0.027295352337162702
0.2890623718240876
0.12010487346099413
0.17923083461145836
