0.7508325270864165
35.74714207282776
35.64987215323118
0
35.78655460170022
0.00026814357846002124
35.78548395486618
0
35.791138652975654
0
77.65199489495349
0
22.760088786187467
0
22.791353453885154
0
35.2368553812883
12.515467798683716
25.01438679302782
0.37945004367065255
3161031055823438e-30
2.718826740796777
2.133026501959334
0.13053396888122154
0
0.12690522109268457
0.001168233666990584
0.15051041157429795
0.0069654266586852975
1.4551674187706383
1.3159925639567924
0.12187389026085024
0.02502383388557564
0.2905733016719369
0.14873353507024178
0.03985986055361154
41119512751011996e-23
0.12530660683480158
0.12499762628931059
0.002485041149875366
0.0019396534456722642
0
0.24337279030213424
0
4.275825282426445
3.757886752590718
4.220347657509198
0
5.537634367292204
0
0.41226772528757194
0.025108529845526695
32.74172113671701
32.93960418147457
17.93508809389499
88.03562152129655
61.448526512407064
0.19160212862181428
0.0031789283735171106
0.009003469295948797
17.991396301948697
32.21083522913522
0.3041241167109282
0.2191564438790803
0.2075707766280852
0.6446563522757633
17.304029074456274
0
17.18065249719934
0
13.85942729667765
0.0044626380028795825
0.004485267333499026
14.040114311779217
1.2183092693870372
1.293225553420115
2.5769857334754764
0
0.00015853319758434587
0.0017111648924903926
0.06665884891701862
0.032541274498038744
0.0035690157386766316
0.0011993173548723764
0.0009112586446699634
0.000858687000591761
1.769913601699634
0.44921575719303364
0.09944605908450685
0.21351580200882525
0.0005260661455333067
0.062148276880333565
0.004757235616775703
0.02173633379359851
0.0868518038348041
0.3214437493746682
0.023847386092759073
0.0003024419493428559
0.059056657272683645
0.0014836635425235722
0
1.0136886019160367
0.5388495217539949
0.018749517666621036
0
0.5384477364076516
26753800643342667e-21
0.012431403298021337
0
0.0016956671029178976
0
0.12878329503559321
0.86648967870781
0
0
0
0
0.06264050867154948
0.4278634913868809
0.028864911969848264
0.03340397958603366
0.4156419097144412
0.45823573800474815
0.18264555640630073
0.05523303734185343
0.041300483940943856
0.17513151626169748
0.0012375264407119373
0.5621095062965089
9719392192148764e-22
0.007403280896083572
0.2846884086926526
0.16670350391410413
3048817401128603e-22
0.002599887565929707
0.17782099741840504
0.2290047965058978
0.01510407865918926
0.022827855317491423
0.3076595931003065
0.5231324188731863
0.268820300702548
0.12691606886137072
0.26035411718143164
180880536455078e-22
0.240084427143942
0.24012250124582946
0.4868754948681397
0.580445407389123
0.007010599722234067
1.0251297070545384
0.4163968525726725
10.292491253964053
2.0507080085306892
2.737514037645542
0.11800905223087035
0.43566703848469873
2.517572664040118
4.040897553770104
0.6933332312691349
4.901625467812564
6.889600134570427
5.174696291397518
2.4425116878523174
2.8368866038986207
0.5176449793452786
28.6715823070782
619.3202448212031
4.002167520852107
6279.605326480817
1.099990004690322
23.218686866238166
1.175211632186942
45.21351183336682
1.3024388601777677
1.3969795618025296
1.099988995298984
0.9641461278181209
1.0983727845894655
3.7637238408444538
0
0.0008627437723291662
0.000861318874381554
0
0.009657485391342951
0.007559631639167763
0.008163011393625208
0.008906557285851546
0.007290801276598159
0.009212698141741004
0.008200291851203969
0.009049919584559404
0.0072448255813124685
0.0077419513369249935
0.008910089755642598
0.015601179690886367
0.00844785498781674
0.008351697095467247
0.00866702901039528
0.008630992190005035
0.004703420249548237
0.011266043698462869
0.018774686129288426
0.011924680546059172
0.007466304576717333
0.001902064196311024
0.007461639652760471
0.02309895501449234
0.07388396609842422
0.04216748919716675
0.11919576131041279
912015534877328e-19
0.01014198082831386
0.24823000220509414
4806110145757521e-21
0.07583564876067156
0.010968160181585246
0.001270060321686056
5486359622898225e-21
12044237439807366e-22
0.1061941305393393
0.0918950039453308
0.004149086803975293
0.0411011920583204
0.020394971383993647
0.005794203586314172
0.012155586276795458
0.0004829476894572184
0.4109131614266044
15699130011411355e-25
0.08095690291683412
0.0003419464625946485
0.009659726842865016
0.010956155390057851
0.00015706844258332641
0.000170883033875514
0.4394514870727326
0.0003935491823082898
0.05786210653651059
0.2699148279489542
13179233119225371e-22
25861677774662995e-22
0.00014473206040309115
12571516228294074e-21
0.0005945817048963487
1700315227671394e-20
14432277378582003e-23
1004404355557655e-21
19077086574677227e-21
0.07862995238610476
0.07948399396984215
43500391735200024e-21
0.0002126955647414031
0.019758238291399024
0.00818313530861197
0.09451368878435215
0.020344134630766855
27829077705266264e-21
0.14499042514534558
0.03918652714626622
5573479331675051e-22
0.3177491538619289
4458964109432028e-22
0.003769067005639355
0.0009828551612583306
2299456595306503e-27
0.32672195100033696
0.43524267720342685
0.018221154866788297
0.30920500698400905
0.47197345844381866
0.007422987076029584
0.20853377514777152
2233218459465139e-25
4630623517856011e-21
0.0006295410163456221
9120901734412626e-20
0.13831299575080278
8645602605656389e-22
0.00011181823083857228
0.1739580295171967
0.000929433628246254
0.011901538619489203
12200788246216163e-21
0.1461225703136927
0.1005818937383828
0.021411377653447673
31469368325842116e-21
0.0001534564707032996
12006680009720884e-23
0.013746184787335582
0.17539320189384144
8333314538311471e-24
11103336349563971e-21
91063604190587e-19
9650507906835826e-20
10586437986671725e-21
0.36212745587623446
0.1739101220309347
0.005163956095895851
0.0015491190647284473
0.04248950755576209
0.005894847849043044
6760543190492385e-20
0.02869926754133465
8323896375633355e-20
0.0007211322582054053
0.08361752241373245
9970381892282708e-22
0.4551563963182674
0.4572298374399702
0.0018292057899688475
0.0005371764671487245
58299101047204114e-25
0.0010311341342958903
10390421329952706e-24
0.010314742033468334
0.02962449601353166
0.0009041698611162988
0.0003376700457204376
0.00015455714771870857
26181831224636656e-22
0.006136072043568276
0.030970434524832637
0.02163220046874192
11257175984601867e-24
0.47153452130316187
0.06917516206849496
0
0
8178130872478086e-20
666187436142541e-19
10336385250368682e-22
7596606086448182e-22
0.00019349529332193487
0.009785941736727411
0.005400442442302084
15204233741269737e-24
0.00013150429245967075
7328747317995028e-21
0.05769974331883025
0.013468631879521095
0.10461035092104357
3845636283702769e-22
0.06214900637576562
0.007708949451079888
0.00012014824295347795
0.1302479240751403
0.00029645449574871056
18549559457236775e-29
851505922343231e-19
37361611211546125e-22
0.00012472086928027454
0.016438329341567
0.003908940635031909
0.000163559792952924
0.000152122674642902
3799874515343681e-24
0.0005145664266338401
0.023128110437119535
13135133617869663e-24
0.0018069638649323332
0.0018019029489884987
4418800336665162e-20
0.1130161498115259
43373007430100954e-21
0.37246250093219235
0.0019118900152985305
0.19754295925836254
0.0033062823927995687
0.0007010396721779694
0.0005693951938380718
44751870339922825e-21
0.41607450987967787
12102038143563292e-21
21567777193445626e-21
0.00832480847742975
0.0064581492864638525
21715984914664686e-24
8723259235355627e-20
0.0030587363439870514
0.13971417310389417
0.030582268125022516
0.00010011605525202765
0.02320605366141734
0.00035416195515067456
0
0.11792546467687494
0.012391011782567069
0.39184750449068795
0.35678519264882663
0.3753713047310435
0.05332918791635587
0.030030567969177756
0.46508774861211394
0.3853804974436624
0.4686681566178855
0.34989728052648755
0.23282363041429371
0.0007653984510081849
0.015822569494418123
0.14913312663898765
0.30751280037773
0.14457172035603347
0.0002992621883612496
0.027276855003175973
0.28639197117370085
0.11971901454219067
0.17832340034689287
