0.7576290050926844
35.74325634044597
35.63640647311834
0
35.76514717663565
0.0002681730052453399
35.76320307856761
0
35.76755602066227
0
74.45185902602168
0
22.633091179225893
0
22.748711646132843
0
35.21350276141046
12.521673356090725
25.026556294534736
0.4994682985354907
31768547165416617e-31
3.491147425521065
2.1383035151793583
0.1321094446064009
0
0.12737631402707544
0.0011897358617570858
0.14743987591132782
0.006964743923145446
1.4251513318537816
1.2892556638588382
0.1152341871083922
0.02345596612514931
0.28363224920680163
0.13696643991405066
0.03739673563700876
29725988024513694e-23
0.1256621354879515
0.12530313100992016
0.0034152674822993537
0.0025314660972901087
0
0.2403859917226739
0
4.363800472509425
3.8978418477323373
4.2186234362414385
0
5.53146089478402
0
0.5424425720740632
0.03293978801007177
32.737081430540265
32.93954798846583
17.91863428746206
87.99148884041333
61.445265716591805
0.25030203753618996
0.0032787422080170184
0.009012450508115435
17.950330158469654
32.26195492500441
0.29637360822268244
0.22819927240327345
0.2741178083279249
0.6561837231987783
17.96917433594647
0
17.79082493592906
0
13.868250748612517
0.004661583359256406
0.005774035571713094
13.987108941392728
1.5499573187061786
1.2925962820414936
2.5734130617719795
0
0.0001656342914323005
0.0022480882665243678
0.06675140783739339
0.03251116358072372
0.0037222257191332673
0.0009538894778708785
0.000718046509847578
0.0008685773482450757
1.774795413487762
0.4477823085617738
0.12577784034735343
0.21285365221790647
0.0006957629984158543
0.06369525141418148
0.004944458488446605
0.020677332688219932
0.08665955423515755
0.41719350592881677
0.023823736888135445
0.0002836376801364209
0.07088252777643973
0.0014784213330680375
0
1.0113676975175674
0.5385058531770811
0.01959166925194805
0
0.5320014248483478
3411536350960455e-20
0.015947601336956708
0
0.0016727601277636442
0
0.12873803753688792
0.8634296534808648
0
0
0
0
0.059131990834623165
0.42661735363493
0.02764024369164279
0.03270128829292203
0.41525292226931254
0.45544660458334296
0.18274525953217866
0.07257363099490266
0.0413506586262349
0.17780133683879007
0.0012159026303851447
0.552584470914519
9717894150759284e-22
0.007390755684410622
0.28470658811579963
0.16351770158222856
2608698283672887e-22
0.0025992866594146576
0.17512120134821194
0.22882710810511792
0.015196469140518346
0.022965020212966484
0.3045540104646214
0.5173711412259866
0.26874828543869156
0.12762290028962545
0.2604315364176937
15488205001507324e-24
0.23940278032329274
0.23942767258010822
0.4865250598763122
0.5800822244657778
0.006394396669758906
1.2154796260908463
0.419024827288649
10.319584073188784
2.0513422302045288
2.7378034245147145
0.11749996843481271
0.4366827085932128
2.5188855100865166
4.041569978921765
0.6912694634899642
4.913098743719353
6.907128692864051
5.180030895185304
2.442976803032278
2.843550631107908
0.5196463293031998
28.74407913275893
619.3178471043373
4.002166303531716
6249.460415048038
1.099989914213966
23.218683462673862
1.1751447217930222
45.2115176419882
1.3024774401150725
1.3969787651975831
1.0999889048014257
0.9632343794040741
1.098139083261921
3.8354054945106113
0
0.0008616283775137063
0.0008613327733162609
0
0.00964490609974475
0.00759213930577947
0.008180036100768836
0.008892845615355617
0.0073054468366077294
0.009249346952725522
0.008194725696212312
0.009097709002006892
0.007236184846662884
0.007760492622827254
0.008947503121612905
0.01568563456238449
0.008463831643005989
0.008388933384585613
0.008687175492310763
0.008671908299450455
0.004701960385571195
0.011317040147287601
0.018823569627653705
0.011978537623735156
0.007496618119247289
0.0019020395726534317
0.007461259123338421
0.023095264387201574
0.07384462731125732
0.04215500437300429
0.11908922080246742
9120149695265497e-20
0.010141276383461347
0.24770031967211842
4806109988767187e-21
0.07579413591313659
0.010967335774891116
0.0012700493481833232
5486359418322434e-21
12044237341215088e-22
0.10611055314310958
0.09183320246311728
0.004148969438599419
0.041089340748012244
0.020392100244907136
0.005793974414876067
0.012154572790143448
0.00048294610368455844
0.40899160260161793
15699130011243845e-25
0.08090938780666038
0.00034194566769707154
0.009659088032122393
0.010955332794528259
0.00015706827489115734
0.0001708828353861297
0.4370591340687515
0.00039354812935348416
0.05783829823109613
0.26927094347450853
13179233001175736e-22
25861677320095746e-22
0.00014473191801935278
1257151515414807e-20
0.0005945793010866057
17003150311778333e-21
14432277364425568e-23
1004404348701172e-21
1907708410116416e-20
0.07858521816178034
0.07943824950955745
4350037887391471e-20
0.000212695257223902
0.019755544950472777
0.008182677381715197
0.09444816544556263
0.020341277899102558
27829072441572964e-21
0.14482891705209722
0.039175770686187696
5573479310562688e-22
0.31679345581182483
44589640959190206e-23
0.0037689701826307295
0.0009828485910031398
22994565953064666e-28
0.32569698944151615
0.43292885387860885
0.018218866987835352
0.3083118215647542
0.4687765772860835
0.0074226104898150215
0.2081769744390481
2233218459461749e-25
46306233721208435e-22
0.000629538321484262
9120896079979417e-20
0.13816695805305731
8645602554855102e-22
0.00011181814585295191
0.1737187448490484
0.0009294277530471286
0.011900567241077617
12200787234488427e-21
0.14595835077533553
0.10050728972882272
0.021408210727395134
3146936159498793e-20
0.00015345631063543684
12006679999923058e-23
0.013744887138582703
0.17514959357957413
833331453783949e-23
11103335511659493e-21
9106359855451488e-21
9650501576662729e-20
10586437224966266e-21
0.3607876503770426
0.17367098089810834
0.00516377415438792
0.0015491027358275396
0.042476828058672846
0.005894610629126715
6760540084008927e-20
0.028693545526157542
832389166624758e-19
0.0007211287219145878
0.08356671742809482
9970381824719877e-22
0.45243062240848253
0.45445400108749123
0.001829183017839601
0.0005371745051789407
5829910104489411e-24
0.0010311269024491166
1039042132921895e-23
0.010314013289241322
0.029618394697906968
0.0009041643010794761
0.0003376692705831538
0.00015455698534628205
2618183075874514e-21
0.006135814965003982
0.030963759175442803
0.021628967331187417
11257175983740596e-24
0.4683524115841972
0.0691408137496561
0
0
8178126326591708e-20
6661871344959526e-20
1033638517775447e-21
7596606047226759e-22
0.00019349503882207605
0.009785286060633542
0.005400243419530331
15204233739698596e-24
0.00013150417491404693
7328746952950543e-21
0.057676071589230146
0.013467386367898718
0.10452936234039847
3845636273651508e-22
0.0621214425450133
0.0077085432030211875
0.00012014814483342625
0.13011940225391921
0.00029645389830602285
18549559457236752e-29
8515054295248429e-20
3736161026282992e-21
0.00012472076354919578
0.016436469815090244
0.003908836481338768
0.00016355961111263242
0.0001521225173456242
37998745152455465e-25
0.0005145646263793376
0.023124410403812735
1313513361669705e-23
0.0018069416435945447
0.001801880852034557
44187990095548715e-21
0.11292090708817765
4337299464403121e-20
0.37101613393317695
0.001911865136395291
0.19722662151121526
0.003306207912790679
0.0007010363302522781
0.0005693929894075352
44751856727957795e-21
0.41407716632102004
12102037148146691e-21
21567774031883695e-21
0.008324334506445055
0.0064578644427278386
21715984911459572e-24
8723254063221346e-20
0.0030586726111609523
0.13956496258965306
0.030575761037584134
0.00010011598712430446
0.023202328422511728
0.0003541611024379913
0
0.11782130397516885
0.012389958469160781
0.39017904528884656
0.3554976271625201
0.37389355198135715
0.053309038481555174
0.030024296248980984
0.4621042893906094
0.38378964853687064
0.46557828101417037
0.34867441427216644
0.23236627826253
0.0007653944671151435
0.01582084748239919
0.14896157064204169
0.30663161516106824
0.14441120850288114
0.0002992615795470475
0.027271691863503367
0.28565067818652673
0.11961148506076259
0.17807082101155186
