0.7580884571853109
35.74327422814478
35.63562049584974
0
35.7640170505629
0.0002681781894175258
35.76199798307317
0
35.7662071501401
0
74.30705555133814
0
22.622537658453012
0
22.745158921235312
0
35.21188881534017
12.522436207599783
25.02786749823308
0.5082692037650998
31783766337691313e-31
3.546100385044987
2.138746245858453
0.13223792889391
0
0.1274130643682174
0.0011914765190705148
0.14722609682561288
0.0069646970259064234
1.4230626592782625
1.2873939939996837
0.11497186006406739
0.023366584609039696
0.2831507994599662
0.13648699159123892
0.03725470208820245
2915818332816183e-22
0.12568896412612557
0.12532560249567887
0.0034865238370179324
0.0025815120317238117
0
0.24022957536888392
0
4.360160234795241
3.905909378945981
4.218512581909602
0
5.531046965673197
0
0.5519368732921266
0.03351129714940398
32.7367674577667
32.93954377981435
17.917449822207242
87.98808114359417
61.44504901155986
0.2545535637593844
0.003287188593180585
0.0090131345390165
17.947403754694964
32.266273582872714
0.29585386104610345
0.22889401236768991
0.27898242475607216
0.6571075101879048
18.020411592561427
0
17.839487189176207
0
13.86909515185521
0.004676706965461347
0.004612294241229763
13.983234055165719
1.5732887493414522
1.2925538313498188
2.573171696994587
0
0.00016617758335798634
0.0022873242724393682
0.06676002014403684
0.03250934948896613
0.0037339971507173633
0.0009383393580703755
0.0007059346812338889
0.0008693770868720385
1.7751874840582669
0.4476927375851438
0.1276217065459643
0.21280284370949193
0.000708276443490943
0.06378571052816544
0.004955720440588054
0.02059772073734651
0.08664590313448797
0.4240672694315538
0.02382273564626537
0.00028227665536664553
0.07163059108011416
0.0014779948444019705
0
1.0112106988920802
0.538500214966641
0.019655832112070594
0
0.5315861894707432
34635512878966e-18
0.01619729130733961
0
0.0016708845556986992
0
0.12873497530811506
0.8632230931461574
0
0
0
0
0.05893539477798
0.42653465793174666
0.02754611090626651
0.032650793861626594
0.4152265217428181
0.4552681152499746
0.18275107027842724
0.07383492109711456
0.04135733084486106
0.17803354926659504
0.001214460719538389
0.5519492622069792
9717790279736646e-22
0.0073904739730419975
0.2847322413642097
0.16330002421637124
25813317839285656e-23
0.002599285412109399
0.17493977063491564
0.22881495444971797
0.015203567609556077
0.022975076037261146
0.30434279180486123
0.5169839290817758
0.2687429322029755
0.12767446866913562
0.26044712145053606
15326913401882744e-24
0.23936733721759212
0.23939133776768623
0.48650176249957716
0.5800576590200296
0.006346127194226465
1.2263598396051278
0.41921854100910283
10.32184459409968
2.051386767724703
2.737828970733608
0.11746621920275388
0.4367674183157883
2.518977805940266
4.041629889501416
0.6911325548573295
4.914018816095009
6.90857451522262
5.180544780067678
2.4430096432288435
2.844099969623542
0.5197975689913729
28.749993453758233
619.317685015421
4.002166221239047
6247.427803626377
1.099989908097629
23.21868323258784
1.1751401986876502
45.21138283483821
1.3024801365245358
1.3969787113252985
1.0999888986836561
0.9631726995427236
1.0981232864961337
3.8414652782695535
0
0.0008615845091414379
0.000861333099641128
0
0.009644058813913796
0.007594689018447617
0.008181568007600507
0.008892316165967647
0.0073067646992130255
0.009252109418018878
0.008194725055776932
0.009101323149508352
0.007235924481081062
0.007762130686398581
0.008950448277331186
0.01569208679619292
0.008465304911877646
0.00839183834519264
0.008688934826239374
0.008675072994639706
0.004702228737003222
0.011321005063021056
0.018827767900880452
0.01198275392401015
0.00749901914899569
0.0019020379080688017
0.007461233399679855
0.02309501491654877
0.07384196870628582
0.04215416051359388
0.11908202194191864
9120149313080028e-20
0.010141228763699934
0.24766455315276892
4806109978154406e-21
0.07579133040263214
0.010967280045999958
0.0012700486063615243
5486359404492804e-21
120442373345501e-20
0.1061049055601555
0.09182902609049799
0.0041489615046440284
0.04108853970501061
0.02039190616619077
0.005793958922870702
0.012154504279977173
0.00048294599648413943
0.40886202707896363
15699130011232523e-25
0.08090617672057149
0.0003419456139608715
0.009659044849083902
0.010955277188067164
0.000157068263554922
0.00017088282196795837
0.4368978781951829
0.0003935480581722639
0.05783668910754369
0.2692274713882218
13179232993195405e-22
2586167728936632e-21
0.00014473190839400386
12571515081534195e-21
0.0005945791385858173
17003150178945753e-21
14432277363468574e-23
10044043482376632e-22
1907708393395098e-20
0.07858219497976823
0.07943515806571876
435003780044727e-19
0.00021269523643527438
0.019755362889841383
0.008182646426095848
0.09444373760927971
0.020341084794239576
27829072085739447e-21
0.14481800535743755
0.0391750436399311
5573479309135462e-22
0.3167289530165105
44589640950055215e-23
0.003768963637340086
0.0009828481468456332
22994565953064637e-28
0.3256278166488565
0.4327728805704338
0.01821871233415822
0.30825153408118633
0.4685612463775814
0.0074225850327123205
0.20815287621826356
22332184594615197e-26
4630623362268928e-21
0.0006295381393080141
912089569773139e-19
0.13815709125198566
8645602551420859e-22
0.00011181814010779901
0.17370258072955794
0.0009294273558762084
0.011900501577303131
1220078716609412e-20
0.14594725595081298
0.10050224838332414
0.02140799665535462
31469361139972154e-21
0.0001534562998146156
1200667999926071e-22
0.013744799420004051
0.17513313750769544
8333314537807584e-24
11103335455015898e-21
9106359817350798e-21
9650501148733696e-20
10586437173473839e-21
0.3606972566029261
0.1736548264708372
0.0051637618551008055
0.001549101631975593
0.042475971042230956
0.005894594593049561
6760539874006043e-20
0.028693158750532265
8323891347886145e-20
0.0007211284828566579
0.08356328404909508
9970381820152527e-22
0.4522469461624156
0.454266959662487
0.0018291814784197871
0.0005371743725471035
5829910104473796e-24
0.0010311264135672736
10390421329169346e-24
0.010313964026898064
0.02961798228518063
0.0009041639252138931
0.00033766921818277666
0.000154556974369669
2618183072725018e-21
0.006135797586496668
0.03096330796374973
0.021628748783684582
11257175983682373e-24
0.4681380727436759
0.06913849236740749
0
0
8178126019283071e-20
6661871141041963e-20
10336385172845641e-22
7596606044575334e-22
0.0001934950216175165
0.009785241737532892
0.0054002299655575535
15204233739592383e-24
0.0001315041669677905
7328746928272989e-21
0.05767447169534601
0.01346730217360401
0.10452388965419442
3845636272972028e-22
0.062119579629975705
0.007708515740816519
0.00012014813820036668
0.1301107185640572
0.0002964538579180458
18549559457236747e-29
851505396209592e-19
37361610198695285e-22
0.00012472075640161976
0.016436344115906297
0.003908829440493261
0.00016355959881996364
0.0001521225067120985
37998745152389125e-25
0.0005145645046796642
0.023124160297380805
1313513361661778e-23
0.0018069401414086892
0.0018018793582571533
44187989198402426e-21
0.11291447143458919
43372993779673886e-21
0.3709185602823875
0.0019118634545558521
0.19720525489481025
0.003306202877891071
0.0007010361043336709
0.0005693928403850372
4475185580776872e-20
0.41394248941744505
1210203708085504e-20
2156777381815739e-20
0.008324302466270406
0.006457845187318024
21715984911242904e-24
8723253713577432e-20
0.003058668302774373
0.1395548814876653
0.03057532119869255
0.00010011598251877001
0.023202076612362874
0.0003541610447934108
0
0.1178142658766207
0.012389887266828055
0.39006651164743444
0.35541075367021224
0.37379386387120916
0.05330767662433995
0.030023872318570916
0.46190329508260264
0.38368234204832524
0.46537013741612143
0.34859190107395105
0.2323353930116523
0.0007653941977987553
0.01582073107857067
0.1489499803237762
0.30657213692042246
0.14440036409424237
0.0002992615383903402
0.02727134286279754
0.28560063496567817
0.11960421939293754
0.17805375918576746
