0.7596935508966641
35.74359764848211
35.63301922328308
0
35.76039645366005
0.00026819971407233647
35.758117574910784
0
35.761811576385995
0
73.86486282048801
0
22.583731762161122
0
22.73201598772334
0
35.206206118053124
12.525423383736525
25.032912937281765
0.5391407496197456
31841716851595845e-31
3.737190640549105
2.1403748581481494
0.13270808790252994
0
0.12754714774038595
0.0011978455090403504
0.1464736753562623
0.006964533093582358
1.415713005390384
1.2808414413547193
0.11421731892996446
0.023080160741877225
0.2814584902670491
0.13507038114917938
0.0367979995461435
27349863449010483e-23
0.12578608497916524
0.1254063312305765
0.003739855305020176
0.002765327406587144
0
0.2397255019589726
0
4.341275839049059
3.9317072842667002
4.21812793792323
0
5.529604550442037
0
0.5852045147880048
0.035512510665584474
32.73567045626848
32.939528883781364
17.913239527233173
87.97583938988022
61.44429628641382
0.26941585154814907
0.0033185041567349604
0.009015560088881809
17.937179472592405
32.28221102640002
0.29404220432834194
0.23136080576069962
0.2960429330809833
0.6604759702038164
18.202238323642966
0
18.01422333343983
0
13.872345924619065
0.004730349113466395
0.005156813550579676
13.969568674733699
1.6541618787269574
1.292409131516414
2.572328642014351
0
0.00016810728576933302
0.0024247767264142617
0.06679234116923069
0.03250322368336045
0.0037758320296137223
0.0008865194938930923
0.0006656780142429591
0.0008722971648605463
1.7766163071944043
0.4473873420637251
0.13399533141357123
0.21261939184331427
0.0007522812016982677
0.06407748912120914
0.004992456136690916
0.020312826630645882
0.08659745095129351
0.44803058483325364
0.02381978985622053
0.0002774509320642148
0.07412180587302043
0.0014764341635508105
0
1.0106621521874484
0.5384974061748652
0.01988348596268214
0
0.5301562741405688
3644008101941292e-20
0.017065135309838178
0
0.0016640180669384894
0
0.12872427487269245
0.8625017434056788
0
0
0
0
0.05831264160063947
0.4262474865546551
0.02720748535230598
0.03247093080492634
0.4151341876203025
0.45465404104567403
0.18277045262671873
0.07825146985927826
0.04138423097286907
0.1788956507481405
0.0012094444382221555
0.5497393688416274
9717424842730613e-22
0.0073901154725334196
0.2848458011274729
0.16253763673628085
2487941049719313e-22
0.00259929900915481
0.17430700626805037
0.22877235578663804
0.015229190165265957
0.02301096285584421
0.303603671847534
0.515633385129553
0.2687237530797212
0.12785823072122698
0.26051139127700346
14776790668345366e-24
0.23925356863007452
0.23927457487114345
0.4864207764799142
0.579971826784367
0.006172125194886237
1.260888476476311
0.4199099041090253
10.330150555323943
2.05154426573669
2.737925072718278
0.11734905143909842
0.43707863074056297
2.5193043040042333
4.0418557522826815
0.6906571731119557
4.917364344854467
6.913864185853744
5.182481651324856
2.44312600367413
2.8461067030656384
0.5203411238195311
28.771551694764263
619.3171187588919
4.002165933750013
6240.332072804985
1.0999898867302353
23.21868242878341
1.1751243973770837
45.210911889852596
1.3024896340296643
1.3969785231023315
1.0999888773112552
0.9629571781454376
1.0980681023526813
3.8638900767110775
0
0.000861461781429181
0.0008613338746688435
0
0.009641106325911681
0.007603924923307328
0.008187274208541893
0.00889083341576395
0.0073116735801101946
0.009262022192773259
0.008195070855477547
0.009114306478266769
0.0072353137523405485
0.007768212918523974
0.008961125245350858
0.015715322619587666
0.008470817091542179
0.008402348715242997
0.00869545037525101
0.008686501096910689
0.004703521983745514
0.011335339163172111
0.018843269485710124
0.011998020280093757
0.007507735408761924
0.001902032092861708
0.007461143534896476
0.023094143413154557
0.07383268163365883
0.04215121262732314
0.11905687617210634
9120147977917033e-20
0.010141062406043852
0.2475396435178452
4806109941078703e-21
0.07578153018002061
0.010967085359605082
0.0012700460148139814
54863593561790594e-22
12044237311266004e-22
0.10608517811501564
0.09181443744323857
0.004148933787527503
0.04108574138764675
0.02039122816761147
0.005793904801948395
0.012154264943066477
0.0004829456219801697
0.4084096777340975
15699130011192965e-25
0.08089495980675761
0.0003419454262337771
0.009658893990858607
0.010955082929373791
0.000157068223951844
0.00017088277509164855
0.4363349984083699
0.00039354780950110884
0.057831067993400424
0.26907565693970276
1317923296531615e-21
25861677182013206e-22
0.000144731874767898
12571514827857968e-21
0.0005945785708904313
17003149714895764e-21
14432277360125317e-23
10044043466183984e-22
1907708334979255e-20
0.078571634420542
0.07942435906556178
43500374967081284e-21
0.0002126951638103181
0.019754726875056194
0.008182538283705312
0.0944282706134266
0.02034041019770319
2782907084263678e-20
0.1447798918561079
0.03917250381317871
557347930414945e-21
0.31650371587384224
44589640918142163e-23
0.003768940771487413
0.0009828465951850613
2299456595306455e-27
0.32538627711584456
0.4322284294851978
0.018218172062573125
0.3080410125567526
0.4678097649280498
0.00742249609912979
0.2080687110912261
22332184594607189e-26
4630623327851308e-21
0.000629537502876568
9120894362349842e-20
0.13812262715928794
8645602539423349e-22
0.00011181812003713688
0.17364612325885737
0.0009294259683628101
0.011900272184061483
12200786927158934e-21
0.14590850285294674
0.10048463845136724
0.021407248812495717
31469359550376756e-21
0.00015345626201213378
12006679996946798e-23
0.013744492979958575
0.1750756604330135
8333314537696118e-24
11103335257131766e-21
9106359684246218e-21
9650499653765793e-20
10586436993585286e-21
0.36038164410616885
0.17359840284895003
0.005163718887829411
0.001549097775680214
0.04247297719506357
0.005894538571432327
6760539140362017e-20
0.028691807592636433
8323890235692072e-20
0.0007211276477095328
0.0835512906629655
9970381804196516e-22
0.4516058591549386
0.4536141353496908
0.001829176100474121
0.0005371739091986643
58299101044192424e-25
0.0010311247056626874
10390421328996056e-24
0.010313791930981794
0.029616541568345364
0.0009041626121304842
0.0003376690351223709
0.0001545569360229293
26181830617222676e-22
0.006135736875149944
0.030961731709443115
0.021627985306350354
11257175983478967e-24
0.4673900506419869
0.06913038324123923
0
0
8178124945701895e-20
6661870428656973e-20
10336385155696667e-22
7596606035312587e-22
0.0001934949615134811
0.00978508689656632
0.005400182964430406
15204233739221333e-24
0.00013150413920758503
7328746842062075e-21
0.05766888282196307
0.013467008045365249
0.10450477309967744
3845636270598267e-22
0.062113071983586024
0.007708419802502379
0.00012014811502780736
0.1300803866829994
0.00029645371682288226
18549559457236737e-29
8515052798229311e-20
3736160997464124e-21
0.00012472073143159987
0.016435904993947165
0.003908804843432345
0.00016355955587559075
0.0001521224695639326
37998745152157365e-25
0.000514564079522657
0.02312328657297637
1313513361634085e-23
0.0018069348935393144
0.0018018741397625823
4418798606422625e-20
0.11289199138798878
43372990760045786e-21
0.37057788856373486
0.0019118575790693442
0.1971306288884319
0.0033061852885532977
0.0007010353150886572
0.000569392319775952
44751852593092696e-21
0.41347234000991795
12102036845771982e-21
21567773071505573e-21
0.008324190535039848
0.006457777919085598
2171598491048597e-23
8723252492098187e-20
0.0030586532514938797
0.13951966892073184
0.030573784673267667
0.00010011596642935885
0.023201196936249394
0.0003541608434124155
0
0.11778968161238892
0.012389638525027299
0.38967363059325827
0.3551074281317593
0.37344581250261283
0.05330291925566914
0.030022391366670852
0.4612018083568898
0.3833077027740473
0.46464371884826017
0.3483037948406875
0.23222752775164943
0.0007653932569439715
0.015820324429068857
0.1489094966796382
0.30636444050886696
0.14436248559541345
0.00029926139460962275
0.027270123665538295
0.2854258780133153
0.11957884028071646
0.17799416660846873
