0.7603355883812054
35.74383444906667
35.63204359647326
0
35.759084831038166
0.0002682097713347401
35.756705360853
0
35.76019281729944
0
73.713110054643
0
22.56738811577277
0
22.72643405273982
0
35.20391223751358
12.526753434432639
25.03512474642562
0.5514843341305006
3186692879325135e-30
3.812878749826235
2.1410605327938437
0.13290519195888278
0
0.1276033610594581
0.0012005171248992655
0.14617037326415724
0.006964467543171863
1.4127510898926159
1.2782000197767212
0.11397950507143799
0.02297715105252643
0.2807773109277022
0.1346051951649022
0.03663305807345207
26697241320423376e-23
0.12582649956837835
0.12543965513059158
0.003842653980849633
0.0028425313530479127
0
0.23954159777765338
0
4.331725485434715
3.940933781921795
4.217974871458925
0
5.529029192385424
0
0.5984916652821676
0.03631106673763929
32.73523161607051
32.93952286615802
17.911524335189398
87.97080964956126
61.44399743837356
0.2753363134792713
0.0033318193402951586
0.009016541260143136
17.93310572699194
32.288949216437594
0.2933193010688916
0.23236108249269058
0.3028638785640248
0.6618834835528303
18.275907198389135
0
18.08576787215705
0
13.873778028171648
0.0047520842151866334
0.004835970813701703
13.964065254222216
1.686085848463477
1.2923530591543932
2.57199148615567
0
0.00016889023289507694
0.0024796531406042414
0.0668061994772573
0.032500861494515636
0.003792815605644072
0.0008670006009346063
0.0006505561335653579
0.0008735186206245147
1.7772125351184775
0.44726844911512026
0.13650239168509667
0.21254346854931763
0.0007699315031986741
0.06418313076300895
0.005005945485452158
0.020196146129466967
0.0865777142664621
0.45754772520874554
0.023818837880558663
0.00027549285758590925
0.07505937121442108
0.0014757797153917601
0
1.0104427063242951
0.5385034381254561
0.019975752130431196
0
0.529593266860982
37153001475915264e-21
0.017408709537747143
0
0.0016611395793218696
0
0.12871999361744957
0.8622133145833564
0
0
0
0
0.058092275277800184
0.42613339207036266
0.02706806828938416
0.032397428824227664
0.4150972086472772
0.45441236774499233
0.1827778124363499
0.08001424820245258
0.041396564077007515
0.17926220867585366
0.001207447247402593
0.548859491832812
9717277554642204e-22
0.007390246841191828
0.284901433058221
0.16223184842968688
2451528553364104e-22
0.0025993098158023364
0.1740543620354587
0.22875525551737566
0.015239785542698232
0.023025635409693667
0.303307502183956
0.5150941082723952
0.2687158740928981
0.12793324147871807
0.2605411976501109
14562419103488055e-24
0.2392122479567081
0.23923212338642755
0.48638855467695985
0.5799374883360578
0.006100407125583911
1.2730667336773427
0.42019246117630155
10.333643776017059
2.0516081247480837
2.7379666058223204
0.11730251307902677
0.43720949763151273
2.51943673564053
4.041953569056559
0.6904683245852434
4.918756143791316
6.916077839602851
5.18331461877565
2.44317328850195
2.846944734649995
0.520564895379904
28.78054004861969
619.3168922564251
4.002165818754405
6237.496037570894
1.0999898781832778
23.21868210726165
1.1751180769123488
45.21072351323192
1.3024934654574394
1.3969784478042797
1.099988868762295
0.9628709509486431
1.0980460294715857
3.8734023048313526
0
0.0008614255515734697
0.0008613340567895749
0
0.009639929147999616
0.007607754918066398
0.00818970294537778
0.008890391179339246
0.007313762904095887
0.00926609478023042
0.008195352540806842
0.009119647094210252
0.007235192358178167
0.007770794644288552
0.008965556333875179
0.015724904380906686
0.008473172580226887
0.008406702385867737
0.008698208873512312
0.00869122615490259
0.00470418946054065
0.011341272141105916
0.018849815329653023
0.012004348653092673
0.0075113575256771205
0.0019020297667838484
0.007461107589286183
0.02309379482100521
0.07382896713166498
0.04215003353053734
0.11904681935100707
912014744385189e-19
0.01014099586374553
0.2474896973051466
48061099262484215e-22
0.07577761044580705
0.010967007486014809
0.0012700449781964448
54863593368535614e-22
12044237301952364e-22
0.10607728816398324
0.09180860263330073
0.004148922700732739
0.04108462211406383
0.02039095697449166
0.0057938831537210226
0.012154169209621797
0.0004829454721786631
0.4082288781565465
15699130011177143e-25
0.08089047347667891
0.0003419453511429682
0.009658833648228215
0.010955005226860931
0.00015706820811061555
0.0001708827563411282
0.4361100495989888
0.0003935477100326908
0.05782881970071368
0.26901495513282453
13179232954164448e-22
2586167713907196e-21
0.00014473186131745783
12571514726387478e-21
0.0005945783438124285
17003149529275775e-21
14432277358788013e-23
10044043459706924e-22
19077083116129184e-21
0.07856741059424377
0.07942003987657692
4350037375212477e-20
0.00021269513476034253
0.019754472474875495
0.00818249502714928
0.09442208452435444
0.020340140365352973
27829070345395735e-21
0.1447646492643451
0.03917148792858427
5573479302155045e-22
0.3164136658718994
4458964090537694e-22
0.003768931625185187
0.0009828459745215186
22994565953064512e-28
0.32528971147648916
0.432010840884865
0.01821795595842517
0.3079568442098863
0.46750950992113033
0.007422460525995135
0.20803505457002064
22332184594603986e-26
4630623314084259e-21
0.0006295372483041697
9120893828197277e-20
0.1381088439295643
8645602534624345e-22
0.00011181811200887303
0.17362354540891703
0.0009294254133580307
0.011900180428002925
1220078683158486e-20
0.1458930044951635
0.10047759534258266
0.02140694968266701
31469358914538626e-21
0.00015345624689114368
12006679996021235e-23
0.013744370405853374
0.17505267488525175
8333314537651531e-24
11103335177978116e-21
9106359631004385e-21
9650499055778698e-20
10586436921629866e-21
0.3602554764466518
0.1735758385337868
0.0051637017010209615
0.0015490962331647503
0.04247177971528201
0.005894516162934511
6760538846904427e-20
0.02869126714729352
8323889790814484e-20
0.0007211273136509536
0.08354649379050434
9970381797814112e-22
0.45134967888226524
0.45335326838768625
0.0018291739493002824
0.0005371737238594005
5829910104397421e-24
0.001031124022501645
10390421328926742e-24
0.010313723093419321
0.029615965301234195
0.0009041620868976546
0.0003376689618982364
0.00015455692068423607
26181830573211674e-22
0.006135712590779455
0.03096110123018864
0.021627679922962755
11257175983397606e-24
0.46709117657535965
0.06912713985708742
0
0
8178124516269462e-20
6661870143702999e-20
10336385148837079e-22
7596606031607488e-22
0.00019349493747187219
0.009785024960865744
0.005400164164094089
15204233739072914e-24
0.00013150412810350448
7328746807577709e-21
0.057666647424256035
0.013466890395868418
0.10449712745685917
38456362696487627e-23
0.062110469115921614
0.007708381427511051
0.00012014810575878488
0.13006825591057036
0.00029645366038483564
18549559457236732e-29
8515052332682711e-20
37361609885019617e-22
0.00012472072144359333
0.016435729348448436
0.003908795004651318
0.0001635595386978447
0.0001521224547046688
3799874515206466e-24
0.0005145639094599524
0.023122937092458266
13135133616230079e-24
0.0018069327943958321
0.0018018720523689856
4418798481055585e-20
0.1128830006225479
43372989552194605e-21
0.370441707501959
0.0019118552288797967
0.1971007863936286
0.0033061782528443903
0.0007010349993909006
0.0005693921115324511
4475185130722235e-20
0.4132844297976233
12102036751738758e-21
21567772772844852e-21
0.008324145762969042
0.006457751011988824
21715984910183196e-24
8723252003506535e-20
0.0030586472310024206
0.13950558638184338
0.03057317008471847
0.00010011595999359512
0.023200845075142564
0.0003541607628600494
0
0.11777984934315348
0.012389539029705264
0.3895165889943702
0.3549861704133005
0.3733066827149586
0.05330101642708105
0.03002179900636479
0.46092151205220244
0.38315794951096277
0.46435346901273883
0.3481886190308002
0.2321843956708176
0.0007653928806023818
0.015820161772194804
0.14889330630304465
0.30628140134841564
0.14434733697814403
0.00029926133709735507
0.027269636001896313
0.2853560051771376
0.11956869014376371
0.17797033516251215
