0.761619663350288
35.744475605406556
35.63020686667179
0
35.75668323634867
0.00026823225876558093
35.754110759800035
0
35.757192187481074
0
73.44663601886609
0
22.533357641769964
0
22.714701679456898
0
35.199285296028904
12.52963240099594
25.0398592199146
0.5760509960767597
3192069465264028e-30
3.9623324481033695
2.1424866029195297
0.13331427130119772
0
0.12772042073962683
0.0012060687456249362
0.1455599918617366
0.006964336605093215
1.4067916313872235
1.2728841440044427
0.11359739069923662
0.022790964774708142
0.27940822490898165
0.13382284166614591
0.036333705670181154
2550035665142895e-22
0.12591021318707674
0.12550822254689106
0.004049809644913861
0.0030026721780042204
0
0.23920235778718063
0
4.31072166119231
3.9574756793117163
4.2176694264096115
0
5.527881269643426
0
0.6249160856171364
0.037897496827147846
32.73435390768836
32.939510776753416
17.908042022335277
87.9605512504917
61.44340419746095
0.2870832229678891
0.0033597932342491247
0.009018513481474344
17.925015797390742
32.30302796652881
0.291876474617774
0.23437300262096084
0.31644140817024086
0.6647978849013613
18.423922266586892
0
18.230776429525356
0
13.876866737244374
0.004795793860757676
0.004430412095758497
13.953029932370512
1.7489460653324473
1.2922444744739463
2.571317288075805
0
0.00017046636271943354
0.0025887209808034685
0.06683539295991132
0.03249627701170874
0.003827018529761628
0.0008302094486114221
0.0006221139656892822
0.0008760490991770406
1.7784444685326055
0.4470362131542172
0.14142138186179848
0.2123874006554995
0.0008051564400765946
0.06437512574930068
0.005030800759336047
0.019958646135788523
0.08653756846493184
0.4763814682109683
0.023817284115138695
0.00027153625131900755
0.07682469735090819
0.001474420819021475
0
1.0100037780994997
0.5385272425805467
0.02016132978922107
0
0.5284824187919401
38557544628981444e-21
0.018086876850055018
0
0.0016551700464241472
0
0.12871142932244825
0.8616366347613821
0
0
0
0
0.05770095895418327
0.4259065769755616
0.026783116216842824
0.03224766101913569
0.4150231729048335
0.4539353499600076
0.182791875887838
0.08351806919811001
0.04142391567251123
0.1800313572030444
0.0012034692122396382
0.547106890903792
9716981076982113e-22
0.007390979801939204
0.2850296035027689
0.16161882207232334
23802773882955828e-23
0.002599335977299601
0.1735498618501506
0.22872095100213674
0.015261535137940097
0.023055492370966008
0.302714302621643
0.5140171489513762
0.26869976206354035
0.12808566535770086
0.2606073497522816
14143113192810332e-24
0.23913627055016717
0.23915402564202667
0.4863243972320735
0.5798688021182185
0.005953868252914044
1.294452486308788
0.4207669621735737
10.34090342305824
2.05173737740882
2.738055191577236
0.11721001784996721
0.437481431163203
2.5197048695893707
4.04216254012081
0.6900929418511563
4.921622256186338
6.920656575653664
5.1850711955164295
2.4432691899419146
2.848674106453329
0.5210225875012918
28.799079454467794
619.3164392517402
4.0021655887632
6231.827833184185
1.0999898610893633
23.218681464218136
1.1751054360848634
45.21034676234525
1.3025011811392706
1.396978297193015
1.0999888516643739
0.9626984648802587
1.0980018850401283
3.8933383724828285
0
0.00086137393558372
0.000861334268142027
0
0.009637582502817805
0.00761562753581673
0.008194789473416503
0.008889741747853985
0.007318138407932618
0.009274406530625359
0.008196139901404045
0.00913055843024448
0.007235141047419777
0.00777619238755364
0.008974670015315024
0.01574451979705583
0.008478119168204895
0.008415644408462071
0.008703964096877247
0.008700917735297109
0.00470576877325843
0.01135345072644967
0.018863449548273483
0.01201735389062338
0.007518814571821529
0.0019020251146366638
0.007461035698585123
0.023093097652491797
0.07382153868829461
0.042147675435913516
0.1190267082572578
9120146375721696e-20
0.010140862780458764
0.2473898351107422
48061098965878594e-22
0.07576977158560405
0.010966851740493128
0.0012700429049639099
54863592982025654e-22
12044237283325087e-22
0.10606151002229024
0.09179693412580847
0.004148900527232089
0.0410823836583722
0.020390414599072183
0.0057938398575089365
0.012153977744994575
0.0004829451725757894
0.40786751908143326
15699130011145497e-25
0.08088150156292596
0.00034194520096139983
0.009658712964098374
0.0109548498234886
0.00015706817642816348
0.00017088271884009375
0.435660499831794
0.0003935475110959301
0.05782432337755674
0.26889359259783724
13179232931861046e-22
2586167705318947e-21
0.0001447318344165813
12571514523446502e-21
0.0005945778896566834
17003149158035796e-21
1443227735611341e-22
10044043446752804e-22
19077082648802455e-21
0.07855896362282397
0.079411402203242
4350037132221185e-20
0.00021269507666040328
0.019753963684342495
0.008182408514723237
0.09440971356195393
0.020339600711391136
27829069350913657e-21
0.14473416889492266
0.039169456238431405
5573479298166236e-22
0.3162336427224082
445896408798465e-21
0.0037689133326473225
0.0009828447331956087
22994565953064444e-28
0.32509666616329913
0.4315759922386244
0.01821752375781952
0.30778857650370817
0.4669095779228968
0.007422389380237289
0.20796775785923888
22332184594597578e-26
4630623286550163e-21
0.0006295367391596819
9120892759892241e-20
0.13808128159625707
8645602525026337e-22
0.00011181809595234708
0.17357839851551943
0.0009294243033494663
0.011899996918008235
12200786640436719e-21
0.145862012718115
0.10046351060596292
0.021406351435549028
31469357642862394e-21
0.00015345621664916793
12006679994170105e-23
0.013744125260922327
0.17500671284259628
8333314537562358e-24
11103335019670814e-21
9106359524520722e-21
9650497859804617e-20
1058643677771903e-20
0.36000327362399426
0.1735307187018061
0.005163667327575674
0.0015490931481384313
0.04246938485700288
0.005894471346194444
6760538259989289e-20
0.02869018628714735
832388890105938e-19
0.0007211266455342596
0.08353690087176478
9970381785049303e-22
0.45083775422091715
0.4528319844399105
0.0018291696469601942
0.000537173353181065
58299101043537785e-25
0.0010311226561809182
1039042132878811e-23
0.010313585419672705
0.029614812800649985
0.0009041610364329106
0.00033766881545001503
0.00015455689000685421
26181830485189675e-22
0.006135664022326819
0.030959840310195108
0.021627069169123374
11257175983234883e-24
0.46649400166783617
0.06912065354528536
0
0
8178123657404667e-20
6661869573795086e-20
103363851351179e-20
759660602419729e-21
0.00019349488938866328
0.009784901090640678
0.005400126563617809
15204233738776075e-24
0.00013150410589534618
7328746738608979e-21
0.0576621768887883
0.013466655099958156
0.10448183784926354
3845636267749754e-22
0.06210526370781017
0.007708304678101523
0.00012014808722074208
0.13004399775940761
0.00029645354750877466
18549559457236725e-29
851505140158959e-19
37361609705776383e-22
0.00012472070146758263
0.01643537806308217
0.003908775327163558
0.00016355950434235813
0.00015212242498614554
3799874515187926e-24
0.000514563569334712
0.0231222381472679
13135133616008535e-24
0.0018069285961161835
0.001801867877589047
4418798230321513e-20
0.11286502123969407
4337298713649234e-20
0.3701694954926784
0.001911850528509369
0.1970411149563993
0.003306164181471492
0.0007010343679958136
0.0005693916950456778
44751848735481776e-21
0.4129088655321188
12102036563672319e-21
2156777217552342e-20
0.008324056219549857
0.00645769719813161
2171598490957765e-23
8723251026323315e-20
0.0030586351900550534
0.13947742556822287
0.030571940944682855
0.00010011594712206888
0.02320014136893742
0.00035416060175537216
0
0.11776018726680387
0.012389340041458188
0.38920269563816035
0.3547437791790286
0.3730285786215965
0.053297210973686206
0.03002061432081534
0.46036143039118554
0.38285861848180913
0.46377351316111165
0.34795838165616316
0.23209815554068766
0.0007653921279197575
0.01581983646346376
0.14886093083062477
0.30611539054395664
0.14431704451227992
0.00029926122207285294
0.02726866070077443
0.2852163108156327
0.1195483924544885
0.17792268184247115
