0.7619406820925586
35.74466830292068
35.629771834284334
0
35.75612717639105
0.00026823835862523293
35.7535084547303
0
35.75649054119782
0
73.38691776527466
0
22.524580434760992
0
22.711648872397166
0
35.19811990511805
12.530395882688273
25.04110467938248
0.5821552159766799
31934811011718716e-31
3.9992267846296277
2.142853918203957
0.13341954518222574
0
0.12775067689265732
0.0012074993862202248
0.14540663917296098
0.00696430391844846
1.4052946304800926
1.2715485505167203
0.1135191864930482
0.02274847875449253
0.27906462534335785
0.13365475073353508
0.036265126141937803
2522205341538068e-22
0.12593176908691825
0.1255257850001839
0.0041018091517909284
0.0030438209982384342
0
0.2391232379970015
0
4.3052577858969165
3.961217401147648
4.2175931321345335
0
5.527594874419482
0
0.6314780914482823
0.038291069815415565
32.734134479327764
32.93950774853738
17.90716084349268
87.9579488779938
61.44325706001681
0.289994618362054
0.003367064031388834
0.009019007589580555
17.923008695610726
32.306669905824954
0.29151638405298697
0.234876837006453
0.31981582734313124
0.6655466259614734
18.460948667624976
0
18.2673118145454
0
13.877684904372124
0.0048067407813981175
0.004668429114026347
13.950269261753837
1.7644282555123036
1.2922181087839113
2.5711487622760147
0
0.00017086140756334938
0.0026157896574703935
0.0668429811640151
0.03249515832564824
0.0038355938382259405
0.0008214917719612075
0.0006153862108369014
0.0008766993649854344
1.7787602407870264
0.4469793010602083
0.14262893753442427
0.21234752535386253
0.000813928426779025
0.06441915980067078
0.005036575703029129
0.019898480802522062
0.08652738271701199
0.4810389872818161
0.023816962928095587
0.0002705396289242873
0.07724238636647343
0.0014740709424720842
0
1.0098940397553287
0.5385355602191708
0.020207811746435333
0
0.5282078341032472
3890360477948022e-20
0.01825424108154268
0
0.0016536354514168732
0
0.12870928788574668
0.8614925001995055
0
0
0
0
0.057613259136238965
0.42585016507226886
0.026710696957155618
0.03220963279831916
0.4150046477481199
0.4538173462139421
0.1827952577880941
0.084387818517671
0.041431308227159465
0.1802309676431652
0.0012024781563997329
0.5466702512572207
9716906562376854e-22
0.007391260288544404
0.2850650779555933
0.16146525620841012
23627867501746215e-23
0.0025993429335851026
0.17342390063774377
0.2287123532457092
0.01526708357280688
0.02306305813603321
0.30256582847420505
0.513748238917418
0.2686956604805968
0.1281242444455367
0.26062517642049665
14040214292330832e-24
0.23911858704042854
0.23913584428703358
0.4863084158676691
0.579851628647568
0.005916659541729858
1.2991668688364182
0.420912408473449
10.342772261479356
2.051770017481949
2.7380785138349824
0.11718701733304888
0.4375514268959839
2.519772599819336
4.042217624323451
0.689999587776874
4.922354592400773
6.921830402318318
5.185527855496362
2.443293450362169
2.8491164916664373
0.5211390128163644
28.80382253858263
619.3163260006207
4.0021655312654
6230.411587094104
1.0999898568158848
23.21868130345726
1.1751022758992387
45.21025257511414
1.3025031207387066
1.3969782595370457
1.0999888473898942
0.9626553368006333
1.0979908492094943
3.8985089079154864
0
0.0008613651882777164
0.0008613342974751984
0
0.009636997592792164
0.007617636997767288
0.008196105574958801
0.008889624839818797
0.007319270482216669
0.009276516534675568
0.008196380150712994
0.009133330828491538
0.007235165246080788
0.007777587502595284
0.00897699733070929
0.01574951164570745
0.008479401516266484
0.00841792555231169
0.00870544911211317
0.008703387593824758
0.004706212505581583
0.011356556130778567
0.018866963725316564
0.012020673033167454
0.007520720213118802
0.0019020239516016454
0.007461017726018092
0.02309292336365199
0.07381968169424044
0.04214708593287101
0.11902168101469508
9120146108689169e-20
0.010140829509909962
0.247364875858782
4806109889172719e-21
0.075767811997259
0.0109668128044583
0.0012700423866563052
5486359288539817e-21
12044237278668267e-22
0.10605756585357928
0.09179401723066477
0.004148894983875443
0.04108182406350581
0.02039027900747148
0.005793829033506469
0.012153929879309041
0.00048294509767510003
0.4077772293034875
15699130011137587e-25
0.08087925873997859
0.0003419451634160181
0.009658682793301525
0.010954810972989969
0.00015706816850755148
0.0001708827094648364
0.43554818481548513
0.0003935474613617557
0.05782319935139348
0.26886326051991494
13179232926285195e-22
25861677031718848e-22
0.00014473182769136292
1257151447271126e-20
0.0005945777761178013
170031490652258e-19
14432277355444756e-23
10044043443514274e-22
19077082531970777e-21
0.07855685202187193
0.07940924293169788
43500370714733644e-21
0.00021269506213542096
0.019753836488756803
0.008182386886759645
0.09440662107461441
0.02033946580013785
27829069102293146e-21
0.14472654980538208
0.03916894833235852
5573479297169033e-22
0.316188652941053
4458964087346389e-22
0.0037689087595267285
0.0009828444228643764
22994565953064423e-28
0.32504842273828427
0.43146734848570284
0.01821741570927022
0.30774652394498925
0.46675971525308774
0.007422371593904382
0.2079509370833241
22332184594595978e-26
4630623279666639e-21
0.0006295366118736242
9120892492816001e-20
0.13807439187244272
8645602522626835e-22
0.00011181809193821594
0.1735671136265757
0.0009294240258475324
0.01189995104095173
12200786592649683e-21
0.14585426580258332
0.10045998973031389
0.021406201876381873
3146935732494334e-20
0.00015345620908867492
12006679993707324e-23
0.013744063975372757
0.1749952242176577
8333314537540065e-24
11103334980093989e-21
9106359497899806e-21
965049756081112e-19
1058643674174132e-20
0.3599402505104674
0.1735194405765217
0.005163658734250104
0.0015490923768828116
0.04246878616353323
0.005894460142062669
6760538113260513e-20
0.028689916078473095
8323888678620619e-20
0.0007211264785051827
0.08353450281418977
99703817818581e-20
0.45070986380464956
0.45270175713512006
0.0018291685713767534
0.000537173260511521
5829910104342868e-24
0.0010311223146010195
10390421328753453e-24
0.010313551001523199
0.029614524682511714
0.0009041607738169153
0.0003376687788379696
0.0001545568823375097
26181830463184174e-22
0.006135651880273731
0.03095952508822058
0.02162691648335845
11257175983194202e-24
0.4663448272738927
0.06911903206243414
0
0
8178123442688483e-20
6661869431318116e-20
10336385131688105e-22
7596606022344741e-22
0.00019349487736786293
0.009784870123329428
0.005400117163539647
15204233738701864e-24
0.0001315041003433072
7328746721366797e-21
0.05766105930907441
0.013466596276622956
0.10447801579692664
3845636267275002e-22
0.06210396242394927
0.007708285490868542
0.00012014808258623183
0.13003793392855983
0.00029645351928976615
18549559457236722e-29
8515051168816325e-20
3736160966096557e-21
0.00012472069647358045
0.016435290242913753
0.003908770407807096
0.0001635594957534876
0.0001521224175565156
3799874515183291e-24
0.000514563484303437
0.023122063414271466
13135133615953149e-24
0.0018069275465477954
0.0018018668338955737
4418798167637998e-20
0.11286052684144485
433729865325668e-19
0.370101473750757
0.0019118493534185676
0.19702619992000528
0.003306160663637625
0.0007010342101471308
0.0005693915909240321
4475184809254665e-20
0.41281502780392365
12102036516655709e-21
21567772026193068e-21
0.008324033833845567
0.0064576837447373765
21715984909426267e-24
8723250782027527e-20
0.003058632179825618
0.13947038625307903
0.030571633667395185
0.00010011594390418757
0.023199965445721185
0.0003541605614792143
0
0.11775527226060846
0.012389290294895787
0.38912426183083887
0.35468320723570373
0.37295908497624913
0.05329625965279018
0.030020318156732534
0.46022151634803177
0.38278382226973423
0.4636286374113505
0.34790084610439215
0.23207660051363985
0.0007653919397492171
0.015819755137326207
0.14885283806254004
0.3060739019043198
0.14430947238916617
0.0002992611933167343
0.02726841688094428
0.28518139791196395
0.11954331857058102
0.17791077050628945
