0.7625827195770999
35.74508937980334
35.62893096181573
0
35.75506637873014
0.0002682511085978379
35.75235721088892
0
35.75514412366568
0
73.27492575880572
0
22.506716035163336
0
22.705398320723454
0
35.19577812289682
12.531973008073892
25.043666095303678
0.5943050455159465
31963823283504367e-31
4.072380058229114
2.1436007276799893
0.13363357697942724
0
0.12781240811446007
0.0012104110491089016
0.14509906018588084
0.006964238617155387
1.4022924017962792
1.2688697201750827
0.11338139798814753
0.022668234329747718
0.27837591811539586
0.1333481640680937
0.03613525915255142
2468870656170183e-22
0.1259756657149272
0.12556144010108403
0.004205938857992629
0.003127355313083234
0
0.2389714992102065
0
4.294267790484698
3.9682408364276496
4.217440530863418
0
5.527022789585245
0
0.6445351947702316
0.039073681882326725
32.733695626668755
32.93950169169025
17.90538605665913
87.95270334322399
61.442963230018805
0.2957808080248213
0.0033819343308593218
0.009019995757683613
17.91901666990355
32.31409614415343
0.2907969364549164
0.2358843727427799
0.32653357352960777
0.6670675511966153
18.53493795004917
0
18.34058790432694
0
13.879374732489113
0.00482863495982277
0.005011822660851214
13.944750298758262
1.7950850877819065
1.292166325073815
2.5708117392031222
0
0.00017165184053532262
0.0026696276931653783
0.06685848230701133
0.03249295166202441
0.0038527551472321516
0.0008046380802213777
0.0006023921675184369
0.0008780203107500493
1.779400569242039
0.4468668396625416
0.14501493975407972
0.2122667721748745
0.0008314127091222513
0.06450260644658125
0.005047611722719963
0.019777288546909407
0.08650682038173152
0.49028313707374555
0.02381639393200945
0.00026853856025622734
0.07804872907899135
0.0014733593484655232
0
1.009674557056149
0.538554932283388
0.020300780804251514
0
0.5276623735212761
39588964773217615e-21
0.01858603307614256
0
0.0016505182909816514
0
0.12870500458689205
0.8612042716167789
0
0
0
0
0.057449663435328646
0.425737697724865
0.026564553931019905
0.032132862198777694
0.41496757795283207
0.4535827528430925
0.18280186439559096
0.08611805335304563
0.041446751045100746
0.18063873848383352
0.0012005002439416771
0.5457988084712907
9716757060101164e-22
0.007391936710640477
0.2851400281827663
0.1611577410863316
23281852967194218e-23
0.0025993566958463317
0.17317217433344634
0.22869513182065063
0.015278306667104176
0.023078304824672113
0.3022686773056527
0.5132108118211305
0.26868736924989195
0.12820193491914086
0.2606622811009931
13836684095541277e-24
0.2390846933859761
0.23910099648503658
0.48627652055037063
0.5798172794368676
0.0058416413969860905
1.3078279541814448
0.4212053162277085
10.346570785371112
2.0518356977136594
2.7381265974470113
0.11714116659759892
0.43769368777908
2.519908913029354
4.042331270612093
0.6898134799671217
4.923836477761685
6.92420996320761
5.186460446302785
2.4433423218174237
2.850011969907107
0.5213741213024995
28.813427400943766
619.316099498444
4.002165416269804
6227.580060409669
1.0999898482689274
23.218680981935513
1.1750959555534852
45.21006420124058
1.3025070123952296
1.3969781842213311
1.099988838840934
0.9625690728098465
1.0979687778808978
3.909068966895332
0
0.0008613524398828525
0.0008613343374973486
0
0.009635830038346128
0.007621701652688599
0.008198786976030147
0.00888944107062032
0.0073215768624861075
0.009280771653141295
0.008196908576439961
0.009138924764612052
0.007235254414806028
0.00778042853111347
0.00898170614182916
0.015759593036612257
0.00848201671871273
0.008422538429826957
0.008708470210289625
0.008708379377448136
0.004707156058962106
0.011362834236627158
0.018874109323215496
0.012027386604001468
0.007524577357777146
0.0019020216255337427
0.00746098178101391
0.02309257478991855
0.07381596784626998
0.04214590695152132
0.11901162716655642
9120145574624135e-20
0.010140762969139825
0.24731496490905205
4806109874342438e-21
0.0757638929726066
0.010966734932803352
0.0012700413500417297
5486359269214319e-21
12044237269354627e-22
0.10604967795617393
0.09178818371843199
0.00414888389718437
0.04108070489664014
0.02039000782697502
0.0057938073855621965
0.012153834148503502
0.00048294494787375606
0.4075967097056122
15699130011121765e-25
0.0808747732806608
0.0003419450883252669
0.00965862245199056
0.010954733272406049
0.00015706815266632864
0.00017088269071432327
0.43532364164118165
0.00039354736189342566
0.057820951364615146
0.2688026066283576
13179232915133492e-22
258616769887776e-20
0.00014473181424092715
12571514371240771e-21
0.0005945775490401021
17003148879605817e-21
14432277354107452e-23
10044043437037214e-22
1907708229830742e-20
0.07855262899024067
0.07940492456474595
4350036949977725e-20
0.00021269503308545928
0.01975358210004244
0.008182343631003964
0.09440043640382488
0.020339195980315847
27829068605052128e-21
0.14471131282953104
0.03916793253997056
5573479295174629e-22
0.316098692579188
4458964086069867e-22
0.0037688996133021873
0.0009828438022022052
2299456595306439e-27
0.32495195736475524
0.431250143022013
0.018217199614094137
0.30766243606344607
0.46646013420104493
0.007422336021366432
0.20791729961286096
22332184594592775e-26
4630623265899591e-21
0.0006295363573015862
9120891958663546e-20
0.13806061345610884
8645602517827831e-22
0.00011181808390995412
0.1735445460496411
0.0009294234708439131
0.011899859287369318
12200786497075612e-21
0.14583877320584343
0.10045294834919263
0.021405902761182316
3146935668910525e-20
0.00015345619396769003
1200667999278176e-22
0.013743941405093442
0.1749722492303043
8333314537495479e-24
1110333490094034e-20
9106359444657976e-21
9650496962824153e-20
10586436669785902e-21
0.35981423738045487
0.17349688652487227
0.0051636415476418685
0.0015490908343727238
0.04246758880191327
0.005894437733863009
676053781980297e-19
0.028689375668759162
8323888233743114e-20
0.0007211261444471452
0.08352970690555776
9970381775475696e-22
0.45045419179892743
0.45244141486869804
0.001829166420211769
0.0005371730751724811
5829910104321046e-24
0.0010311216314415612
10390421328684137e-24
0.010313482165568766
0.029613948454644323
0.0009041602485851535
0.0003376687056138907
0.00015455686699882183
2618183041917317e-21
0.0061356275962396395
0.030958894653899924
0.021626611115062446
11257175983112839e-24
0.46604662157869975
0.06911578921084459
0
0
817812301325613e-19
6661869146364184e-20
10336385124828516e-22
7596606018639642e-22
0.00019349485332626447
0.009784808189000942
0.005400098363432411
15204233738553444e-24
0.00013150408923922992
7328746686882431e-21
0.057658824214627334
0.013466478630723392
0.10447037211169148
3845636266325498e-22
0.0621013599380238
0.0077082471165458594
0.00012014807331721186
0.13002580711510353
0.0002964534628517571
18549559457236717e-29
8515050703269814e-20
37361609571343954e-22
0.0001247206864855767
0.01643511460398468
0.0039087605691127455
0.00016355947857574788
0.00015212240269725687
3799874515174021e-24
0.0005145633142409292
0.02312171395223992
13135133615842376e-24
0.0018069254474128481
0.0018018647465104405
44187980422709695e-21
0.11285153858185361
4337298532471573e-20
0.3699654677633098
0.0019118470032391318
0.19699637323411487
0.0033061536279811203
0.0007010338944498717
0.0005693913826807979
4475184680667643e-20
0.4126274163194137
12102036422622488e-21
21567771727532364e-21
0.008323989062617587
0.006457656838032991
21715984909123492e-24
8723250293435972e-20
0.003058626159375635
0.13945630868857942
0.030571019122085107
0.00010011593746842529
0.023199613603290703
0.00035416048092691235
0
0.11774544286362809
0.012389190802370222
0.38896744163196884
0.35456209437498065
0.3728201365222586
0.05329435706193921
0.030019725837332183
0.4599418158177378
0.382634273679852
0.46333902166859353
0.34778580354010175
0.23203349646482424
0.000765391563408275
0.015819592486305337
0.14883665384622755
0.3059909414934837
0.14429432933481542
0.00029926113580450533
0.02726792924782423
0.28511158492501293
0.11953317144879567
0.17788695022614653
