0.7632247570616412
35.74555483555492
35.62812908303723
0
35.75407187104324
0.0002682645717800861
35.75127519796338
0
35.75387198541232
0
73.17222856575525
0
22.48845209715425
0
22.698953532299306
0
35.19342106904654
12.533614724456312
25.046318101398846
0.6063659033257842
31993848074989097e-31
4.14462940399032
2.1443629963735478
0.13385213283543584
0
0.127875790835123
0.0012133889604493576
0.14479034944590297
0.006964173424107731
1.3992795210246305
1.2661809862001605
0.11326662722975472
0.022594122262760988
0.27768527995810594
0.13307819101043786
0.03601485428054605
2418474420184042e-22
0.12602063893088292
0.12559782695057167
0.004310139768929564
0.0032124416762338535
0
0.2388281062132221
0
4.283356342784502
3.974668350010095
4.217287844636292
0
5.526451647418826
0
0.6574917114331071
0.039849546636809806
32.733256783508644
32.939495639135444
17.90359500009082
87.94740695821565
61.442670929094305
0.3015131942207862
0.0033972380777956158
0.009020983011708998
17.91505726005425
32.321707647314064
0.2900784614822532
0.23689068090742244
0.33320404494728906
0.668619002093887
18.608760395031126
0
18.414024295450634
0
13.881133928472961
0.0048505086001072615
0.004655988500924415
13.939238373184862
1.825310408721232
1.2921158016835128
2.5704747542316224
0
0.0001724419360329831
0.002723018268906248
0.06687439334347647
0.032490783724197676
0.00386991362779983
0.0007885579148366573
0.0005900099282584207
0.0008793677153023911
1.7800520462605929
0.44675618056115307
0.14736021993183118
0.21218471001830344
0.0008488018304914263
0.06458007495839058
0.0050579813289892495
0.019655030023133513
0.08648599220781836
0.49942495007536614
0.023815915480866447
0.0002665281335732981
0.07881600417676314
0.0014726323123457738
0
1.0094550677471936
0.5385778480632839
0.02039366596397761
0
0.5271218118007592
4026479456978376e-20
0.01891365767050715
0
0.0016473398648283964
0
0.12870072072991076
0.8609160953206105
0
0
0
0
0.05730138744538102
0.4256257110166017
0.026416779296910716
0.032055131074996246
0.41493048216578854
0.4533499588491952
0.18280826502641107
0.08783446544518303
0.04146306103999318
0.1810576682856813
0.001198527982168406
0.5449298363949371
9716606928198958e-22
0.0073927654560678215
0.28522019541023885
0.16084970091890735
22940839452009738e-23
0.0025993697836488514
0.1729207090534364
0.22867787588487914
0.015289690988553798
0.02309369832968311
0.30197126178685924
0.5126739061097004
0.26867896081711745
0.12828029959222406
0.26070122594456724
13636134828853597e-24
0.239052664817995
0.23906807097746816
0.48624471283500137
0.5797829272280078
0.00576590668444039
1.3154635803677222
0.4215007431240612
10.350446568848287
2.05190191799039
2.738176623669242
0.11709551827394592
0.437838829037665
2.520046377356201
4.042449611859791
0.6896281815825727
4.925339578232537
6.926629034689364
5.187416997010925
2.443391668372401
2.8509204062782967
0.5216120951549239
28.823179637346026
619.3158729963502
4.002165301274211
6224.749820565317
1.0999898397219705
23.21868066041377
1.175089635241726
45.2098758281519
1.3025109203487775
1.3969781089005886
1.099988830291974
0.962482798418281
1.0979467069958557
3.9199157502365822
0
0.000861345776237752
0.0008613343613068129
0
0.00963466565114267
0.00762582345923553
0.008201529830446388
0.00888931957278522
0.007323935963475961
0.009285070241386584
0.008197496769462596
0.009144579896306373
0.007235394313484651
0.007783333291764275
0.008986482718007774
0.015769796811497358
0.00848469495251071
0.008427214601021643
0.008711555038646386
0.008713436310096544
0.00470817178973237
0.011369196482347717
0.01888140178189743
0.01203419447024467
0.007528491873643034
0.001902019299468684
0.007460945836182901
0.023092226221446622
0.07381225418514221
0.042144728003151305
0.11900157416767362
9120145040559132e-20
0.010140696428806308
0.2472650640298824
48061098595121575e-22
0.07575997415066237
0.010966657061701343
0.0012700403134280008
5486359249888821e-21
12044237260040987e-22
0.10604179064542099
0.09178235057691907
0.004148872810522923
0.04107958576026324
0.02038973665008513
0.005793785737698809
0.012153738418451987
0.0004829447980724586
0.4074162700222658
15699130011105941e-25
0.0808702880701008
0.0003419450132345322
0.009658562111056567
0.010954655572373245
0.0001570681368251074
0.0001708826719638122
0.4350992142282082
0.00039354726242512076
0.057818703465231575
0.26874196641994375
1317923290398179e-21
2586167694583636e-21
0.0001447318007904926
12571514269770286e-21
0.0005945773219624897
1700314869398583e-20
1443227735277015e-22
10044043430560154e-22
1907708206464407e-20
0.07854840618562967
0.07940060643263185
43500368284820894e-21
0.00021269500403550156
0.019753327714604082
0.008182300375476953
0.09439425213819921
0.020338926164073224
27829068107811116e-21
0.14469607745784616
0.03916691677392576
5573479293180224e-22
0.3160087578123803
4458964084793345e-22
0.003768890467099842
0.0009828431815404263
22994565953064355e-28
0.32485552061947864
0.4310330469019701
0.018216983521481375
0.3075783711578629
0.46616074542953495
0.007422300448998968
0.20788366758348614
2233218459458957e-25
4630623252132543e-21
0.0006295361027296513
9120891424511121e-20
0.1380468364147204
8645602513028826e-22
0.00011181807588169286
0.17352198140699238
0.0009294229158406251
0.011899767534494366
12200786401501544e-21
0.14582328225472257
0.10044590746161162
0.02140560365016238
3146935605326717e-20
0.00015345617884670665
12006679991856194e-23
0.013743818835907215
0.1749492772593192
8333314537450892e-24
11103334821786692e-21
9106359391416147e-21
9650496364837225e-20
10586436597830485e-21
0.35968826836695583
0.1734743354047978
0.0051636243610908355
0.001549089291864172
0.04246639147405164
0.005894415325748535
6760537526345439e-20
0.028688835269224514
8323887788865633e-20
0.0007211258103892625
0.08352491127226994
997038176909329e-21
0.450198664827028
0.45218122232136737
0.0018291642690493144
0.0005371728898335052
5829910104299225e-24
0.0010311209482825557
1039042132861482e-23
0.010313413330073767
0.02961337223798895
0.000904159723353697
0.00033766863238982763
0.00015455685166013548
26181830375162174e-22
0.006135603312301661
0.030958264232416915
0.021626305751078188
11257175983031478e-24
0.4657486065720949
0.06911254651139964
0
0
81781225838238e-18
6661868861410263e-20
10336385117968926e-22
7596606014934543e-22
0.00019349482928466899
0.009784746255064475
0.005400079563390625
15204233738405025e-24
0.0001315040781351536
7328746652398066e-21
0.05765658920681839
0.013466360985851597
0.10446272898567371
38456362653759934e-23
0.06209875756115632
0.007708208742414218
0.0001201480640481926
0.13001368143254496
0.00029645340641375884
18549559457236715e-29
8515050237723329e-20
37361609481722337e-22
0.00012472067649757376
0.016434938966932607
0.003908750730443161
0.00016355946139801
0.0001521223878379996
3799874515164751e-24
0.0005145631441784775
0.023121364495490078
13135133615731605e-24
0.0018069233482803397
0.0018018626591277257
4418797916903945e-20
0.11284255103809113
43372984116864705e-21
0.3698295117557463
0.001911844653062585
0.19696655106351835
0.003306146592339588
0.0007010335787527547
0.0005693911744376397
44751845520806255e-21
0.41243989009844007
1210203632858927e-20
2156777142887166e-20
0.00832394429163041
0.0064576299314407165
2171598490882072e-23
8723249804844444e-20
0.0030586201389375023
0.13944223254501098
0.03057040458912851
0.0001001159310326634
0.02319926176619614
0.00035416040037462875
0
0.1177356142871379
0.012389091310643635
0.38881068463289686
0.35444102287038814
0.37268123983446344
0.053292454539007675
0.030019133529618658
0.45966228527599035
0.382484783516631
0.4630495868406284
0.3476707990176608
0.23199040042180943
0.0007653911870675181
0.015819429836956764
0.14882047138956475
0.30590800356881753
0.1442791878694948
0.0002992610782922874
0.027267441623424378
0.2850417890284233
0.11952302518832221
0.17786313313527513
