0.7661947792540612
35.74817057587862
35.624922396832645
0
35.750263638405286
0.0002683353987061648
35.74710166846218
0
35.74889300045568
0
72.79402388958808
0
22.399274851660916
0
22.66659075870509
0
35.18229696022511
12.541968406489676
25.059647799302606
0.6607085995471023
3214494890184069e-30
4.465705814140049
2.1480621897507355
0.13491762475139643
0
0.12819129232466148
0.001227992177664477
0.14334865466527355
0.006963873595208571
1.3852140771697712
1.2536238432823503
0.11296917553610361
0.02232381034202381
0.27446793313442663
0.13220654229548182
0.0355697904286891
22183085695053829e-23
0.12624371152549693
0.12577655208007243
0.0047898100292056624
0.003622911092990027
0
0.23826200695990174
0
4.238032732843165
3.9974735405377992
4.216578333116566
0
5.523821859841855
0
0.715819851013202
0.043332109714553216
32.73122697406427
32.939467845692846
17.895109430808958
87.92236162073762
61.44133518610185
0.32720131861816126
0.0034734674938217075
0.009025509776388977
17.897246235788774
32.359153981508676
0.2867673184559533
0.24148584840985515
0.36329233581919146
0.6761664567184403
18.9446551402293
0
18.752138319462016
0
13.890098394813549
0.004950539728401568
0.00474695700623376
13.913940503685643
1.9590201328074768
1.291898100889888
2.5689163827393906
0
0.00017605925091906477
0.0029628823929292573
0.06695249601817799
0.03248117863466761
0.003948533403343268
0.00072383923879242
0.0005403265829013778
0.0008859176470453348
1.7831904432303254
0.44626714545490237
0.1576343475623912
0.21178908149675646
0.0009275284907081353
0.06486915831137198
0.005098194765701276
0.019078370321231004
0.08638578528538307
0.5401840160875218
0.023814618711129932
0.0002571418765150452
0.08185698873549668
0.0014690807863458567
0
1.0084396833308729
0.5387260478732456
0.020818447980088254
0
0.5246831950648932
4325483914654327e-20
0.020368905314543804
0
0.0016319372372311331
0
0.12868089690618145
0.8595836359884008
0
0
0
0
0.05679680842650152
0.42511407542576585
0.025715591636025596
0.03168286204304445
0.41475854078012214
0.452293404085032
0.18283532621095544
0.09555624587510388
0.04154935939844056
0.18313199015577422
0.001189479664898649
0.5409429026475282
9715904274941714e-22
0.007398507502356607
0.2856546119727268
0.1594173246250904
2142628874872369e-22
0.002599406958697753
0.17176082718983882
0.22859760334934867
0.01534419424974958
0.02316657246417943
0.3005922147240066
0.5101969165906654
0.26863854651213
0.12865029551482532
0.26090190266847146
12745776215891678e-24
0.2389251957684076
0.23893723479400816
0.486098626368445
0.5796239781089639
0.005409110315911714
1.3376852988331338
0.4228942062754293
10.369241109483248
2.052215456580681
2.738433973187042
0.11688704281817229
0.4385424661009868
2.520697644762198
4.043059731653894
0.6887817924212571
4.932507256842241
6.938225602417953
5.1920917620764495
2.443626344985591
2.8552449403879083
0.522744983873864
28.869833396943854
619.3148252139858
4.0021647693123805
6211.674049854169
1.0999898001843231
23.218679173075888
1.1750603983472527
45.20900443713501
1.3025292009057758
1.396977760406748
1.0999887907450612
0.9620835649631457
1.0978446143386857
3.973616515462704
0
0.0008613852570312176
0.0008613345318214317
0
0.0096293249702353
0.007645497023306995
0.008214869162322313
0.008889408572751195
0.007335406346924852
0.009305401347801076
0.008200847483684513
0.009171380963201763
0.007236571823846397
0.00779745630198786
0.009009299918818981
0.015818308234928604
0.00849775002993522
0.008449520479639806
0.008726498236479719
0.00873752359661625
0.004713715173376205
0.011399521933156041
0.01891670738370523
0.012066695863107857
0.007547211026554169
0.0019020085392852915
0.007460779560067246
0.023090613835618806
0.07379507746974327
0.04213927469646293
0.11895508072039863
912014257001078e-19
0.010140388623383274
0.247034356907039
4806109790908282e-21
0.07574184858155443
0.010966296842419492
0.001270035518133667
548635916049037e-20
1204423721695672e-21
0.10600531210933281
0.09175537168021793
0.004148821524758741
0.04107440910741912
0.02038848225097289
0.00579368559719226
0.012153295587488283
0.00048294410510234324
0.406582607070136
15699130011032742e-25
0.08084954302450582
0.00034194466587006195
0.009658282982862396
0.010954296144422292
0.0001570680635447049
0.00017088258522523673
0.4340625327611033
0.0003935468022917639
0.05780830597110837
0.26846162686156955
13179232852394772e-22
2586167674719306e-21
0.000144731738569704
1257151380037466e-20
0.0005945762715178661
17003147835320313e-21
14432277346583872e-23
10044043400597715e-22
19077080983733154e-21
0.07852887472947807
0.07938063409957727
43500362664515e-18
0.00021269486965240397
0.01975215098731522
0.008182100281295776
0.09436564941310459
0.020337678058869997
27829065807607784e-21
0.14462562052332648
0.03916221825133995
557347928395424e-21
0.3155930584828376
44589640788882394e-23
0.003768848157672181
0.0009828403104059089
2299456595306419e-27
0.32440978300999845
0.4300301961249788
0.018215983924953036
0.3071897913588912
0.4647782916458054
0.0074221358958396376
0.20772815885651233
22332184594574748e-26
4630623188447109e-21
0.0006295349250983528
9120888953558366e-20
0.13798312263615667
8645602490828957e-22
0.00011181803874350415
0.17341763706047225
0.0009294203484370813
0.011899343101075786
12200785959382341e-21
0.14575164356617276
0.10041334321077915
0.021404220037101337
3146935311192319e-20
0.00015345610889807448
12006679987574593e-23
0.013743251853324633
0.17484304970701792
8333314537244641e-24
11103334455627244e-21
9106359145123028e-21
9650493598590419e-20
10586436264969571e-21
0.3591061178150913
0.1733700535775336
0.005163544858006826
0.0015490821563434133
0.04246085315520344
0.0058943116684276
6760536168830817e-20
0.02868633554980105
832388573089266e-19
0.0007211242650619937
0.08350273057792863
9970381739568716e-22
0.4490184991555532
0.4509795348694841
0.0018291543179494985
0.0005371720324687085
5829910104198279e-24
0.0010311177880408646
10390421328294175e-24
0.01031309490768507
0.029610706844413467
0.0009041572936722986
0.00033766829366044677
0.0001545567807044245
26181830171570237e-22
0.006135490977689619
0.030955348112109336
0.02162489321394419
11257175982655106e-24
0.4643724870593951
0.06909754798160118
0
0
8178120597299038e-20
6661867543232767e-20
10336385086236929e-22
7596605997795003e-22
0.00019349471806990521
0.009784459757943845
0.0053999925965143095
15204233737718445e-24
0.00013150402676845608
7328746492875715e-21
0.05764625133840745
0.013465816781966216
0.1044273796748137
38456362609836495e-23
0.062086720559911025
0.007708031228749831
0.00012014802117034265
0.12995760355400532
0.0002964531453355172
18549559457236704e-29
8515048084136955e-20
37361609067138753e-22
0.00012472063029375473
0.016434126506174686
0.003908705217742083
0.0001635593819349741
0.00015212231910009436
3799874515121867e-24
0.0005145623574817536
0.023119748000811055
13135133615219183e-24
0.001806913637866365
0.00180185300306724
4418797336964572e-20
0.11280098457868476
4337297852942756e-20
0.36920123825520607
0.0019118337813416465
0.19682865444550005
0.0033061140461302057
0.0007010321183609892
0.0005693902111197967
44751839572457826e-21
0.41157351480778326
1210203589359794e-20
2156777004728741e-20
0.008323737187190412
0.006457505464814573
21715984907420105e-24
8723247544653278e-20
0.003058592288950099
0.1393771357381082
0.030567561961774816
0.00010011590126126748
0.02319763426090818
0.00035416002774542446
0
0.11769015862852387
0.012388631079009121
0.3880863589669155
0.3538814919833808
0.37203938616323146
0.05328365447971029
0.030016393706069306
0.45837140482735217
0.3817940117092696
0.46171303173070016
0.34713929049867515
0.2317911451608165
0.000765389446142913
0.015818677453777505
0.14874563532627896
0.30552463073953967
0.14420916514259827
0.00029926081224478183
0.027265186019237195
0.28471914017797667
0.11947610047604593
0.17775299836428732
