0.7666497554144168
35.74862228407051
35.624502570146554
0
35.7497833952772
0.00026834738859769905
35.746573625018186
0
35.7482527959245
0
72.74750824064355
0
22.38500624378328
0
22.661261338087055
0
35.1805576779422
12.54334693343473
25.061828007628257
0.6687916673015272
3216973455992993e-30
4.512846092456282
2.148650008715683
0.13508812636326006
0
0.12824296034841012
0.0012303444121180428
0.14312597230932006
0.006963827956274026
1.383042207454947
1.2516841920002548
0.11295007087619448
0.02229180762105505
0.2739721477370122
0.13211658163778078
0.03551612221803379
21917950432204522e-23
0.12628020476385005
0.12580556661219935
0.004862574709405975
0.0036877849823061747
0
0.2381878142617878
0
4.23221116200678
4.0000945941025705
4.216468940045208
0
5.523420782013276
0
0.7244892358575576
0.043848170717750705
32.730916079311186
32.939463635019145
17.893782143423778
87.91845993134287
61.44113339078178
0.3310022599633186
0.003485902056333894
0.009026194196628517
17.89459992198578
32.365188664423826
0.28626187319941016
0.24217674942181483
0.36777314328097577
0.6773726278562714
18.994959995336032
0
18.803264463687448
0
13.891579227763554
0.0049656084026891084
0.004942914998513392
13.910106815460061
1.978570415647026
1.2918669282739672
2.5686777293743224
0
0.00017660458605887772
0.0029984575504311745
0.06696499610606348
0.032479757404957815
0.003960396696172841
0.0007152403324678846
0.0005337437524607479
0.0008869631612305262
1.783686446305019
0.44619546167247265
0.15912049291632518
0.21172629667814785
0.0009392884042436587
0.0649047382219923
0.005103378697576499
0.01898879106724607
0.08636982076414783
0.5461850037339282
0.023814516486867932
0.0002556961953669669
0.08225018152028234
0.0014685112024493828
0
1.0082841365709285
0.5387542990267261
0.020882432367331446
0
0.5243183650431162
4369192071801612e-20
0.02058247813620153
0
0.0016294900108129592
0
0.12867785912155225
0.8593796011630175
0
0
0
0
0.05674304073763646
0.4250366455957277
0.025606110847303014
0.03162397755085733
0.4147321518839404
0.4521340729857849
0.1828391208419666
0.09670333445152855
0.041564085412158946
0.18346828719418637
0.0011881047100240978
0.5403370159562069
971579545723499e-21
0.007399652297194021
0.2857297695182713
0.15919673822288563
21203134362514452e-23
0.0025994075862388537
0.17158363391004247
0.22858524158924726
0.01535277412105402
0.023177942821850993
0.30038052145681865
0.5098184301244317
0.2686321361250444
0.12870788016904555
0.26093514136810003
12614620466592872e-24
0.23890817057178285
0.23891980862768417
0.48607638778285606
0.5795996233564499
0.00535390394601099
1.339252976133821
0.42311074007829413
10.37222614339052
2.052264552753017
2.7384772296316857
0.1168555034382377
0.43865419294749064
2.520799683747058
4.043162462490831
0.6886537294447997
4.9336278358112065
6.94004597417814
5.19283550399274
2.443663250029516
2.8559187420742678
0.522922441350845
28.877152455898283
619.3146647049051
4.00216468782143
6209.673406875978
1.0999897941275716
23.218678945231375
1.1750559196267945
45.20887095068028
1.3025320295412304
1.3969777070117324
1.0999887846868897
0.9620223873387236
1.0978289756557784
3.98232345604296
0
0.0008614002539093109
0.0008613346004492858
0
0.009628514011145771
0.007648579557942315
0.00821698629987183
0.008889494466150729
0.0073372263600786905
0.009308563914105563
0.008201431509000216
0.009175557792175137
0.007236811064065915
0.007799699221811927
0.00901287740153377
0.015825890009537037
0.00849982494516428
0.008453014419016927
0.008728863174379119
0.008741292756121136
0.0047146736289664665
0.011404269104413273
0.018922296238136238
0.012071790534482655
0.0075501482448369645
0.001902006890943751
0.007460754088642583
0.023090366845013952
0.07379244653069919
0.04213843936956695
0.11894796001794976
9120142191548817e-20
0.010140341471655304
0.24699903402083104
4806109780398889e-21
0.07573907231808187
0.010966241661659512
0.0012700347835466125
5486359146795468e-21
12044237210356665e-22
0.10599972508980536
0.09175123949754184
0.004148813668375104
0.04107361615627472
0.020388290097039605
0.005793670256872846
0.012153227751867645
0.0004829439989466982
0.4064550494370474
1569913001102153e-24
0.08084636557180189
0.00034194461265750996
0.009658240224071519
0.010954241084882436
0.00015706805231892104
0.00017088257193780318
0.43390394238483904
0.00039354673180422094
0.05780671334953466
0.2684187076280312
13179232844492185e-22
25861676716763e-19
0.000144731729038136
12571513728468188e-21
0.0005945761106009625
1700314770378179e-20
144322773456362e-21
10044043396007783e-22
19077080818148977e-21
0.07852588314483758
0.07937757499200433
4350036180354332e-20
0.00021269484906633442
0.019751970731263533
0.008182069629404078
0.09436126854207881
0.020337486869045993
2782906545524084e-20
0.14461483029279337
0.039161498536887364
5573479282540917e-22
0.31552942603727646
44589640779836395e-23
0.0037688416763548387
0.000982839870579041
2299456595306416e-27
0.3243415547392157
0.42987677616196407
0.01821583080212377
0.30713030839784883
0.4645668767012826
0.007422110688348682
0.20770434683255914
22332184594572478e-26
463062317869117e-20
0.0006295347446978191
9120888575034451e-20
0.1379733649531848
864560248742817e-21
0.00011181803305432536
0.17340165814725927
0.0009294199551384896
0.011899278083677535
1220078589165433e-20
0.14574067238165647
0.10040835564265839
0.021404008090033292
31469352661340255e-21
0.00015345609818268258
12006679986918696e-23
0.013743164999622694
0.17482678246151784
8333314537213046e-24
1110333439953547e-20
9106359107393514e-21
9650493174830574e-20
10586436213978782e-21
0.35901702173493366
0.1733540842364929
0.005163532679078714
0.00154908106325959
0.04246000480681028
0.005894295789377341
6760535960873878e-20
0.028685952638317008
8323885415632891e-20
0.0007211240283344028
0.08349933324917339
997038173504586e-21
0.44883798365378513
0.4507957312820078
0.001829152793550457
0.0005371719011295606
5829910104182815e-24
0.0010311173039259333
10390421328245056e-24
0.010313046129592754
0.029610298555343764
0.0009041569214712411
0.00033766824177069847
0.0001545567698347588
26181830140382094e-22
0.006135473769390286
0.030954901417413836
0.02162467683626211
11257175982597451e-24
0.4641620394615688
0.06909525065211389
0
0
8178120292984382e-20
6661867341301863e-20
1033638508137592e-21
7596605995169405e-22
0.00019349470103297885
0.009784415870339382
0.005399979274227312
1520423373761327e-23
0.00013150401889962008
73287464684385685e-22
0.05764466784943589
0.013465733417597638
0.1044219655888794
3845636260310788e-22
0.06208487682402836
0.007708004035884673
0.00012014801460190839
0.12994901514957086
0.00029645310534109697
18549559457236704e-29
8515047754230222e-20
3736160900362891e-21
0.00012472062321581715
0.016434002049279924
0.003908698245721802
0.00016355936976207623
0.00015212230857017303
3799874515115298e-24
0.0005145622369681965
0.02311950038081156
13135133615140687e-24
0.0018069121503376904
0.0018018515238649093
4418797248123967e-20
0.11279461838687575
4337297767349103e-20
0.3691050876833058
0.0019118321159138113
0.19680753866309608
0.003306109060421558
0.0007010318946446001
0.0005693900635497795
4475183866123349e-20
0.4114409560714747
12102035826961844e-21
2156776983564324e-20
0.008323705461423733
0.006457486398048525
21715984907205545e-24
8723247198415816e-20
0.003058588022647361
0.13936716627661147
0.030567126524511778
0.00010011589670060355
0.023197384954301688
0.00035415997066258443
0
0.11768319685003689
0.0123885605778737
0.38797551914335554
0.353795855791194
0.3719411586209348
0.05328230653154612
0.030015974016007852
0.45817397598307996
0.3816883029835024
0.46150862658196795
0.34705794078658914
0.23176063647074996
0.0007653891794519248
0.015818562199748986
0.14873417455298527
0.3054659445071993
0.14419844139951385
0.00029926077148912327
0.027264840500882084
0.2846697460371436
0.11946891373111156
0.17773613290054313
