0.7696071004567283
35.75172787498692
35.622206145063004
0
35.74726252157121
0.000268431657050352
35.74376347326501
0
35.74478961079749
0
72.50019036684391
0
22.289080636743712
0
22.624220389112455
0
35.16899097134168
12.55283163560364
25.076735184775472
0.7195558785456765
3234005643124897e-30
4.8053450531431805
2.1525679609210404
0.13623699379323875
0
0.12860118539936125
0.001246326809971285
0.14166810802747848
0.006963533459565979
1.3688271923374262
1.2389850186485833
0.11293966879038711
0.02213286889705019
0.2707338859388483
0.1317271664498016
0.0352428327535884
20410331738920219e-23
0.1265337564697592
0.12600603961519158
0.005327930210796198
0.004118001365007568
0
0.23777068862607872
0
4.203044564630653
4.012917817541163
4.215751470891131
0
5.520825142628352
0
0.7789122199812736
0.04707688197281357
32.728895704945785
32.93943670432847
17.88499575547801
87.89279577004395
61.4398325917879
0.3547557992282468
0.0035712594115874774
0.009030558806496817
17.87798748156579
32.40605234570095
0.28298780413298974
0.24655191058280854
0.3959586245121606
0.6854965265112913
19.31205845646369
0
19.127887136294103
0
13.901765312664919
0.005061267697045865
0.005123227121683421
13.88555211215245
2.0994453199229444
1.2916763177176367
2.56712695769272
0
0.00018006742730854956
0.00322122691281563
0.0670485401545566
0.03247073072659132
0.004035821721292998
0.0006666875464231197
0.0004966566963129586
0.0008939919135054432
1.7869803687613255
0.44574943711350373
0.16819491255711863
0.21130562572293998
0.0010134275350521722
0.06509400143365887
0.0051323734353991585
0.01840197808751413
0.08626159087477936
0.5835005657040233
0.023814115733414905
0.0002462923966936492
0.084361085106777
0.001464662579239117
0
1.007273124305112
0.538967604071853
0.02128853955884415
0
0.5220007223333868
4639219430013108e-20
0.02190729373669312
0
0.0016131546122608198
0
0.1286581073871538
0.8580538633969
0
0
0
0
0.05651615032769032
0.42453958750300896
0.024885732028407572
0.031229248548610637
0.4145603041566223
0.4511104954315478
0.18286171441711452
0.10390188175862569
0.04166874138728705
0.18576090872647852
0.0011792418019350964
0.536431161624341
9715080569229668e-22
0.007408668761804585
0.28626754548273936
0.15775453323861546
19807229961602044e-23
0.002599365807626239
0.1704350133982315
0.22850447203495908
0.015409665926908516
0.023252836959701123
0.2990019836048517
0.5073644010437812
0.26858905941104205
0.1290862227952026
0.2611625499394076
11794206501807577e-24
0.23880870194512005
0.2388184471679173
0.4859326091387356
0.5794412834223084
0.004995197644485924
1.3386012406166077
0.42452995180794456
10.392117041887502
2.052590663912505
2.7387835371211264
0.11665310166715223
0.439398496282475
2.5214778395294215
4.04389100742197
0.6878318165460332
4.9409738870866
6.952014597419384
5.197763390810644
2.443909479653714
2.8603098618636453
0.5240938243459919
28.92534816143021
619.3136213968942
4.002164158130289
6196.684924592641
1.099989754758687
23.218677464242102
1.175026808359907
45.208003298331626
1.3025505873744252
1.3969773598835336
1.0999887453087793
0.9616246100303375
1.0977273296455903
4.041690606570488
0
0.0008615429652307182
0.0008613356046895681
0
0.009623293486338174
0.0076688696608251585
0.00823101834974268
0.008890300969429797
0.007349284633140227
0.009329266739091353
0.008205481037068455
0.00920295120430468
0.007238568219541965
0.007814592438775867
0.00903643875875971
0.01587574942133748
0.008513583286218084
0.008476014731068482
0.008744508944867679
0.008766091243608463
0.004721476272725332
0.01143550391896052
0.018959318265745984
0.012105351385189563
0.007569501939926363
0.0019019961767585587
0.007460588526501923
0.023088761470478766
0.07377534771309258
0.04213301014834639
0.11890168584069476
9120139731546445e-20
0.010140034990767682
0.24676955833999695
480610971208784e-20
0.07572102908579129
0.01096588299348758
0.0012700300087411152
5486359057778603e-21
12044237167456297e-22
0.10596341663975244
0.09172438484576348
0.004148762602244089
0.041068462346958066
0.020387041140615115
0.005793570545786699
0.012152786829562646
0.0004829433089355745
0.40562689971946436
15699130010948636e-25
0.08082571517287095
0.0003419442667761238
0.009657962296544972
0.010953883204618979
0.0001570679793513455
0.0001708824855695104
0.4328745163553316
0.0003935462736354996
0.0577963623787485
0.2681398998110959
1317923279312536e-21
258616765189676e-20
0.0001447316670829593
12571513261076136e-21
0.0005945750646421511
1700314684878142e-20
1443227733947632e-22
10044043366173235e-22
19077079741851862e-21
0.0785064406223883
0.07935769366613248
435003562072278e-19
0.00021269471525693084
0.019750799107023712
0.008181870394906962
0.09433279783736269
0.020336244178999176
27829063164855844e-21
0.14454471341443795
0.03915682071533673
5573479273354312e-22
0.3151161277590572
44589640721037395e-23
0.003768799548063796
0.0009828370117091977
22994565953063995e-28
0.32389842061176327
0.42888087969470123
0.0182148355351072
0.3067439498035227
0.46319502167581805
0.007421946841744227
0.20754963519661299
22332184594557715e-26
4630623115277568e-21
0.0006295335720956102
91208861146294e-18
0.13790995683114768
8645602465323057e-22
0.00011181799607467026
0.17329783109303062
0.0009294173987016994
0.011898855479248066
12200785451422273e-21
0.14566937980926475
0.10037594248784874
0.021402630485246477
3146934973255132e-20
0.00015345602853265354
1200667998265537e-22
0.01374260046393918
0.17472108225080352
8333314537007679e-24
11103334034938946e-21
9106358862151672e-21
965049042039204e-19
10586435882538656e-21
0.3584384357830715
0.17325031936824517
0.005163453516746169
0.0015490739582335374
0.042454490955386434
0.005894192576593364
6760534609153942e-20
0.02868346383825286
8323883366444687e-20
0.000721122489606956
0.0834772539811533
9970381705647305e-22
0.44766640051401596
0.44960283257857125
0.0018291428849876532
0.0005371710474258814
5829910104082299e-24
0.0010311141571844207
10390421327925782e-24
0.010312729077616134
0.029607644813611646
0.0009041545021681024
0.000337667904487529
0.00015455669918195032
26181829937659154e-22
0.006135361916621062
0.030951998059008588
0.021623270434101085
11257175982222689e-24
0.46279645284080095
0.0690803198721139
0
0
8178118314939392e-20
6661866028751133e-20
10336385049779362e-22
759660597810302e-21
0.00019349459029299398
0.009784130605708668
0.005399892680162959
15204233736929622e-24
0.00013150396775219752
7328746309597121e-21
0.05763437623130605
0.013465191561781512
0.10438678087161617
38456362559371913e-23
0.06207289387529441
0.0077078272845994885
0.00012014797190709446
0.12989320435371216
0.00029645284537749717
18549559457236704e-29
8515045609836773e-20
3736160859081496e-21
0.00012472057720923268
0.016433193102437616
0.0039086529278931055
0.0001635592906382621
0.00015212224012570212
3799874515072597e-24
0.0005145614536307627
0.023117890915458298
13135133614630457e-24
0.001806902481431154
0.0018018419090793595
4418796670660078e-20
0.11275324689693345
43372972109903965e-21
0.36848071903343393
0.0019118212906682446
0.1966703412833382
0.0033060766534986122
0.0007010304404898121
0.0005693891043456003
4475183273827571e-20
0.4105803643433081
12102035393827233e-21
215677684599562e-19
0.008323499246887784
0.006457362465441453
21715984905810898e-24
872324494787265e-19
0.00305856029182462
0.13930238215647303
0.03056429633349225
0.0001001158670562931
0.023195764526666524
0.0003541595996243483
0
0.11763795532672953
0.012388102330272792
0.3872558315141702
0.35323972544597326
0.37130331144319123
0.053273545699624135
0.0300132461736401
0.45689275961598713
0.38100190931070854
0.46018219707515373
0.3465296321372795
0.2315624278419149
0.0007653874459627665
0.015817813069031888
0.14865970104779655
0.30508475867122065
0.14412875650450155
0.00029926050657747775
0.02726259473829938
0.2843488929266395
0.11942221042514482
0.17762654638477918
