0.7702895646972617
35.752462295979846
35.62177605313435
0
35.74680933876907
0.0002684525045552453
35.74325329994609
0
35.744147137594624
0
72.45414675904223
0
22.26627733278771
0
22.615086237820087
0
35.16625192547322
12.55513164682946
25.080332323084
0.7308168075089251
32381417247634982e-31
4.869397431987933
2.153490063120842
0.13651108935649
0
0.12868945119897204
0.0012501772065347887
0.1413293209262443
0.006963466057827654
1.3655247027489732
1.2360337610005283
0.11295767711360627
0.022106466317915963
0.2699832160866053
0.13167412844953033
0.03519556204236452
20108623938951064e-23
0.12659648321170192
0.12605542906446826
0.005433108242642144
0.004218747325336605
0
0.23768801981651042
0
4.198397221385192
4.015054458804547
4.21558412480019
0
5.520228911009285
0
0.7909789967156612
0.04779011207463063
32.728429585539104
32.93943061196777
17.882931959907438
87.88681352422631
61.43953632840102
0.3599964345647916
0.003592011314654815
0.009031542714743547
17.874303600798335
32.41583702205379
0.28223499886207054
0.24752964524091312
0.4022220232298479
0.6874348604979994
19.382536766496926
0
19.200510448268467
0
13.90423279689566
0.0050827096547538505
0.004983380405396773
13.879985899629318
2.1258206307293683
1.2916349367926596
2.566769204924958
0
0.00018084356860218636
0.003270484623188355
0.06706820888565557
0.03246868265761041
0.0040527547792368465
0.0006570892566040259
0.0004893418433706219
0.0008956650667166269
1.7877534116781517
0.4456512449265455
0.17014508227498074
0.21120569683170573
0.0010299340747375444
0.06512945769950045
0.005138149971943218
0.0182659393160273
0.08623545336813143
0.5916878101167613
0.023814035181004597
0.00024412677904951042
0.08474413965437352
0.0014637414059447717
0
1.0070398295098262
0.539023115986699
0.021379541414498597
0
0.5214786496163346
4698067844848052e-20
0.022197338375760566
0
0.001609300466931465
0
0.12865354780820062
0.8577480377678437
0
0
0
0
0.056489418387325574
0.42442642231742705
0.024718002359375584
0.031135241379021242
0.41452056813457333
0.4508766278018658
0.18286645009793837
0.1054975802237071
0.04169495393880631
0.18631413352212964
0.0011772150997260897
0.535537912017934
9714913740708592e-22
0.007411112966582144
0.286402746075328
0.15741952509016158
19498121149817146e-23
0.0025993434872268865
0.1701707144309784
0.22848573027898386
0.015423015227398576
0.023270310046534324
0.29868328227191965
0.5067995828200957
0.2685787735657577
0.12917425569630525
0.26121710599611386
11612511442480842e-24
0.23878775804352642
0.23879723251581417
0.4858995975399809
0.5794047352019932
0.004912982811277544
1.3359877210322413
0.4248591510099151
10.39679783960565
2.0526676387476095
2.7388604080273127
0.11660703587738402
0.43957359991482897
2.521638003837033
4.044074091484703
0.6876447371832071
4.942672185006065
6.954788328976409
5.198911058489421
2.443967875000859
2.8613170511756327
0.524367442176123
28.93655252094932
619.3133806337567
4.002164035893882
6193.691442690445
1.0999897456735601
23.218677122475363
1.175020090477662
45.207803073231354
1.3025549104569427
1.3969772797621804
1.0999887362215224
0.9615327853592406
1.0977038742102616
4.056018375539342
0
0.0008615851137707794
0.0008613360092494106
0
0.009622101708722271
0.007673585944824992
0.0082342924974445
0.008890515721530087
0.0073520969321869585
0.009334055900219101
0.008206447632044546
0.009209300614302262
0.007238997016754908
0.007818076945508264
0.009041918435626645
0.01588733881438317
0.008516793315337919
0.008481362839581412
0.008748154666703008
0.0087718557177311
0.00472316673516031
0.011442763450939539
0.01896796236058018
0.012113160598404832
0.00757400449839654
0.0019019937042628547
0.007460550320375834
0.023088391015283094
0.07377140239479825
0.042131757350484245
0.11889100974115521
9120139163853684e-20
0.010139964265724475
0.24671663269715316
4806109696323752e-21
0.07571686587341858
0.010965800225575369
0.0012700289068654726
548635903723625e-20
12044237157556212e-22
0.10595503953299949
0.09171818873473854
0.004148750817841579
0.04106727309818662
0.02038675293076716
0.005793547535779752
0.012152685080533245
0.00048294314970237826
0.4054360279951546
15699130010931816e-25
0.0808209504453111
0.00034194418695739206
0.009657898160559238
0.010953800618526306
0.00015706796251267906
0.00017088246563837212
0.43263730354723257
0.000393546167904332
0.057793973956408215
0.26807560068309794
1317923278127148e-21
25861676473322508e-22
0.00014473165278561462
12571513153216433e-21
0.000594574823267302
17003146651473645e-21
1443227733805481e-22
1004404335928834e-21
1907707949347561e-20
0.0785019545701053
0.07935310637505931
4350035491577047e-20
0.00021269468437784965
0.01975052874206869
0.008181824418404279
0.09432622889473863
0.020335957415156487
27829062636305485e-21
0.14452853742484054
0.03915574129740927
5573479271234328e-22
0.3150208281388822
445896407074684e-21
0.0037687898262173535
0.0009828363519711841
2299456595306396e-27
0.323796244899172
0.4286513852769254
0.01821460586582593
0.3066548591714656
0.4628790154808604
0.007421909031503012
0.20751394887985666
22332184594554308e-26
463062310064366e-20
0.0006295333014954106
9120885546843714e-20
0.13789532832636067
8645602460221877e-22
0.00011181798754090543
0.17327387983355952
0.0009294168087557465
0.011898757957280414
12200785349830263e-21
0.14565293263038526
0.10036846401509589
0.021402312589041267
3146934905667699e-20
0.00015345601245957442
12006679981671525e-23
0.013742470189767006
0.1746966989713444
8333314536960286e-24
11103333950801286e-21
9106358805557401e-21
9650489784752491e-20
10586435806052473e-21
0.358305048420248
0.1732263824512309
0.005163435248687934
0.0015490723186167687
0.04245321862982263
0.005894168758515263
6760534297218611e-20
0.028682889530441655
8323882893555174e-20
0.0007211221345164731
0.08347215959462014
9970381698863023e-22
0.44739646975640657
0.44932799684950925
0.0018291405984038594
0.0005371708504175327
5829910104059102e-24
0.0010311134310146662
10390421327852105e-24
0.010312655913159583
0.029607032445449526
0.0009041539438682973
0.00033766782665299924
0.00015455668287746064
2618182989087694e-21
0.00613533610473313
0.030951328091895672
0.021622945892745996
11257175982136205e-24
0.462481888447369
0.0690768747657094
0
0
817811785846754e-19
6661865725854848e-20
1033638504248785e-21
7596605974164624e-22
0.00019349456473762187
0.009784064776590376
0.005399872697114541
1520423373677186e-23
0.00013150395594894898
7328746272941404e-21
0.057632001503454024
0.013465066521228102
0.1043786630052313
38456362549278997e-23
0.06207012890789659
0.007707786496416956
0.00012014796205444723
0.1298803283436458
0.0002964527853859295
18549559457236704e-29
8515045114976823e-20
373616084955502e-20
0.00012472056659233098
0.016433006428052007
0.003908642470007253
0.00016355927237892583
0.0001521222243308286
3799874515062743e-24
0.000514561272860755
0.023117519516288498
13135133614512711e-24
0.0018069002501523777
0.0018018396902899803
441879653739919e-19
0.11274370178518275
43372970825999355e-21
0.3683367840135489
0.0019118187925433571
0.1966386939343116
0.0033060691750230434
0.0007010301049160586
0.0005693888829910192
44751831371439416e-21
0.41038202201914353
12102035293873095e-21
21567768142489972e-21
0.008323451659643469
0.0064573338659468325
21715984905489056e-24
8723244428516617e-20
0.0030585538924396928
0.1392874362520377
0.0305636432497022
0.00010011586021529963
0.0231953905979027
0.0003541595140001952
0
0.11762751744536985
0.012387996583233607
0.3870899394307218
0.35311151186785505
0.371156271349091
0.05327152417375464
0.03001261670676156
0.4565976034563614
0.38084368614377906
0.45987663975121745
0.3464078290096632
0.2315167114673745
0.0007653870459273644
0.01581764019775079
0.14864252015059817
0.3049968602822371
0.14411268015782505
0.0002992604454440544
0.02726207651166558
0.2842749012725251
0.11941143533218766
0.17760126678575025
