0.7740199262493829
35.75633568115648
35.61998920218146
0
35.745015304163076
0.00026857385669619346
35.741203182943956
0
35.74149477342322
0
72.25479418775646
0
22.138510234593703
0
22.5613626824255
0
35.15075115691123
12.568238808865413
25.100755959601333
0.7892792522088542
3261857921773747e-30
5.19713367440532
2.1585850237997324
0.1380569820191912
0
0.12920965496272735
0.0012722002489395522
0.1394642067699757
0.006963101551968052
1.3473486956641672
1.2197852896951262
0.11312334599428153
0.022010954381318972
0.26586282923361365
0.13152740489277398
0.03501193174243082
1870005595714066e-22
0.1269692972183224
0.12634845953632623
0.005990472776308837
0.004772440410734691
0
0.23729885387286512
0
4.184484781621548
4.02343200155894
4.214655992954526
0
5.516987646176976
0
0.8536029455179194
0.051474423005026436
32.72588267195777
32.939398244130324
17.87144692210303
87.85386554623321
61.43793464606624
0.387031262339809
0.003711682514204284
0.009036743211198522
17.855177213233283
32.47108330515088
0.2781379118925251
0.2526373174461064
0.43481848220973857
0.6983788147825774
19.747975534605313
0
19.579266935971003
0
13.918263946141531
0.0051951959007250715
0.00516623279394105
13.850306792692976
2.260299859436081
1.2914222357735692
2.5648145091386727
0
0.00018491172110107821
0.0035252304390449405
0.06717641347299445
0.03245753588804531
0.004141748120500589
0.0006130321434407734
0.0004558400372853548
0.0009050787452739772
1.7920179435612702
0.4451438925213147
0.17987906305722418
0.21064341344743492
0.0011159372746381926
0.0652897483521792
0.00516608108282506
0.01752346936832467
0.08608433937590367
0.6336362453469474
0.023813115416172207
0.00023238348591543383
0.08622193254786167
0.0014585219891877015
0
1.0057647861025492
0.5393561695283485
0.02185669712844865
0
0.5187040752260379
49974401622562355e-21
0.023681224681599614
0
0.0015879033003900157
0
0.12862861537029657
0.8560770933680267
0
0
0
0
0.05646420545746536
0.42381801252859863
0.023798365102463297
0.03060275450006461
0.41430284662117506
0.4496071043588198
0.18288953460928883
0.11377879128946228
0.0418501889007223
0.18947373515425564
0.0011662633542247666
0.5307103710577705
971398968405723e-21
0.00742658242126562
0.2872034366910579
0.15557262936627977
17890115263646436e-23
0.0025991257930989995
0.16873107843540106
0.22838261086201042
0.015496832668675017
0.023366498915316208
0.2969379415300297
0.5037220578677095
0.2685202863555365
0.1296573025039692
0.26152132967224356
10666937677495467e-24
0.23867858407146714
0.23868753585893365
0.4857200100034406
0.579204908839564
0.004472848614552332
1.3080881688840007
0.42665693226978574
10.422663709666283
2.053099583491481
2.7393208922972447
0.11635946293535611
0.44054088444889816
2.522537377737166
4.045172359070772
0.6866392440986763
4.951845913770746
6.969796375031459
5.205120061121563
2.4442974358320306
2.8666887582485945
0.5258729035559644
28.997608569614027
619.3120646198628
4.002163367747595
6177.35455430709
1.0999896960140971
23.218675254372428
1.1749833710937778
45.20670865497972
1.3025787867902667
1.3969768417199466
1.0999886865504234
0.9610306755290225
1.0975756752425267
4.137856896624461
0
0.000861855625710094
0.000861339675749654
0
0.009615676689081731
0.007699284605205319
0.008252099414874278
0.008891533424141495
0.007367381019664589
0.009360050377305038
0.008211620502320566
0.00924384627609149
0.007241213454140263
0.007837119543753842
0.009071794355938134
0.015950606641988385
0.00853423153442623
0.008510530759919718
0.008767970497148576
0.00880329932611966
0.004732983820846897
0.01148233921186735
0.019015122315960448
0.012155786629532556
0.007598554611372765
0.001901980189614611
0.007460341488475629
0.023086366205698487
0.0737498409437262
0.04212491019357796
0.11883267093094457
9120136060835682e-20
0.010139577690110601
0.24642754073200032
4806109610156968e-21
0.07569411372597375
0.010965347825749866
0.0012700228840107088
54863589249513884e-22
12044237103442176e-22
0.10590926182199543
0.09168432807865182
0.004148686404681543
0.041060773252017464
0.02038517764266483
0.0057934217642917
0.012152128933601642
0.00048294227933185234
0.40439430588865655
1569913001083987e-24
0.08079491132384857
0.00034194375066712854
0.009657547599658705
0.010953349212493198
0.00015706787047226368
0.00017088235669446045
0.4313429894542767
0.00039354558997641047
0.057780920541959234
0.2677244128953455
13179232716477949e-22
2586167622382563e-21
0.00014473157463610177
12571512563653422e-21
0.00059457350390986
1700314557298593e-20
14432277330284815e-23
10044043321655377e-22
1907707813584672e-20
0.07847743825900552
0.07932803684689162
4350034785664267e-20
0.00021269451559232755
0.01974905098786645
0.008181573114596843
0.0942903310215095
0.020334390030401807
27829059747240105e-21
0.1444401511658615
0.03914984170583059
557347925964645e-21
0.3145004278269107
4458964063329998e-22
0.0037687366868767373
0.0009828327458394142
2299456595306375e-27
0.3232383199808674
0.4273991331503388
0.018213350540665762
0.3061683452736514
0.46115552601625914
0.007421702363462848
0.20731899524901226
223321845945357e-24
4630623020654462e-21
0.0006295318223920119
9120882443317778e-20
0.1378153960782901
8645602432338735e-22
0.00011181794089520817
0.1731430203137084
0.0009294135841073998
0.011898224914613021
12200784794526555e-21
0.1455630648721123
0.10032759639661752
0.021400575046227187
31469345362336256e-21
0.00015345592460387072
12006679976293816e-23
0.013741758130671956
0.17456347965766145
8333314536701235e-24
11103333490903379e-21
9106358496212131e-21
9650486310336258e-20
10586435387977671e-21
0.35757682744931435
0.173095601273501
0.005163335396302191
0.0015490633564733164
0.04244626474969485
0.005894038570181933
6760532592174851e-20
0.028679750557035706
8323880308733244e-20
0.0007211201935887322
0.08344431908171654
9970381661780024e-22
0.44592389716340025
0.44782870611412273
0.0018291280999471052
0.0005371697735677077
5829910103932313e-24
0.0010311094617670427
10390421327449373e-24
0.010312256004124935
0.029603685454109217
0.0009041508921978274
0.00033766740120840666
0.00015455659375686345
26181829635164533e-22
0.0061351950184183315
0.030947666296123902
0.021621172030063165
11257175981663485e-24
0.4607662485066972
0.06905804678942237
0
0
817811536338481e-19
6661864070218664e-20
10336385002632314e-22
7596605952637279e-22
0.00019349442505156767
0.009783704961297874
0.00539976347072694
1520423373590951e-23
0.00013150389143220344
7328746072580612e-21
0.0576190229282222
0.013464383067881329
0.10433430175957978
3845636249411096e-22
0.062055017723770714
0.0077075635513075055
0.00012014790819971842
0.12980997039822456
0.0002964524574711794
18549559457236697e-29
8515042410064133e-20
3736160797483136e-21
0.0001247205085601754
0.016431986100047213
0.003908585307513561
0.00016355917257310833
0.00015212213799580085
3799874515008881e-24
0.0005145602847698333
0.023115489547327613
1313513361386911e-23
0.0018068880539920018
0.0018018275623964582
44187958089929064e-21
0.11269154231396279
4337296380815486e-20
0.36755102564817005
0.001911805137806431
0.19646579893992425
0.0033060282978428866
0.0007010282706668535
0.000569387673064503
4475182390028889e-20
0.40929957137556583
12102034747522026e-21
21567766407214072e-21
0.008323191551736202
0.0064571775428441955
21715984903729874e-24
8723241589707946e-20
0.0030585189135256432
0.1392057700084231
0.03056007372880646
0.00010011582282231712
0.023193346803218714
0.00035415904597743296
0
0.11757048016643423
0.012387418584007553
0.38618442541304465
0.35241151613603994
0.37035357601243984
0.05326047583326994
0.03000917626301358
0.4549876409681814
0.37997999596746024
0.4582100398638995
0.34574280715348626
0.2312669844098436
0.0007653848593305098
0.0158166953136717
0.1485486441474731
0.30451685347587576
0.1440248382471626
0.0002992601112879068
0.02725924404983852
0.2838708017019658
0.1193525556625661
0.1774631516175134
