0.787981056922242
35.76203974603832
35.617214970979525
0
35.74233180956424
0.0002690743873992771
35.73837090942466
0
35.73808725579484
0
71.90851354434172
0
21.649996197746834
0
22.309090466347623
0
35.08235620698801
12.619195810005335
25.179517746343464
0.9652846429958479
3358395629165157e-30
6.134745124612676
2.176821009700019
0.14418784796516257
0
0.1317115879748592
0.0013660716078372794
0.13235411725202934
0.006961796715781371
1.278113065159252
1.157828178640434
0.11344546464428513
0.021912076802154897
0.25033490074412823
0.13117781130245337
0.03472018730487771
15610595929645644e-23
0.12885871803223695
0.1278627517497364
0.007785627570029356
0.006729782940487488
0
0.23597573109688444
0
4.210313710280464
4.044732502225505
4.210968684117886
0
5.50509480539516
0
1.0420001420710243
0.062361056356857014
32.7163651136761
32.93929216231404
17.82658639835917
87.73034934435465
61.432200123356765
0.4664035963426311
0.004227678075726
0.00905335723481156
17.797350651306473
32.68491263513534
0.263054550938379
0.268247032399616
0.5340405455882828
0.7422672579049209
20.824396443751127
0
20.705984758837115
0
13.973121028654653
0.0055460076150219036
0.005382918255397438
13.750995953700057
2.642046124638986
1.2907458711976532
2.5575109947478887
0
0.0001974575221298459
0.0042815243433177615
0.06754412277912943
0.03241178419901204
0.004421331160807851
0.0005202505135218415
0.00038572617313348
0.0009421650344360145
1.807367956307878
0.44361480543641324
0.2044295901858287
0.20838910784261025
0.00137713499856358
0.06575607880710092
0.005258813968377725
0.0148914840895172
0.08539350025793625
0.7532094454913091
0.02378939659199191
0.00019141264075785808
0.08521157144951731
0.001437332267889463
0
1.000995558459052
0.5406624240003198
0.023339539648418756
0
0.5093175052223948
583374429705482e-19
0.02793015758707039
0
0.001508944159483006
0
0.12853515929870546
0.8498337344405463
0
0
0
0
0.0569734828368584
0.42168232349544077
0.020493192967576526
0.02837469956147699
0.4134801268878298
0.44482063133425553
0.18294585551431844
0.13874851605198765
0.042551625745322806
0.20254660076941403
0.0011272445947221516
0.5134988873565671
9710353499939253e-22
0.0075057296738689225
0.2907490048905364
0.1484110997141801
12942488123752755e-23
0.0025967812890736147
0.16341620946742605
0.22798665269911494
0.015769613309549096
0.02372161293822111
0.29037107476307816
0.49234810533126266
0.2682682782752701
0.13141812979577128
0.2625521287733189
7748442383351168e-24
0.2381460255145777
0.2381619384931211
0.4850520568489571
0.5784562735974451
0.0030885474242340295
1.0950788476596969
0.43304607067830747
10.515433039611533
2.054864789138671
2.741578564916564
0.11549154116364226
0.4440055806303543
2.526221456849313
4.050577204115113
0.6831138918896398
4.98147699592366
7.0180940010429484
5.22415030117476
2.445670273194988
2.8827224154163273
0.5313458959781729
29.206696728998363
619.3071393735815
4.002160867165871
6116.594143883728
1.0999895101602155
23.218668262872054
1.1748459564967535
45.20261295569935
1.3026709299427004
1.396975200887519
1.0999885006529837
0.9591487084170677
1.097096014763166
4.476838401819321
0
0.0008629129261362822
0.0008613780047093018
0
0.009592920161175666
0.00778657445037606
0.008309211282905392
0.008884496401437642
0.007416170716545349
0.009448201122272466
0.008221332684122654
0.00936215696596184
0.007240675548920458
0.007900285566876622
0.009173493516615843
0.016170242621002303
0.008589409671397248
0.008610373938623126
0.008831862268522839
0.008911412360036085
0.004772427314858573
0.011617683166448815
0.01917133158721449
0.012302169635938644
0.0076819479779282876
0.001901929610980769
0.007459559972825973
0.023078789794509374
0.07366920166528082
0.04209929411941848
0.11861458792004097
9120124447590097e-20
0.010138131035491382
0.2453485975227358
4806109287671956e-21
0.07560902293144524
0.010963654854404105
0.0012700003433224571
5486358504717713e-21
12044236900916746e-22
0.10573811109517454
0.09155771318335654
0.00414844534294423
0.04103645626618357
0.02037928310046287
0.0057929510802129216
0.012150047741917538
0.00048293902192515174
0.40051928852614593
15699130010495765e-25
0.08069753257982105
0.0003419421178262187
0.00965623571467694
0.010951659959936522
0.0001570675260052562
0.00017088194896511144
0.4265332018543178
0.0003935434270495676
0.05773209341409033
0.2664141468917964
13179232473983787e-22
25861675290066655e-22
0.0001447312821566333
12571510357174172e-21
0.0005945685661512877
1700314153667325e-20
1443227730120509e-22
10044043180811467e-22
19077073054829534e-21
0.07838575223442835
0.07923428270816146
4350032143738911e-20
0.0002126938839022722
0.019743521373894363
0.008180632661582756
0.09415610200172904
0.020328525058873295
27829048934719972e-21
0.14410983903865218
0.039127769972460334
5573479216278039e-22
0.31256041228839726
44589640355719677e-23
0.003768537815946015
0.0009828192497645357
22994565953063014e-28
0.3211587664185168
0.422744874466083
0.018208653169009787
0.3043543741952415
0.45476200767760067
0.007420928945400941
0.2065909921219278
22332184594466077e-26
4630622721289487e-21
0.0006295262867782407
9120870828171213e-20
0.13751665520512274
8645602327984178e-22
0.00011181776632070077
0.17265414615841745
0.0009294015157419287
0.011896230178253728
1220078271626507e-20
0.1452272205116803
0.10017479419014846
0.021394073426394707
3146933153601981e-20
0.00015345559579839756
12006679956167398e-23
0.013739093528714793
0.17406579830542462
8333314535731713e-24
11103331769704481e-21
91063573384666e-19
9650473307109377e-20
10586433823304552e-21
0.3548645216745379
0.17260701951001975
0.005162961709124609
0.001549029815504819
0.0424202494897298
0.005893551357049184
6760526210936956e-20
0.02866800578487088
8323870634869281e-20
0.0007211129295816141
0.08334020645947454
9970381522994393e-22
0.44045557971044186
0.4422617715921028
0.0018290813243844017
0.0005371657434034878
58299101034578005e-25
0.0010310946067246735
10390421325942114e-24
0.010310759455109522
0.029591162469961182
0.0009041394712058884
0.0003376658089579715
0.0001545562602174506
2618182867814358e-21
0.0061346670221251965
0.03093396562180781
0.021614534520228695
11257175979894278e-24
0.45440164072477507
0.06898762734572143
0
0
8178106025375508e-20
66618578738918e-18
1033638485347028e-21
7596605872069754e-22
0.00019349390226794722
0.009782358445634255
0.005399354703183434
1520423373268213e-23
0.0001315036499741961
7328745322716823e-21
0.05757047566478504
0.013461825505310073
0.10416844404967374
384563622876409e-21
0.06199849573563661
0.00770672922136881
0.00012014770664496375
0.12954698910512624
0.00029645123023124475
18549559457236654e-29
851503228675288e-19
37361606026005844e-22
0.00012472029137114367
0.01642816801560839
0.003908371380429706
0.0001635587990436194
0.00015212181488154903
37998745148072996e-25
0.0005145565867894988
0.023107893832868303
13135133611460375e-24
0.0018068424097666235
0.0018017821736582777
4418793082884142e-20
0.11249654602544731
43372937543406703e-21
0.36462511878084014
0.0019117540348944984
0.19582007574887303
0.0033058753167139283
0.0007010214059076084
0.000569383144855415
44751795939013265e-21
0.405273704036359
12102032702766388e-21
2156775991282775e-20
0.00832221815241739
0.006456592526633056
2171598489714603e-23
8723230965282491e-20
0.003058388006121704
0.13890055327361076
0.030546718254497056
0.00010011568287667236
0.02318569936129141
0.00035415729437604634
0
0.11735725962887214
0.01238525562209566
0.38281423659996977
0.3498040273527852
0.3673648102209153
0.05321914700249807
0.02999630366906722
0.44901246438947456
0.3767649239104183
0.4520261008514338
0.3432652281573209
0.2303347522063417
0.000765376675899176
0.01581315952192522
0.1481978327080232
0.3027270901525099
0.1436965588605316
0.0002992588606892119
0.027248645981125637
0.28236352298067946
0.11913245205111321
0.17694719878474163
