0.790896533868375
35.76055385354309
35.61638936088893
0
35.74136940044613
0.00026917559285213985
35.7375100461097
0
35.73738866767478
0
71.87183919259432
0
21.551571337161107
0
22.247799629867284
0
35.065500987607
12.629167543492912
25.194733556164586
0.9947908863773299
33783486796255814e-31
6.284472918709225
2.180239170993166
0.14547138785949298
0
0.13233618993473822
0.0013873467207224292
0.13085591987419953
0.006961535412407951
1.2635310178078252
1.144769793857443
0.11331725963659285
0.02188147728216073
0.24709716302145335
0.13093424295725342
0.034645853065180136
1521258624885858e-22
0.12935493377250987
0.12827300696252483
0.008105062137962095
0.007096281288919574
0
0.23559258510721875
0
4.218820757102983
4.050288111435311
4.21015823609768
0
5.502651435046639
0
1.0735751331101084
0.06415392359115377
32.714380353548066
32.9392728887034
17.8170671148697
87.70504396066471
61.43104548165284
0.47935154314171496
0.004344090639796868
0.009056283823592758
17.787536952941963
32.72758933182369
0.2599514621815466
0.2709018144026909
0.5508911081036213
0.7515997226737867
20.99904032170198
0
20.889216902052798
0
13.98427111433212
0.005607144637446481
0.005340322660815774
13.732471096398442
2.7028938337108106
1.290619787438971
2.5559882677791053
0
0.00019959942768895485
0.004406725051505379
0.06760722377856489
0.032400775352980325
0.004470453358240014
0.0005083806070966765
0.0003768024748063568
0.0009499044327912479
1.8102892865650049
0.4433551098050835
0.20766152127995002
0.20790523245134618
0.0014211887287483248
0.06585324014226333
0.005278847154438613
0.014388604485421801
0.085226989965635
0.7720190675269957
0.023778930053320504
0.00018365625701813353
0.08419747370797552
0.0014327791149622623
0
1.00000010838416
0.5408817760067589
0.023596584824386174
0
0.5075192626565155
59635787962059405e-21
0.028610420074082987
0
0.0014935434813697001
0
0.12851561458155256
0.8485320855239769
0
0
0
0
0.05704227309124218
0.421260824601347
0.019855198597359507
0.02787472306932385
0.4133067491321662
0.4437924733314222
0.18295383756107453
0.14295407717441713
0.04271097483512946
0.20538102852064274
0.0011194974073467003
0.5100787802316161
9709559837371637e-22
0.007524529680361261
0.2915315765254683
0.14686878490174546
12092372218250564e-23
0.0025960005392457993
0.16232033644854674
0.22790199543820025
0.015823567044646655
0.02379270535086801
0.2889952723567659
0.4900012374374691
0.26820925322261824
0.13176648427530338
0.26271927942667744
7244884931840591e-24
0.23798305578152998
0.2380012327708821
0.48491175972935313
0.5782997841974916
0.0028641529066631547
1.0456022914996435
0.4342739565340883
10.532879712858197
2.0552571217212714
2.742134929595186
0.11532045569641751
0.44465639154968156
2.527041744865997
4.051912046827654
0.6824189016718045
4.986372681775203
7.025943420389773
5.226888659807522
2.4459791710762167
2.885052330386533
0.5324145851384338
29.244619044047113
619.306110848507
4.0021603449742384
6103.981290135093
1.0999894713486993
23.218666802850304
1.1748172624905744
45.20175770527477
1.3026905273721627
1.3969748579581167
1.0999884618323716
0.9587551742516066
1.0969958746149508
4.550561868706223
0
0.0008630626322743471
0.000861390184966118
0
0.009588388013027355
0.007802036262333601
0.008318189093172078
0.008879803883352397
0.007423774990422487
0.009463993155420245
0.008220430602818242
0.009383589265834153
0.007237939866611973
0.007910811311211808
0.009191554218402198
0.016210612526204007
0.008597840165979568
0.00862828576013408
0.00884205889858204
0.00893096888452267
0.004780338719124263
0.011641954429222485
0.019197452846961487
0.01232851727704457
0.007696691381198853
0.0019019190489085241
0.007459396780700344
0.023077207940512972
0.07365237304697958
0.04209394672874018
0.11856909659133323
9120122022419491e-20
0.010137828959351025
0.24512388076365121
4806109220328013e-21
0.07559126565601958
0.010963301347340167
0.0012699956362429575
5486358416961099e-21
12044236858623737e-22
0.1057024049319599
0.09153129450814382
0.004148395004238057
0.04103138001322719
0.02037805236933112
0.005792852792959149
0.012149613175519741
0.0004829383416897434
0.3997147744398513
15699130010423906e-25
0.0806772119764224
0.00034194177684407324
0.009655961778670586
0.010951307229351588
0.00015706745407094718
0.00017088186381987282
0.4255355723029607
0.00039354297537107913
0.05772190214485918
0.26614133691064695
13179232423344183e-22
25861675095071505e-22
0.00014473122107876464
12571509896399265e-21
0.0005945675350135268
17003140693777703e-21
14432277295132426e-23
10044043151399296e-22
19077071993770338e-21
0.07836661913691018
0.07921471819563806
4350031592030756e-20
0.00021269375198784986
0.019742366830328987
0.008180436282174394
0.09412809533274154
0.020327300501308973
27829046676762035e-21
0.1440409559712698
0.039123162344277984
5573479207221495e-22
0.3121567953888845
445896402977531e-21
0.0037684962874240924
0.0009828164314277174
22994565953062864e-28
0.3207261886452519
0.4217793499612175
0.01820767237854863
0.30397692462788156
0.45343809039117816
0.007420767444119155
0.20643928754684993
2233218459445154e-25
4630622658773659e-21
0.0006295251307924587
9120868402603632e-20
0.13745435148743798
8645602306192011e-22
0.00011181772986466558
0.17255222983384733
0.0009293989955473979
0.011895813663382262
12200782282265633e-21
0.14515718462041793
0.10014291417539534
0.02139271595455113
3146932864869663e-20
0.0001534555271346512
12006679951964436e-23
0.013738537150063216
0.17396204765997178
8333314535529249e-24
11103331410269751e-21
9106357096696775e-21
965047059167191e-19
10586433496556805e-21
0.35430071787589046
0.17250516408425304
0.005162883676140135
0.0015490228112984307
0.04241481878423472
0.005893449618320492
6760524878355677e-20
0.028665553753082496
8323868614695686e-20
0.0007211114126617568
0.08331848121548989
9970381494012047e-22
0.43932213256851615
0.44110800242506076
0.0018290715564816408
0.0005371649017956075
5829910103358709e-24
0.0010310915046008234
10390421325627355e-24
0.010310446960976454
0.02958854798719472
0.0009041370861995978
0.00033766547645222285
0.00015455619056512637
26181828478290677e-22
0.006134556767376988
0.03093110530112811
0.0216131486786091
11257175979524817e-24
0.4530836687018413
0.06897293085020453
0
0
8178104075337742e-20
6661856579925117e-20
10336384822321052e-22
7596605855244989e-22
0.0001934937930961946
0.009782077278664722
0.005399269344923567
15204233732008163e-24
0.00013150359955102557
7328745166124173e-21
0.05756034279404554
0.01346129147559753
0.10413384158543632
38456362244524145e-23
0.061986698853592946
0.0077065550011995694
0.00012014766455470197
0.12949213849269328
0.00029645097394965353
18549559457236646e-29
8515030172722142e-20
37361605619036256e-22
0.00012472024601600993
0.01642737080412069
0.003908326707912647
0.0001635587210402588
0.00015212174740628754
37998745147652035e-25
0.0005145558145504994
0.023106307949009825
13135133610957363e-24
0.001806832878113486
0.0018017726953568358
44187925135961317e-21
0.11245586792049825
4337293205859022e-20
0.3640170531488741
0.0019117433633408822
0.19568549868195198
0.00330584337084287
0.0007010199723611907
0.0005693821992424805
44751790099914306e-21
0.40443800072877734
12102032275763915e-21
21567758556617383e-21
0.00832201489361757
0.00645647036547602
21715984895771136e-24
8723228746605122e-20
0.0030583606696792756
0.13883689994578674
0.030543929992422673
0.00010011565365210839
0.023184102678515842
0.00035415692859348076
0
0.11731278201117565
0.012384803982455103
0.38211416716772983
0.34926195019729245
0.36674372264696176
0.05321052042833527
0.029993616206249546
0.447774618224547
0.37609696764177003
0.45074529199657315
0.34275008510862115
0.23014055070016054
0.0007653749669794782
0.0158124212488841
0.14812467804180557
0.30235466698134733
0.14362809938754995
0.00029925859952967265
0.02724643332627726
0.28204977234685363
0.11908653948091245
0.17683964279683695
