0.7981852262337076
35.75206892857055
35.612404519569345
0
35.736714216121044
0.0002694065571696635
35.73324900681177
0
35.733840813616645
0
71.80007797020589
0
21.316353159550612
0
22.084649982119767
0
35.01873015197233
12.6518618257835
25.22869027757888
1.0598736449691455
34254382129194683e-31
6.606576887354231
2.1880396295430677
0.14860504699664726
0
0.13402805979128984
0.0014421945693907428
0.12710671518976896
0.006960897181324878
1.2270458471861887
1.112086705214224
0.1126458339540757
0.021746454470895335
0.2390440484734147
0.12996021045719441
0.03437843072587546
14421285852225676e-23
0.13074124797247383
0.129446735425546
0.008831589305708567
0.007939403415747209
0
0.23432867357654696
0
4.237145059269943
4.065695750604403
4.208078667018572
0
5.496590445700655
0
1.1432205779886107
0.06807466232124415
32.709422219395805
32.93922855230798
17.79333450439094
87.6430668086431
61.428212014144016
0.5074460307037402
0.004641397911475985
0.009062877289696267
17.76556001832914
32.82760134883603
0.2522606588602467
0.27682694876005953
0.5883618869437436
0.774655122124556
21.37673301482205
0
21.28523100409821
0
14.011111107159891
0.005745781421497585
0.005818752410894143
13.689080041119393
2.834141691624464
1.2903229455076741
2.55218522387717
0
0.00020437461899058508
0.004681383739606054
0.06774043625789422
0.03237058272825319
0.004582409974278201
0.00048450461478826616
0.000358878581492872
0.000968802890895388
1.8170492988755695
0.4427755868101895
0.2135863455115835
0.206697650207646
0.0015187130930764004
0.06608985775514688
0.00532902344722538
0.013214702890821951
0.08478577232136093
0.8118490068928754
0.02374411183817053
0.0001656071598992809
0.08106299101872502
0.0014214620489190562
0
0.9975120406070627
0.5412807339292229
0.024177108962001835
0
0.5032158998947985
6237831644957522e-20
0.030077561074655642
0
0.0014573778480489134
0
0.12846671197570406
0.8452814644390969
0
0
0
0
0.057046253893494624
0.4202364578320396
0.018359077523980315
0.026595158241516384
0.4128709412359759
0.44116602897678575
0.18297102325017914
0.15227085754961223
0.04311419524302839
0.21243777752233678
0.0011007365180801716
0.5017920035205731
9707525800317496e-22
0.007572400554867206
0.2934683543303374
0.1429561013877088
10198351293723788e-23
0.0025936605559493202
0.15960095174666414
0.22768742116947968
0.015952040591629253
0.023964253989781248
0.2855519098870802
0.48417667712288737
0.2680523764359061
0.13260160345256414
0.2630464538565946
6120196486414503e-24
0.23747986175492594
0.23750386823389422
0.484557536822539
0.5779083194046432
0.002398182560584639
0.9314001860324638
0.43716599260691
10.572797988105007
2.056262103626409
2.7436113124539516
0.11490498218671348
0.4461445498770331
2.529144797883107
4.055457629562186
0.6807308502014348
4.996553423991501
7.041936560235018
5.231689732123157
2.4467732308728904
2.8893613059046217
0.5349445447499038
29.330086557852553
619.303539543294
4.002159039495456
6072.562826120535
1.0999893743199143
23.218663152796328
1.174745530541141
45.19961965000742
1.3027397533703577
1.3969740002280362
1.0999883647808453
0.9577705921792662
1.0967455642275714
4.73489772247421
0
0.0008632629262257785
0.0008614238718796703
0
0.009577293926918657
0.007835936252034104
0.008335599771785218
0.008862684110560778
0.007438382615901138
0.00949913583078133
0.00821322962147181
0.009431660988957322
0.007226717869014993
0.007932470296855367
0.009231238820202181
0.01630200626054504
0.008613653001719575
0.008668003626599027
0.008862197502988181
0.008974652128414383
0.004798888946249674
0.011695774825026733
0.01925151542007979
0.012387053828712078
0.007728951067834749
0.0019018926439845266
0.007458988816005463
0.02307325377985453
0.07361031831787349
0.04208058122343328
0.11845544458526736
9120115959495801e-20
0.010137073808377486
0.24456298891564376
4806109051968161e-21
0.07554689071086855
0.010962417629547172
0.0012699838686205354
5486358197569574e-21
12044236752891214e-22
0.1056131922662823
0.0914652811660189
0.004148269160144978
0.04101869212789443
0.02037497586666571
0.005792607082120449
0.012148526827524575
0.0004829366411054146
0.3977105521660876
15699130010244261e-25
0.08062643285185472
0.00034194092439019725
0.009655276972653396
0.01095042545259165
0.00015706727423531883
0.00017088165095696176
0.42305169503401124
0.0003935418461771261
0.0576964318418581
0.2654605335292882
13179232296745173e-22
25861674607583634e-22
0.00014473106838420568
12571508744462069e-21
0.0005945649571769481
17003138586539017e-21
14432277279950763e-23
10044043077868865e-22
19077069341122603e-21
0.07831880682265022
0.07916582804675619
43500302127606746e-21
0.00021269342220215197
0.019739480766782155
0.008179945354277723
0.0940581151010734
0.020324239430111957
27829041031868005e-21
0.14386889231710137
0.039111645647502497
5573479184580133e-22
0.31115003191967333
44589640152836656e-23
0.003768392468121431
0.0009828093856210302
2299456595306248e-27
0.3196472915945059
0.41937517544066855
0.018205220633517597
0.30303534737575655
0.450145134891583
0.007420363706291527
0.20606051330610636
22332184594415192e-26
4630622502484092e-21
0.0006295222408372907
91208623386875e-18
0.13729871566062357
8645602251711592e-22
0.00011181763872462953
0.17229770214636117
0.0009293926950909689
0.011894772440003807
1220078119726711e-20
0.1449822426215572
0.10006325851853498
0.02138932265176088
31469321430389846e-21
0.00015345535547541976
1200667994145703e-22
0.013737146302005945
0.17370294151489854
833331453502309e-23
11103330511682977e-21
9106356492272238e-21
9650463803081583e-20
10586432679687482e-21
0.3528951242324647
0.17225078840119623
0.005162688598838747
0.0015490053009210194
0.042401245062009076
0.005893195279182453
676052154690363e-19
0.02865942459112869
8323863564263842e-20
0.000721107620376074
0.08326419287953223
9970381421556184e-22
0.43650125911707116
0.43823673084234516
0.0018290471369529547
0.0005371627977816759
582991010311098e-23
0.00103108374933203
1039042132484046e-23
0.010309665767078516
0.02958201279085326
0.000904131123711396
0.00033766464518928383
0.00015455601643445308
2618182797865842e-21
0.0061342811391756425
0.030923955656478066
0.02160968446328779
11257175978601168e-24
0.4498054387992355
0.06893620330723613
0
0
8178099200245366e-20
6661853345009503e-20
10336384744447983e-22
7596605813183073e-22
0.0001934935201670825
0.009781374396596376
0.0053990559551775966
15204233730323242e-24
0.00013150347349318383
7328744774642561e-21
0.057535018419180205
0.013459956493998374
0.10404738570351522
38456362136732246e-23
0.06195721646799928
0.0077061194680070454
0.00012014755932911201
0.1293551135447782
0.0002964503332466448
18549559457236626e-29
8515024887647596e-20
37361604601612294e-22
0.0001247201326282478
0.016425377944650186
0.003908215028853886
0.0001635585260320201
0.0001521215787182648
3799874514659963e-24
0.0005145538839580714
0.02310234371551555
13135133609699834e-24
0.0018068090492006266
0.001801748999821371
4418791090376427e-20
0.11235423699823138
43372918346552026e-21
0.36250132178783234
0.0019117166847174574
0.19534946051016724
0.003305763507515801
0.0007010163885079719
0.0005693798352170148
44751775502170224e-21
0.40235627403794477
121020312082578e-19
21567755166091842e-21
0.00832150676833665
0.006456164972695424
21715984892333903e-24
8723223199914165e-20
0.0030582923296421792
0.13867789421627216
0.030536960450661444
0.0001001155805907358
0.023180111452615802
0.0003541560141387196
0
0.11720166170111047
0.012383674955406246
0.38036958955238576
0.34791042961482377
0.36519559377867045
0.05318896011011401
0.029986898602562862
0.4446949120063467
0.37443225326007773
0.44755912491199384
0.34146560718565333
0.22965576298029902
0.0007653706946969271
0.015810575717075042
0.1479419493238773
0.3014256122934106
0.14345709336283385
0.0002992579466318215
0.027240902475193063
0.28126692015678023
0.11897183545301107
0.17657103876486224
