0.8025584416529071
35.74362866368233
35.60822365497713
0
35.73190742027242
0.0002695251405934858
35.728753601369036
0
35.72993648257281
0
71.7645316972594
0
21.18357727961948
0
21.981211329636274
0
34.98725775397562
12.66364424227222
25.245639485276918
1.093754845372387
34510243975450438e-31
6.7695428856217275
2.1922061989047514
0.15041281331265627
0
0.1351206358824363
0.0014759495541592403
0.12485986116398552
0.006960523698018317
1.205183762307941
1.0924968453319857
0.11201243957364443
0.021621489055686643
0.23425067335756533
0.1291287799287395
0.034158164685290475
14049515330667094e-23
0.13166547186067606
0.13024976624394868
0.009223332904763884
0.00839680561318692
0
0.23333013975426103
0
4.245455052274311
4.0753333199314685
4.206797621861559
0
5.492980979970515
0
1.1794791064020544
0.0700972056923144
32.706449730018484
32.93920436232608
17.77922449307266
87.60688382756845
61.42654511467195
0.5217776981264666
0.00482197587389981
0.009066380968527677
17.75382537466474
32.88231625712232
0.2476913753911198
0.2799656967806194
0.608065942037984
0.7881527557392778
21.568969899519974
0
21.4865507629795
0
14.026451063411207
0.005820703254301202
0.0057369180186118765
13.664866068233566
2.9009094653741805
1.2901570160579108
2.549906005778158
0
0.0002068972121473188
0.0048236205550919176
0.06780375618181851
0.03235061248188903
0.004643280344012875
0.00047308738803101495
0.000350314099540175
0.0009797234147175906
1.8207299387083893
0.44246891093359986
0.21589057515226162
0.20598089762322525
0.0015697674465732674
0.06622072820675402
0.005358273704867568
0.012567977458334306
0.08450798519915674
0.8315226548504416
0.02371768753236411
0.0001556927946993317
0.0789325548238453
0.0014147903367274712
0
0.9960194946346956
0.5414053263901146
0.02448916795283415
0
0.5007485464811032
637328569876512e-19
0.030822675848203297
0
0.0014373448093067589
0
0.12843734392902634
0.8433335885374945
0
0
0
0
0.056924397338261656
0.4196388475374467
0.017531046568134128
0.025815941282675656
0.41260784494837455
0.4395526203046818
0.18298031193697473
0.15715120419463866
0.04335528623722346
0.21659812588344504
0.001089891956307867
0.4969987662813995
97062720072899e-20
0.007600995366102557
0.2945945571146743
0.14057684652731134
9204466057804984e-23
0.0025920134649498223
0.1579829098033856
0.22755668537356552
0.01602454971513964
0.024062860942796267
0.2834840063689702
0.4807111114295144
0.2679520119156718
0.1330782772496328
0.26318049602291976
5528383488893687e-24
0.23711264574284643
0.23714004615178655
0.48434191353902034
0.5776732676916363
0.0021771248574331947
0.8721909714130472
0.43878494259759304
10.594193273076518
2.056877033688498
2.744538758147722
0.11466282365099018
0.4469416561198772
2.5304327374025664
4.057686961720799
0.6797466364611645
5.001330576457325
7.049166764675306
5.2332219858509825
2.4472598154440544
2.8910034343956834
0.5363645209148569
29.37525164034419
619.3019967652906
4.002158256208389
6053.789425425079
1.0999893161026473
23.218660962764215
1.174702493473805
45.19833686539
1.3027693478181936
1.3969734853162974
1.099988306549934
0.9571793505465694
1.0965954054081584
4.8443421636975
0
0.0008632559224400413
0.0008614447156155041
0
0.009570755840373481
0.007853078712189735
0.00834267591338766
0.008848839065930215
0.007444199915894786
0.0095173415092359
0.008205617421384634
0.00945683530765562
0.007217079863628151
0.007942324443762316
0.00925137553538351
0.016350421793996945
0.008619618654167554
0.008688432229177461
0.008870699279841597
0.008997359947204834
0.004809080724660285
0.011723461340645135
0.01927639562436599
0.012417229967787932
0.007745216813101402
0.0019018768012060902
0.007458744047898443
0.02307088160867892
0.07358509700743501
0.0420725639573416
0.11838730567895074
9120112321743521e-20
0.010136620744793637
0.2442270700419739
4806108950952253e-21
0.07552027824865072
0.01096188743306394
0.00126997680809942
5486358065934663e-21
12044236689451701e-22
0.10555970081271274
0.09142569601551342
0.004148193655521565
0.04101108128000346
0.020373130188013608
0.005792459660619876
0.012147875065352804
0.00048293562075769165
0.39651284576034324
15699130010136473e-25
0.08059598071965283
0.00034194041291889173
0.009654866112355375
0.010949896420615501
0.00015706716633404064
0.00017088152323934243
0.42156833340118427
0.00039354116866230945
0.05768115505509386
0.2650528877204631
13179232220785768e-22
25861674315090922e-22
0.00014473097676754763
12571508053299802e-21
0.0005945634104803656
17003137322195932e-21
14432277270841765e-23
10044043033750608e-22
19077067749534143e-21
0.07829013343722009
0.07913650844227102
4350029385198836e-20
0.00021269322433097872
0.01973774933117142
0.008179650811681488
0.09401615193766377
0.02032240300866098
2782903764493213e-20
0.14376575279859738
0.039104737256784323
5573479170995316e-22
0.31054753306845945
4458964006588679e-22
0.003768330177912709
0.0009828051581612634
2299456595306225e-27
0.31900169622124935
0.4179392536472777
0.0182037497449683
0.30247180155332953
0.44818085149459475
0.007420121474138686
0.2058335824308136
22332184594393383e-26
4630622408710353e-21
0.000629520506870558
9120858700339755e-20
0.13720541876397424
864560221902334e-21
0.00011181758404064357
0.17214516578424424
0.0009293889148376128
0.011894147749722897
12200780546268043e-21
0.14487737864092354
0.10001549554029475
0.021387286928449375
31469317099406574e-21
0.00015345525247997306
12006679935152584e-23
0.013736311860759017
0.17354766310780947
8333314534719396e-24
11103329972530948e-21
9106356129617535e-21
965045972992968e-19
1058643218956592e-20
0.3520544460968896
0.17209834307561814
0.005162571555995969
0.001548994794789584
0.04239310291383697
0.005893042680968294
6760519548033191e-20
0.02865574772302134
8323860534006207e-20
0.0007211053450142371
0.08323163685846605
9970381378082667e-22
0.43481743662088396
0.43652294677889153
0.0018290324853922329
0.0005371615353772727
5829910102962343e-24
0.0010310790961987528
10390421324368323e-24
0.010309197079150706
0.029578092365911832
0.0009041275462373489
0.0003376641464325027
0.0001545559119561433
26181827678879083e-22
0.006134115768199234
0.030919666662970954
0.02160760620062263
11257175978046978e-24
0.44784989709478185
0.06891417616954297
0
0
817809627519134e-19
6661851404060891e-20
10336384697724143e-22
7596605787945923e-22
0.00019349335640980004
0.009780952691597972
0.005398927925378156
15204233729312288e-24
0.0001315033978585368
7328744539753604e-21
0.05751982914262324
0.013459155568588186
0.10399554663208155
3845636207205711e-22
0.06193953376788995
0.007705858159906342
0.00012014749619380227
0.12927296818391096
0.0002964499488255042
18549559457236614e-29
8515021716604442e-20
3736160399115793e-21
0.00012472006459564002
0.01642418234501479
0.003908148022950405
0.00016355840902718846
0.00015212147750554093
3799874514596819e-24
0.0005145527256060915
0.023099965501885825
13135133608945316e-24
0.0018067947520037568
0.0018017347826496726
4418790236444825e-20
0.112293302537216
43372910119331194e-21
0.3615949141069119
0.0019117006777221088
0.1951481146578317
0.003305715590445654
0.0007010142382048351
0.0005693784168064466
4475176674352606e-20
0.4011123847985689
12102030567754176e-21
2156775313177677e-20
0.008321201908060264
0.0064559817439607875
21715984890271566e-24
8723219871901285e-20
0.0030582513263529222
0.13858257820206887
0.0305327794889798
0.00010011553675393787
0.02317771704689315
0.0003541554654669963
0
0.11713504004371687
0.012382997588581385
0.37932666852898733
0.34710202891818953
0.36426985506872656
0.053176028112689774
0.029982868762545287
0.44285726479773774
0.3734369636060975
0.4456582454089603
0.3406972321463428
0.22936538066132853
0.0007653681313388433
0.015809468501382973
0.1478324203109677
0.30086955031570933
0.14335458749279323
0.0002992575548937946
0.02723758450346622
0.28079825220680094
0.11890306607482598
0.1764100722187136
