4128748222236151e-20
36.207043712357226
142.98706172386883
0
3311.9997935311935
0.003732047019575677
187.89232459553543
0
84.23599270145773
0
790.455718676216
0
22.917778194943967
0
34.20231920491002
0
27.380355581200874
15.613034054055374
136.92716149043423
905.691371408364
0.003115036088003221
60.39784915334595
2.045618648589721
1.1179083386056685
0
6.460540598606229
0.6545612788263934
8.355275753145587
0.006431230235375632
2.888323926365306
59.605017634047535
22.424588147821527
445.09179132614423
0.3716787405090936
49.70030246215826
2.6850904296435454
91787785659805e-18
45.444445254139325
61.54212691028429
85.33392719131147
46.31388315156542
0
2.6863537314791794
0
266.56931030979655
29.39143079747456
4.43593588209302
0
10.826120925371814
0
2.207863517851847
11.586109868138283
27.97314021106024
26.94182747470504
18.412353835452613
15.65418423081732
1697.377550899064
2.074747592879269
0.03969477998368666
0.47569615127893533
10.550861222640773
51.67437685238248
0.9939874733288597
2.4237595001807435
0.0006257205853620195
0.0009844851837814152
302.60656061470644
0
268.28276916909624
0
8.80642475027055
0.028642007781331753
307.5628780759146
6.700066996686608
3.2419236100838003
1.0008422587968901
2.8214382244899925
0
7805536544003794e-20
8.589696238730319
0.10912650907179476
0.0019900500451058237
0.04767042074307361
0.008327070609014428
0.0006526999213030777
0.0017397568222181695
0.2444755794699382
0.6789323528314681
1.1246652579245315
0.046153409389303277
0.010599187824512473
0.1065944845025759
0.02140451776007475
2.3001240912753897
0.03386187395053743
3.438327554112565
0.017737260288319498
0.03760468032813194
10.877143635320467
0.00036711410596147845
0
1.2635323640322176
1.555407354873459
0.22610262347881768
0
2.742711226731602
0.042123524580594165
0.056316977007854145
0
0.0016969733648707574
0
0.13422413499174451
1.2392578507703533
0
0
0
0
2.535542247673185
0.5657036741889535
1.2161081834630527
5.8809490988907
0.2960906376380184
1.394333544376205
0.09903645524036458
0.400821225603141
0.0024250817681400194
5.532917330934836
0.0036939725596596773
1.621328343472543
9046379930764377e-22
0.033954406076714023
1.832390423576462
0.3290833627043255
0.5963354988209153
0.2277713248641706
0.8726528685347129
0.1996203013153094
0.0006419592126119551
0.024404453921141628
1.0000633803927426
2.3385733514462186
0.1331069365909451
0.1143366136386881
0.3316136188157069
0.033163225732515046
0.41705062074823007
1171.1823724301864
0.31908145767589685
0.6327000445935471
0.15856121410040794
43.74026858994126
0.2998352512267504
9.982199251165504
1.9907971410666727
2.813565738747326
0.18422587068181664
0.4239524090386762
2.3965466130435904
4.230860262263517
0.9232603190705588
5.2008529023051215
5.369176311152389
6.148242403653231
1.944165573239652
3.8310698333145607
0.32333254539693485
41.83206885805934
619.5851722303622
4.002301997705961
10685.400031279756
1.0999999994503649
23.219062853203123
1.1826265735794885
45.43434797557113
0.9467179614522947
1.3371268981404227
86.86827015085547
0.20545433744935507
1.1244978328330602
36.103224332710035
0
0.0011750058073010763
13142247925809768e-23
0
1535712621333296e-45
0.0315636386172582
0.051310810735665194
0.08721535615736858
0.04186281870929981
0.04107928277109868
0.06720275309251947
0.05126469885219085
0.07347547369925625
0.049036615655772144
0.045062174864896165
0.06972815098486891
0.05331058853114525
0.04099503426465083
0.04755642887841259
0.04091628917859583
0.05183893049858534
0.0549837633890821
0.07699028115709851
0.05029593838834699
0.038904286863217084
0.0019047862784997065
0.007503795568899865
0.023510302404114797
0.07836120189861663
0.043569672039222566
0.13157150447230095
9120779900307666e-20
0.010220101260275621
0.3142936441633513
4806127488149037e-21
0.08056430264771541
0.011059613071632021
0.0012712731231374732
54863822219607356e-22
1204424833107429e-21
0.11584393113201359
0.09898454178959404
0.004162072347912075
0.042431647624913145
0.020714641190061618
0.005819575515092813
0.012268065691035376
0.00048312289816504375
0.6896437154119566
15699130029915528e-25
0.08638132657821695
0.00034203428447315853
0.009730555533439803
0.01104740694193407
0.00015708696825254522
0.00017090496195924248
0.8031577156503387
0.00039366551714228637
0.060553410271015726
0.3514062774898248
13179246159901914e-22
25861727989707545e-22
0.00014474779006849438
12571634887289143e-21
0.0005948473080532282
17003369340014223e-21
1443227894241002e-22
10044051129778159e-22
1907735981993212e-20
0.0837317272746182
0.08470292223452301
43501812515117365e-21
0.00021272953822755282
0.020058037461696716
0.008233879538437966
0.10203898848271167
0.020662193993529327
2782965917944674e-20
0.16398725938348832
0.04039313542327445
5573481663909783e-22
0.4431985906123312
44589656021830395e-23
0.003779778148310795
0.0009835812326674475
2299456595310469e-27
0.4622949661101072
0.7842557282905399
0.018475668590186695
0.4256293599599667
0.9999587133700945
0.007464705536355755
0.2519606224638712
223321845983959e-24
4630639616911894e-21
0.0006298387824956131
9121526388181955e-20
0.15543351297281655
8645608217559385e-22
0.00011182761940160838
0.2025264311470538
0.0009300828766435279
0.012009334169424374
12200900009960588e-21
0.16544924753932538
0.10917359225219879
0.02176412065953308
3147011187663333e-20
0.00015347415405867222
12006681092064348e-23
0.013890289926293967
0.20450010892125217
8333314590449555e-24
11103428911327265e-21
91064226796615e-19
9651207212013655e-20
10586522130853217e-21
0.5453700119501751
0.202460657655199
0.00518409427366314
0.0015509239408458872
0.04391374092233495
0.005921111848314219
6760886365339123e-20
0.029338442102412956
8324416627015417e-20
0.0007215230108767186
0.0894242873450815
9970389355795266e-22
0.8837574608299059
0.8959441931979367
0.0018317231207614312
0.0005373932455473313
5829910130238211e-24
0.0010319333320758094
10390421411008809e-24
0.01039556255807021
0.030306290957855822
0.0009047842761041319
0.0003377556843033398
0.00015457508567620417
2618188269064836e-21
0.006164537336053239
0.03171677537911097
0.021992349556017098
11257176079745147e-24
0.9962524743477008
0.07307653034464881
0
0
8178633061612459e-20
6662207591859041e-20
10336393271896121e-22
7596610419149841e-22
0.00019352340939498574
0.009858643919274058
0.005422473248585569
1520423391482912e-23
0.00013151727810035437
7328787643728701e-21
0.0603754266976771
0.01360693226964041
0.1139544627206384
38456373940422875e-23
0.0652704525651644
0.007753958805303833
0.00012015908254249867
0.14525593900535544
0.0002965205012770374
18549559457239284e-29
8515603646092671e-20
3736171601418468e-21
0.00012473254970038865
0.016645047543932742
0.0039204633563786045
0.0001635798816749979
0.00015214005191157916
3799874526184409e-24
0.0005147653353765363
0.02354051092875162
13135133747404905e-24
0.0018094202880704856
0.0018043456176117677
4418946941930097e-20
0.12404755795796377
4337441990092203e-20
0.5724616184113577
0.0019146403245071735
0.23580297580197723
0.0033145203660613393
0.0007014089450993247
0.0005696387647446464
4475337404777514e-20
0.7079939502144762
12102148105441818e-21
21568126446748994e-21
0.008377333456994025
0.0064896927945076064
21715985268725976e-24
8723830607973909e-20
0.0030657849445432477
0.15721871322465855
0.03130968374813497
0.00010012358144981201
0.02362127627357921
0.00035425616499425085
0
0.13001753412416028
0.01250792191258394
0.6278119459082095
0.5319292498645676
0.5803669184833455
0.05560259274913412
0.03073151819106923
0.9468496277209113
0.6086145071556892
0.9732171575509887
0.5151162644674848
0.28930868665492127
0.0007658386701708685
0.01601395476097663
0.16935372145206423
0.4222167927077071
0.16344743674229836
0.00029932945028721716
0.02785327516273466
0.3813299947380115
0.13221272069809278
0.20854970285748514
