5065099735554962e-20
36.01848303051007
142.96380417599613
0
3072.5994808469923
0.003917511676463591
190.6161376007159
0
84.4809314780553
0
804.494236653375
0
23.758219226879845
0
34.201166905765206
0
27.38733991446555
15.710917904675958
141.5299085856087
882.9212142693001
0.00638524096723673
60.503722751042375
2.0085093876142057
1.117670022919233
0
6.460353400716296
0.6544233443488534
8.329477090886357
0.006434205447207912
2.8920157181246964
59.455371576463136
22.453828144973997
406.84782198046736
0.3732445358922465
49.846327414849775
2.6071862810897235
8737737659218536e-20
45.433803597981495
61.53107413706432
84.58179762864575
46.33047576559202
0
2.6855740478448564
0
265.5988196910986
29.9032918880628
4.5234865928760355
0
10.98589131826774
0
2.4166341944285326
11.578128236438012
28.194777526432954
27.186916629645992
18.41115534762737
19.4329097550172
1688.3067050405673
2.0740802495274506
0.040893387091092866
0.470541902246976
10.595540811900397
51.67099705320231
0.9940508328854972
2.419763905644614
0.0007639874204285894
0.0012024408265869275
309.0323199302724
0
268.4913944848043
0
8.720151210286547
0.028724583695989275
306.81582915102797
6.771388544893471
3.489341771486037
1.0035292857355047
2.8560400601239557
0
7735241217943314e-20
8.48219694793496
0.10675619835705843
0.0019845676166438423
0.04765986217663341
0.008316652991654818
0.0006516183534321768
0.0017396744482098615
0.24011876092440304
0.6789279332823941
1.1051733052778898
0.0521101605656221
0.01066442410244495
0.10557924661391245
0.021116093854977515
2.2997286622173188
0.03323358227303764
3.437078591455283
0.017358340054524767
0.036797900202741166
10.87421161020857
0.00038317042792183827
0
1.263548315281328
1.555161255569828
0.22604922942739727
0
2.742682691245892
0.04104485154423734
0.056200653974644535
0
0.0018781956218183577
0
0.13422403445588826
1.2392515967364575
0
0
0
0
2.4586739940501423
0.5657141940751805
1.215964731258861
5.8807677104878895
0.29610538985087304
1.379168256131441
0.09904896146182754
0.40065187070285047
0.00262521578381789
5.532160811711183
0.0036941435779898626
1.6213748369490601
9046408299689891e-22
0.03411024589565079
1.8326334914335103
0.3239850296591904
0.5920225703334343
0.22478340725300736
0.8726354862990054
0.19962187515859384
0.0006247548693144546
0.023925204604325956
1.000019601878862
2.3379803322587427
0.13311128040761777
0.11232194712374317
0.3245412727860026
0.032482749585563124
0.4070882925439271
1156.7704285970935
0.3213161620394758
0.6326986535340715
0.15847793280208064
43.71522710350132
0.29512170745571414
9.760976753859783
1.9908010552187876
2.8135445814378146
0.18423163390797018
0.4155824465598767
2.396554534292616
4.230807255657206
0.9232783871634082
5.100547472221496
5.242063209667999
6.030583706905466
2.0079576251428524
3.7366614646967635
0.3179314884939605
41.02282556286611
619.5851689256054
4.0023019960288
10685.329192592457
1.0999999993257144
23.219062848513953
1.1826264808127078
45.43434521469158
0.9731669991722158
1.346658556004268
86.11240219560436
0.2061280568409087
1.1244975031617153
36.845279880405684
0
0.00115441353953294
1597720685490282e-22
0
584058046466066e-43
0.03067341162848422
0.04986328997453342
0.08481412081567394
0.040713789691939326
0.04025257888155025
0.06532796964752353
0.049818487103980263
0.07143350296814206
0.04765335237227401
0.043800555127520284
0.06776121958851235
0.0518065864367667
0.039856115305318206
0.04622920630357129
0.039785534458413145
0.05041992438862335
0.053458318089531436
0.07481995383329235
0.04890967211305389
0.03780677400879206
0.001904786244526898
0.007503795041668761
0.02351029722857418
0.07836114440199338
0.04356965426428062
0.1315713423791406
9120779892518287e-20
0.010220100282251702
0.31429271922005225
4806127487932752e-21
0.08056424187264062
0.011059611926332816
0.0012712731080047643
54863822216788904e-22
1204424833093846e-21
0.11584380547482696
0.0989844500461067
0.004162072185709318
0.04243163076639557
0.02071463717220831
0.005819575197974278
0.01226806428177482
0.0004831228959795268
0.6896392619325686
15699130029915298e-25
0.08638125670994072
0.00034203428337774473
0.009730554646867126
0.01104740579916153
0.00015708696802148816
0.0001709049616857482
0.803151675421992
0.0003936655156911986
0.06055337593759359
0.3514051212084392
13179246159739277e-22
2586172798908129e-21
0.00014474778987231076
12571634885809277e-21
0.0005948473047400108
17003369337307092e-21
14432278942390517e-23
10044051129683696e-22
19077359816524307e-21
0.08373166162679223
0.08470285505497915
4350181249739779e-20
0.0002127295378038176
0.020058033694518973
0.00823387890362167
0.10203889098984771
0.020662189995995804
27829659172194788e-21
0.16398700758000165
0.0403931201456901
5573481663880697e-22
0.44319675135411835
4458965602164422e-22
0.003779778014536831
0.0009835812236088826
2299456595310469e-27
0.4622929649372891
0.784249969029228
0.018475665393945552
0.4256276636358389
0.999949350285385
0.007464705014603426
0.2519600280235399
22332184598395852e-26
4630639616711114e-21
0.0006298387787811355
9121526380391299e-20
0.155433286752965
8645608217489395e-22
0.00011182761928451374
0.20252604708132463
0.00093008286854358
0.012009332818979167
12200900008566717e-21
0.16544899122602685
0.10917348064920279
0.021764116224248273
3147011186736e-17
0.00015347415383812102
1200668109205085e-22
0.013890288119694994
0.20449971733335992
8333314590448905e-24
11103428910172871e-21
9106422678885013e-21
9651207203291934e-20
10586522129803807e-21
0.545367226918783
0.20246027383889248
0.005184094022020184
0.0015509239183232138
0.04391372286554752
0.005921111520033375
6760886361059099e-20
0.0293384340428131
8324416620526886e-20
0.0007215230060021151
0.08942421246758528
9970389355702186e-22
0.8837501474328378
0.8959366767080271
0.0018317230893448732
0.0005373932428432277
5829910130237894e-24
0.0010319333221047292
10390421411007795e-24
0.010395561546176088
0.030306282357726633
0.0009047842684388342
0.00033775568323516026
0.00015457508545247743
261818826900065e-20
0.006164536980225345
0.03171676595983602
0.02199234502722352
11257176079743958e-24
0.9962431805421539
0.07307648034166547
0
0
81786330553492e-18
6662207587703045e-20
10336393271796082e-22
7596610419095806e-22
0.0001935234090443098
0.009858643009206915
0.005422472973268056
15204233914826956e-24
0.00013151727793839557
7328787643225777e-21
0.06037539256578982
0.013606930535997774
0.1139543411290858
38456373940284395e-23
0.06527041267432249
0.007753958242332839
0.00012015908240730629
0.14525574144080416
0.0002965205004537559
18549559457239284e-29
8515603639302672e-20
37361716012877635e-22
0.00012473254955470912
0.01664504494969806
0.003920463212461048
0.00016357988142444544
0.00015214005169484566
3799874526184274e-24
0.0005147653328953606
0.02354050573990229
13135133747403292e-24
0.0018094202574143181
0.0018043455871273152
4418946940101674e-20
0.12404741387344283
4337441988330607e-20
0.57245854980793
0.0019146402901819514
0.23580245515754486
0.0033145202631933257
0.000701408940492714
0.000569638761706295
4475337402902128e-20
0.7079892565799935
12102148104070417e-21
21568126442393235e-21
0.008377332799864991
0.006489692400152655
21715985268721562e-24
8723830600847784e-20
0.0030657848565352093
0.15721848177854578
0.031309674569105245
0.00010012358135594528
0.023621271049063853
0.00035425616381915367
0
0.13001737583731124
0.012507920447679018
0.6278082552141314
0.531926600418292
0.5803637645432383
0.05560256380037937
0.03073150934791017
0.9468412328118584
0.6086110387236221
0.9732082885663466
0.5151137798609029
0.2893079029249349
0.0007658386646790836
0.016013952359732228
0.16935345289839038
0.42221512347596807
0.16344718659389024
0.00029932944944826374
0.027853267898465983
0.3813286331462532
0.13221255702115048
0.2085492956072132
