0.8421433734362536
35.55399736742779
35.48106416902802
0
35.593379028797294
0.0002696453772741529
35.5940210906052
0
35.602680631538114
0
71.4056261143192
0
20.2576410465031
0
20.976652830617425
0
34.573727387948765
12.696201600366862
25.249286439686635
1.289888992446893
3545766930096095e-30
7.63275984922007
2.216017459226268
0.16336063380768728
0
0.1462465735026128
0.0017845395910775742
0.10503187215242646
0.006957375142511277
1.0122901503891082
0.9195144425190739
0.10062209844778494
0.019260213001404066
0.19293566915205954
0.11534956438089347
0.030625522070353847
12211867032012682e-23
0.14194095680637603
0.13991184196451267
0.011775518621972821
0.011323945832130347
0
0.21589292437206378
0
4.24210790781051
4.127446109558465
4.194417625440623
0
5.460691230570661
0
1.389587602928684
0.08155989338549674
32.67960469149055
32.939043284969976
17.660657375373198
87.3152983732974
61.412201039888686
0.5985523720242278
0.0063880749223189075
0.009087278525860585
17.672269473375
33.20025396699654
0.20794336054474225
0.29969349172482246
0.7265894808763469
0.8910855644492635
22.607653534945346
0
22.568487426066344
0
14.143719563815683
0.006333001112976482
0.006332659625496437
13.488870501427652
3.2683921452429026
1.2890231833343313
2.5293657317528178
0
0.0002226320259664345
0.0056418296731664905
0.067945816101557
0.032115016740491435
0.005068126494593926
0.0004150074377288357
0.0003063383136291853
0.0010599378871099826
1.8437767742314515
0.4405440938605612
0.21178182828180067
0.20013690343203677
0.0018776569549948403
0.06664718242590172
0.005535370013639855
0.008375560956567616
0.08192126065069069
0.9232386223752664
0.02335784896180244
9191147416321865e-20
0.05986853698602708
0.0013625726611281451
0
0.9825124074734148
0.5388399383441097
0.026577129175476503
0
0.4809577952353042
7015537576899195e-20
0.0348506837813574
0
0.0013044033154508622
0
0.12817082363480659
0.8257932305220472
0
0
0
0
0.05238788407521765
0.41451943492522714
0.012108262601551543
0.019128909724626667
0.4101732695511759
0.42412299863844966
0.18308553177536305
0.18628016919915896
0.04526507884632765
0.24866499609465115
0.0010047218723828232
0.45926012210564493
9693880293133614e-22
0.007813872489719346
0.3024533152069078
0.11877931568181099
3604145915671678e-23
0.0025712689079483366
0.14377201208655765
0.22630748863235303
0.016546437433392097
0.02483619511221871
0.26474966818087564
0.4503224862697688
0.26684784938046907
0.13675179083481087
0.26272982853929117
21720280842903097e-25
0.2320778148840399
0.23212547333373043
0.4822341308858712
0.5755384069173004
0.0013142283767073899
0.6244012509016906
0.450718086603408
10.718296234380663
2.062448778170751
2.75288327802972
0.1125977966346328
0.4515586921509431
2.5421277642688858
4.077787168735883
0.6713263238332983
5.014294960230883
7.060223629837837
5.214000314817527
2.451579634304639
2.8873603875413187
0.5465268646936855
29.63276628104923
619.2880322125405
4.002151166154142
5886.477173665062
1.0999887891389137
23.21864113931115
1.174313007576776
45.186727169918555
1.3030315964482357
1.3969688157359237
1.099987779462685
0.9518130219210159
1.095237151153974
5.737237343121584
0
0.0008593478757128935
0.0008614776633435954
0
0.009511180562177745
0.007924670524056834
0.008320218189080218
0.008634672040614622
0.007421095973726509
0.009609070601127577
0.008053991063802432
0.009592071345716623
0.007057766832179108
0.007949295631120602
0.009338235704958626
0.016621150597517845
0.00858313461769151
0.008785021078899684
0.008855770847201985
0.009111843518610097
0.004873280351489676
0.011854635613521297
0.019305803859983216
0.012560682897726078
0.007812302383132669
0.0019017334035023533
0.0074565288515124764
0.02304942057407124
0.07335719462815442
0.042000063709523756
0.11777231467162994
9120079394052252e-20
0.010132520680809196
0.24120735398709994
4806108036589012e-21
0.07527981691605408
0.01095708943235306
0.0012699129003311757
5486356874418157e-21
12044236115217743e-22
0.10507674430245502
0.09106816250333424
0.004147510274603551
0.04094225455648489
0.02035643130578847
0.00579112541953853
0.01214197711542334
0.00048292638499813033
0.38583436133402255
15699130009160847e-25
0.08032086056985643
0.00034193578328083535
0.009651147933064303
0.0109451089568
0.00015706618964993533
0.00017088036718509542
0.40837582338827166
0.00039353503607034276
0.05754305840548118
0.26139137024064013
13179231533225818e-22
25861671667541634e-22
0.00014473014748582388
12571501797124197e-21
0.0005945494104661047
17003125877775454e-21
14432277188390048e-23
10044042634406418e-22
1907705334299609e-20
0.0780310683172595
0.07887161036055934
4350021894383848e-20
0.00021269143327347947
0.01972208384328998
0.008176985189786124
0.093637165615823
0.020305787862337197
27829006987502642e-21
0.142835524493776
0.03904226022349137
557347904802994e-21
0.30514670721096715
4458963927884467e-22
0.003767766393924858
0.0009827668933897332
2299456595306016e-27
0.3132169733831606
0.40516337506278466
0.018190441142609724
0.297418206143844
0.4307861975019116
0.007417929226721013
0.2037908131934421
2233218459419597e-25
4630621559900889e-21
0.0006295048117816884
9120825767258551e-20
0.1363638042397064
8645601923139873e-22
0.00011181708906010273
0.17077058473053872
0.0009293546979061567
0.011888494747587556
12200774653636586e-21
0.1439316275564888
0.099584196338921
0.02136886903118663
3146927789677362e-20
0.00015345432020164048
12006679878086797e-23
0.013728761073911855
0.1721484327504555
8333314531970452e-24
1110332509230232e-20
9106352846985088e-21
9650422861154012e-20
10586427753145047e-21
0.34453542632675926
0.17072458041382105
0.005161512242736847
0.0015488996999268778
0.04231947391231073
0.005891661591024698
6760501454931241e-20
0.028622487354360675
8323833105144183e-20
0.0007210847495013001
0.08293752876078639
9970380984574464e-22
0.4198684725829574
0.42131203801152406
0.0018288998695416723
0.000537150108635812
5829910101616936e-24
0.0010310369784963134
10390421320094696e-24
0.010304955636777254
0.029542629574822562
0.0009040951647430952
0.00033765963188091963
0.00015455496625548174
26181824965373554e-22
0.006132619086394492
0.030880871132217536
0.02158880352933036
11257175973030623e-24
0.43053125233717293
0.0687151135566819
0
0
8178069798595752e-20
666183383524743e-19
10336384274795033e-22
7596605559507408e-22
0.00019349187413813908
0.009777136381320382
0.005397769179141857
1520423372016148e-23
0.0001315027132401492
7328742413615066e-21
0.057382523016821924
0.013451908018522326
0.10352748950502562
38456361486638615e-23
0.06177970509351268
0.007703493286537891
0.00012014692471490427
0.12853178402276785
0.00029644646919232975
18549559457236495e-29
8514993013400974e-20
37361598465522898e-22
0.00012471944878816253
0.016413364122044506
0.003907541559439679
0.00016355734994109657
0.00015212056136375762
3799874514025251e-24
0.0005145422406971796
0.0230784498154742
13135133602115653e-24
0.0018066653435476253
0.0018016060985123557
441878250693961e-19
0.11174324471282093
4337283564925974e-20
0.3534928199151358
0.001911555793673592
0.19333501188565408
0.0033052818922176944
0.0007009947746562546
0.0005693655779734091
447516874631894e-19
0.3900265984268755
12102024770124035e-21
2156773471782333e-20
0.008318442919458872
0.006454323453253327
21715984871603946e-24
8723189747862647e-20
0.0030578802028461086
0.13772278328746507
0.030494960807678557
0.00010011513995829175
0.02315605490914888
0.0003541504991066533
0
0.11653372251821435
0.012376867968406728
0.37001561920835546
0.33986956874389057
0.3559963997188093
0.05305911479722831
0.02994641658162141
0.4265651343304281
0.3645474236541188
0.4288152225665753
0.3338203335500401
0.22675358048775984
0.0007653449290409501
0.01579944986971889
0.1468446807497817
0.2958826931524268
0.1424300631844112
0.00029925400903118134
0.027207569675243248
0.27659138932040084
0.11828239345378053
0.17495971437355443
