0.8484343795550314
35.50474763249203
35.44396364757373
0
35.553841443472486
0.0002694899854496821
35.555160678275364
0
35.56514604284312
0
71.32518689057642
0
20.146604625882787
0
20.81958446905625
0
34.48679525807336
12.689614058689223
25.223895153089213
1.3101690991682116
3535262824683322e-30
7.71219081089816
2.218211705287181
0.164846202365157
0
0.14802817667839474
0.001831121039493442
0.10200988481989995
0.006956901215099986
0.9828913873479498
0.8931334033032077
0.0982124461750744
0.01874779834487355
0.1867851427274246
0.11249356416399259
0.029905833466221752
12027085465875817e-23
0.14368923768459335
0.14164753036655342
0.012081697655506448
0.011658496391019806
0
0.2119897864444841
0
4.233468053473785
4.127564382440704
4.192368723106964
0
5.455558842956295
0
1.4113667424885714
0.08272357191283249
32.67534556896944
32.939023839893096
17.64349735162612
87.27364698409164
61.40999197494651
0.6056178861468617
0.006616245149107566
0.009089452037962999
17.660760815440266
33.22797096298485
0.20192200040861993
0.3019578247997673
0.7394986370155757
0.9040084436208861
22.705530247636524
0
22.669281301223986
0
14.159892107075903
0.006399014628644327
0.00639895574835772
13.46547322873202
3.3047263185896947
1.2888912789620255
2.5261165115272943
0
0.000224457988896597
0.005726699243496094
0.06792119407250032
0.03207028091286301
0.005124085236551441
0.00040947051815349623
0.0003020216955522996
0.0010697022111909994
1.8462441376946603
0.44032287312001345
0.20882413579262404
0.19933392528509036
0.001912191537121105
0.06658973546168324
0.0055475248506774944
0.00791834295129429
0.08153518544389271
0.9297727531674533
0.023290313226407695
8503472610437567e-20
0.05736144259066791
0.0013558002840557382
0
0.9803657032884513
0.5379682647289808
0.02683969127086729
0
0.4780950246562833
7062560125070024e-20
0.035234950867743024
0
0.0012891623870167207
0
0.128128384459448
0.8230211344646502
0
0
0
0
0.05128131108003683
0.4137224281372863
0.011511755429941217
0.018199228922284403
0.40977793664527956
0.42161257899888177
0.18310925866777414
0.18943831519317758
0.0455106735283599
0.2527012214240101
0.0009931246528821751
0.4541072568659424
9691752468950703e-22
0.00783802884080767
0.3032932437012016
0.11537570804225002
31010441220094016e-24
0.002567348115787613
0.141582734574617
0.22609837395488516
0.016612679447427385
0.02494546040368578
0.26177397534015034
0.44565127869120313
0.2666425337187716
0.13726500821740675
0.2624708790234819
1868889782538775e-24
0.23108996464506024
0.23113917942965298
0.4818690046929431
0.5751976549466904
0.0012674538653992175
0.6128837507008045
0.4523484349682318
10.730016358117702
2.063295486991727
2.7540592420025596
0.1122781747932574
0.45199422113729176
2.54390769693388
4.080623288710616
0.6700162515619137
5.0135905694088025
7.057046124585586
5.207503635296935
2.4522083497377123
2.885497319797259
0.5478270711855224
29.657397913951378
619.2858129352815
4.00215003937365
5860.316376591013
1.0999887053916138
23.218637988885032
1.1742511207110937
45.18488238226063
1.3030716361826673
1.396968072259101
1.0999876956957535
0.9509580937118974
1.0950214465649024
5.862276054594173
0
0.0008582441658989998
0.0008614342604616546
0
0.009501119932922105
0.007926639577673719
0.008307168150782845
0.008591323640725464
0.007409088691663793
0.009615665907909675
0.008021097453203707
0.00960365348055331
0.007024920292163888
0.007941182147763178
0.00934142841085995
0.016645485895072785
0.008567383948405682
0.008790557878737296
0.008843322282619989
0.009119900621185624
0.0048802815045030186
0.01186221808428305
0.019288818994270374
0.01256889861429209
0.007814069627919374
0.0019017106151236328
0.0074561768636502105
0.023046011733890048
0.07332104046842107
0.04198855317184699
0.11767487231178071
9120074161054125e-20
0.010131869233901195
0.2407308982037232
4806107891274524e-21
0.07524167234758428
0.010956327107046193
0.001269902744132357
5486356685057298e-21
12044236023958034e-22
0.10500019454180821
0.09101147065461672
0.004147401679162816
0.04093132696239016
0.020353778708993204
0.005790913404561775
0.01214104005181636
0.00048292491722811234
0.3841639771550275
15699130009005802e-25
0.08027722387182239
0.00034193504752479066
0.009650557156039182
0.010944348305423714
0.00015706603443169274
0.0001708801834607462
0.4063175710349759
0.00039353406146148343
0.05752114196486285
0.2608141424875324
13179231423955862e-22
25861671246781834e-22
0.0001447300156932745
12571500802866386e-21
0.0005945471855545112
17003124058980075e-21
1443227717528647e-22
10044042570940937e-22
1907705105344865e-20
0.07798997560256254
0.07882959336232874
4350020703912783e-20
0.00021269114863237492
0.01971959536242512
0.008176561637795374
0.09357707634205466
0.0203031485637108
27829002115296356e-21
0.14268824394671062
0.03903234030347982
5573479028487759e-22
0.30429707728571725
4458963915376459e-22
0.0037676768027379804
0.0009827608123263091
22994565953059827e-28
0.31230735032284734
0.4031692559126805
0.01818832697899226
0.2966228794747008
0.42808462561014166
0.007417580885066561
0.20346803978727426
22332184594164593e-26
4630621425004485e-21
0.0006295023174872894
9120820533403836e-20
0.13623052750373577
8645601876116813e-22
0.00011181701039588676
0.17055314351098083
0.0009293492601215472
0.011887596595844218
12200773717154737e-21
0.14378189435550323
0.09951582391805759
0.021365943441414778
3146927166652856e-20
0.00015345417204051497
12006679869017657e-23
0.013727561452968468
0.17192710235674724
8333314531533576e-24
11103324316715776e-21
9106352325295255e-21
9650417001823976e-20
10586427048090297e-21
0.3433553497097399
0.17050726832520752
0.005161343912175716
0.0015488845875835193
0.04230778425977423
0.005891442132132004
6760498579502803e-20
0.02861720503108155
8323828746040817e-20
0.0007210814764287514
0.08289088364937973
9970380922036463e-22
0.41754051238965006
0.41894395128443346
0.0018288787945508393
0.0005371482926717292
58299101014031186e-25
0.0010310302851299215
10390421319415513e-24
0.010304281729392175
0.02953699759372681
0.0009040900186447815
0.0003376589144146941
0.00015455481596123377
26181824534131708e-22
0.006132381260973324
0.030874710065396826
0.021585816835788793
11257175972233399e-24
0.4278412555134289
0.06868353067299032
0
0
8178065590830198e-20
6661831043140961e-20
10336384207581336e-22
7596605523202985e-22
0.00019349163857025313
0.009776530014162775
0.005397585049153939
15204233718707194e-24
0.00013150260443800456
7328742075720121e-21
0.05736073194621403
0.013450756566423654
0.10345329811470268
38456361393601405e-23
0.06175434244685745
0.007703117517621861
0.00012014683389329178
0.12841438385177883
0.0002964459161979524
1854955945723647e-28
8514988451774421e-20
373615975873655e-20
0.00012471935092169288
0.01641164550026147
0.003907445186340133
0.00016355718162725126
0.00015212041576710778
3799874513934414e-24
0.000514540574410431
0.023075032296846675
13135133601030251e-24
0.001806644778257651
0.0018015856483270575
4418781278534934e-20
0.1116560756492038
4337282381417028e-20
0.35222202480667403
0.0019115327690941478
0.1930484212214449
0.003305212972286468
0.000700991681475903
0.0005693635375979884
44751674863633244e-21
0.38829323458396875
12102023848740193e-21
2156773179140079e-20
0.00831800453347803
0.006454059949853268
21715984868637203e-24
872318496043158e-19
0.003057821226463791
0.13758663311404737
0.030488954816931906
0.00010011507689798086
0.023152614134791524
0.00035414970983790845
0
0.11643844325696776
0.012375894102494794
0.36855706149140066
0.3387341153050724
0.3546989630525194
0.05304055812089667
0.02994062752822837
0.4240316945925606
0.36315427908618597
0.4261977107706859
0.332740283499603
0.22634124970321662
0.0007653412416976276
0.01579785825084238
0.14668831386743633
0.29509780805749164
0.1422836839215782
0.0002992534455114472
0.02720280263764271
0.275928645420196
0.11818405231713719
0.17473031796314809
