0.8553624491757522
35.443820468663816
35.397228103082305
0
35.50430991761728
0.0002692604628863516
35.50640496290904
0
35.5178976366859
0
71.22505752668914
0
20.03180946476935
0
20.650270625047057
0
34.38486487020211
12.67922992678766
25.187974532795376
1.3307980129235932
35153038759562996e-31
7.790890801211018
2.220337889376088
0.16632095341494588
0
0.1499468371035358
0.0018809952423852704
0.09873252737820172
0.006956384564334431
0.9510074572242326
0.8645180465209719
0.0954584707262501
0.018160287185914455
0.18015635010382633
0.1092387410064187
0.02908869318191274
11833779395716237e-23
0.145595221050819
0.14356130061287858
0.01240414311171628
0.012004840960032674
0
0.2074537596436882
0
4.22280110701813
4.125409097154809
4.19009987502193
0
5.449893754414323
0
1.4335391987343558
0.08390429118207549
32.67065661864024
32.939003416516165
17.62507132588071
87.2284839717488
61.407570118342015
0.6126000754578738
0.006861300599301094
0.009091660952249146
17.64799824725251
33.2538091368415
0.1953968906792374
0.30430033056739864
0.7527837177270473
0.9172532306482863
22.80273289733657
0
22.76894404334262
0
14.177259263769274
0.006469492950918822
0.006469139861349828
13.440453765750792
3.3413998630328594
1.2887561450611114
2.522543071508164
0
0.0002263683572208232
0.005813265362939693
0.06788607989736196
0.03201926034994308
0.005184141774191755
0.0004039258157880487
0.0002976518688056043
0.001079665510293709
1.8487351212325316
0.440094961689453
0.20522620711026124
0.198487550548406
0.0019482152967783687
0.0664971795760362
0.005556843394154624
0.007460539653477397
0.08112393585775676
0.9358155494155452
0.023215010457719513
7818265781012764e-20
0.054788912269454454
0.0013487894541124243
0
0.9780015049869832
0.5369154144393128
0.027118667262745536
0
0.4750044186344232
7105862297947521e-20
0.03561905262632883
0
0.001273547680909602
0
0.12808162983725485
0.8199732666263374
0
0
0
0
0.04999399293792546
0.41284389702774277
0.010913413711494723
0.017228172516745528
0.4093400410189505
0.4188512269518362
0.18313761327794595
0.19268833120274753
0.045763546873967574
0.2568365316949533
0.0009808936634199327
0.4486689279140679
968936327934265e-21
0.007861740066414897
0.30410859410008223
0.11167140321220771
26268879187585415e-24
0.0025629272955686056
0.13919314566000088
0.2258648298909452
0.01668218939342439
0.025063404982463063
0.25849850621076714
0.4405552823524546
0.2664077664299527
0.13781830404771517
0.26215249497493603
15830239631725061e-25
0.22997042226836115
0.2300209376976536
0.48145677638558676
0.5748218319193177
0.0012263116563697683
0.603803630925875
0.4541056577440546
10.741448945220663
2.0642091896585546
2.755285365249327
0.11192651638710584
0.452419004947757
2.5458289966027947
4.083580583324508
0.6685722334161337
5.012511374052615
7.053044399537802
5.199802526567909
2.45287498266428
2.8834374461086956
0.5491988287699242
29.68173295005376
619.2833689304308
4.002148798489247
5831.640887226286
1.0999886131635872
23.218634519429127
1.1741829705986566
45.18285086792393
1.303115095220461
1.3969672530866415
1.0999876034461082
0.9500160314653514
1.0947839476359822
5.996287494563272
0
0.0008569295323817653
0.0008613656822392261
0
0.009489738532831197
0.00792708152205937
0.00829114718186006
0.008542108835720518
0.007394400549493291
0.009621528266377341
0.007983434824186564
0.009614777509775832
0.006987563971055963
0.007930574159779623
0.009343049051470336
0.01666894042430886
0.008548289087243914
0.008794907238332783
0.008827855907594452
0.00912696176309199
0.00488748028668387
0.011868204594550348
0.019266294416036254
0.012575291682223428
0.007814434642111859
0.001901685519378424
0.0074557892506951036
0.023042258278227718
0.07328124574655734
0.041975880660744765
0.11756765565640911
9120068398135953e-20
0.010131151866188313
0.24020728261628535
48061077312446585e-22
0.07519968740309563
0.010955487645655399
0.0012698915595523478
5486356476520675e-21
12044235923456846e-22
0.10491595743448497
0.09094907869563068
0.004147282090012349
0.040919296151753916
0.02035085789490154
0.005790679928708484
0.01214000817942715
0.0004829233008284128
0.3823328061323585
15699130008835051e-25
0.08022919569953137
0.00034193423726368424
0.00964990659537273
0.010943510687273023
0.0001570658634953347
0.0001708799811316401
0.40406288889146214
0.0003935329881609121
0.05749701579722017
0.26017993606327017
131792313036206e-20
25861670783413485e-22
0.00014472987055479163
12571499707924393e-21
0.0005945447353451927
17003122056003223e-21
14432277160855943e-23
10044042501048576e-22
19077048532048772e-21
0.07794474664084951
0.07878334737883778
4350019392888141e-20
0.00021269083516731402
0.019716855246952752
0.008176095219875463
0.09351094669728512
0.020300242391424785
27828996749703393e-21
0.14252622462780098
0.03902141875147436
5573479006966621e-22
0.3033641458060762
4458963901601816e-22
0.003767578141496515
0.0009827541155029251
2299456595305945e-27
0.31130866976856814
0.4009845546194632
0.018185999007292987
0.29574947397075757
0.42512907547065665
0.007417197287257007
0.20311317195489417
22332184594130042e-26
4630621276447699e-21
0.000629499570617713
912081476954233e-19
0.1360839051068194
8645601824331923e-22
0.00011181692376574337
0.1703140032697203
0.000929343271712372
0.011886607570592093
12200772685839425e-21
0.14361717853047096
0.09944058202527738
0.021362722053010114
3146926480537443e-20
0.00015345400887590627
12006679859030128e-23
0.013726240472783797
0.17168368800595812
8333314531052465e-24
11103323462588937e-21
9106351750776139e-21
9650410549148558e-20
10586426271637702e-21
0.342060447792526
0.17026826999730246
0.005161158541844473
0.0015488679450478605
0.0422949145816735
0.005891200459026495
6760495412893341e-20
0.028611388917264835
8323823945512189e-20
0.0007210778719232203
0.08283954533802979
9970380853165505e-22
0.414991740910164
0.4163514560220407
0.001828855585666077
0.0005371462928197709
5829910101167649e-24
0.0010310229140049856
10390421318667548e-24
0.010303539629256403
0.029530796528060503
0.0009040843514568137
0.0003376581242954714
0.00015455465044749396
26181824059219833e-22
0.006132119362651852
0.030867926515681616
0.02158252817053501
11257175971355444e-24
0.42489829653930744
0.06864876631994479
0
0
8178060956964581e-20
6661827968291069e-20
10336384133561194e-22
7596605483222169e-22
0.00019349137914773858
0.009775862286286732
0.005397382280370631
15204233717105647e-24
0.0001315024846180325
7328741703608008e-21
0.05733674376080458
0.013449488625693676
0.10337165519243066
38456361291142717e-23
0.06172642347961064
0.007702703717389629
0.0001201467338746393
0.12828521913061522
0.000296445307205374
18549559457236447e-29
8514983428214125e-20
3736159662028085e-21
0.0001247192431447899
0.016409753049152653
0.003907339056695746
0.0001635569962691773
0.00015212025542666411
3799874513834378e-24
0.0005145387393921353
0.02307126928614491
13135133599834937e-24
0.001806622130678857
0.0018015631275068308
4418779925735322e-20
0.11156015801901605
43372810780595254e-21
0.35082782686151165
0.0019115074132340956
0.1927333002493831
0.0033051370747889173
0.000700988275078091
0.0005693612906108645
44751660988177596e-21
0.38639325209101244
12102022834051797e-21
2156772856863232e-20
0.00831752178073953
0.006453769775028708
21715984865370035e-24
8723179688200722e-20
0.003057756279109494
0.13743685131546476
0.030482341993596517
0.00010011500745186576
0.023148825519357773
0.00035414884064530113
0
0.11633360560056176
0.01237482170597366
0.36695745321270806
0.33748806785763175
0.3532756108449304
0.05302012979760969
0.029934253536779937
0.42125910986938975
0.3616262158931767
0.42333361715470247
0.3315549040541332
0.22588803139802835
0.0007653371809732439
0.015796105640988697
0.14651630501974444
0.29423584975682815
0.14212265550636513
0.0002992528249276879
0.027197553828747154
0.275200625475165
0.11807584718862096
0.174478039535241
