0.861231215473041
35.386321047101504
35.352586880135426
0
35.45723225181721
0.00026901669472793486
35.46001304650816
0
35.47283830267754
0
71.13206935418448
0
19.939508769124128
0
20.51022058054531
0
34.293694230572235
12.66811868856267
25.15116617039489
1.347235361987974
34914643226606114e-31
7.852207739664614
2.2219534838716855
0.167446073607445
0
0.15152728359884712
0.0019219755027589892
0.0959995946246816
0.00695595054700697
0.9244191604258216
0.840652196280777
0.09306690869896099
0.01764841390154776
0.17466120568581978
0.1064188370762471
0.02838174423869724
11675348239441348e-23
0.14718189559392766
0.14517002935442386
0.012668946344536762
0.012284526285013508
0
0.2034527027136904
0
4.213125018877101
4.121934902095498
4.188170853955359
0
5.44508286411367
0
1.4512215121720105
0.08484325657187308
32.66668562694065
32.938986699480225
17.609812313521804
87.19045118752837
61.40552469016276
0.618025122806942
0.007064720410880218
0.009093423130397753
17.63702191560081
33.272525812550604
0.1899602456449095
0.3061856738739274
0.7634720836672056
0.9277217288992551
22.878462963423676
0
22.846231964524932
0
14.191691463222307
0.0065278980912184805
0.006527518952558419
13.419708657606687
3.370419523693614
1.2886484377861462
2.5195199586182766
0
0.0002279267114798035
0.005882423694676039
0.067851431578084
0.03197474449777527
0.00523415354392659
0.0003995886565414913
0.0002941962889715792
0.0010875168200039653
1.8506975371375798
0.4399131071563688
0.2019700124798923
0.1977996947647389
0.0019775953858921515
0.0663988112343899
0.005561880261164874
0.007105349790741935
0.08078746445076326
0.9402550494330791
0.02315092889189805
7289748172464064e-20
0.0527542818537857
0.00134319167411161
0
0.9759987011439599
0.5359612223845294
0.027348987980466463
0
0.47243299332011746
7137288133893817e-20
0.03592043216095555
0
0.0012610977631181115
0
0.12804201113837915
0.8173954758149772
0
0
0
0
0.04885957950126622
0.4120982668657635
0.010448338080890981
0.016449064563200364
0.4089670686690678
0.4165197164406553
0.18316324706587114
0.19530359481253476
0.04596436244311745
0.2601050011612226
0.0009709555317473825
0.4442471587838054
9687302939742721e-22
0.007879640960065933
0.30471906075841965
0.10857443092348941
22817477855243666e-24
0.002559120283727674
0.13718639409806452
0.22566435777068317
0.016738745897555647
0.02516186592257978
0.2557254257000151
0.4362773323388618
0.2662020125980096
0.13827980702169496
0.2618619182648091
13748616988299469e-25
0.22900272548908857
0.22905403411274478
0.4810992781628939
0.5745029794382718
0.0011975339640421352
0.5982441756737851
0.45557250297693064
10.750187244657065
2.064967408357894
2.7562669469732985
0.11162860453718773
0.4527436439804055
2.5474237256437986
4.08594801557804
0.66734668443628
5.011466385636872
7.049463589282851
5.192950309351822
2.4534180073413663
2.8817550655844504
0.5503214265621154
29.70060546734057
619.2812986219893
4.002147747336634
5807.4596867221735
1.099988535037252
23.218631580454176
1.1741252437472967
45.18113004401947
1.3031513778845047
1.396966558839603
1.0999875253014584
0.9492175808634433
1.094582802640115
6.107683029260139
0
0.0008557495438846951
0.000861289616732112
0
0.009479832094615679
0.007926330843899557
0.008276533131656282
0.00849953655311444
0.007381025745566681
0.009625599290034488
0.00795065511630947
0.009623208346090732
0.006955216629364669
0.00792050596284953
0.00934320703772515
0.016686666178224074
0.00853100017132374
0.008797473235309428
0.00881364140793113
0.009131782137435557
0.004893294304978989
0.011871762454507983
0.01924478554131615
0.012578987752067134
0.007813733236308585
0.0019016642610371027
0.007455460919607912
0.02303907920499854
0.0732475525439241
0.04196514877153187
0.11747690887911943
9120063516372046e-20
0.010130544223888403
0.23976461908434
4806107595683399e-21
0.07516414029446239
0.010954776588409524
0.001269882085174075
5486356299869354e-21
12044235838322312e-22
0.10484465307130306
0.09089625994397707
0.004147180788766266
0.04090910762116138
0.020348384001822494
0.005790482158727305
0.012139134149157314
0.0004829219315808049
0.38078845188075267
1569913000869041e-24
0.08018853352563556
0.0003419335508931761
0.00964935553988092
0.010942801191269547
0.00015706571869532785
0.00017087980973888494
0.4021627390370991
0.0003935320789705172
0.05747658644262647
0.2596439065799774
13179231201684627e-22
25861670390894262e-22
0.00014472974760812758
1257149878039934e-20
0.0005945426597813016
1700312035928214e-20
1443227714863185e-22
10044042441842773e-22
19077046396171732e-21
0.07790645371820915
0.07874419364201878
4350018282319755e-20
0.00021269056963148917
0.019714534393598368
0.008175700138170016
0.09345496485161095
0.020297780898946335
27828992204511554e-21
0.14238912203202017
0.03901216949791219
5573478988736071e-22
0.30257609777184835
44589638899333196e-23
0.0037674945676011502
0.0009827484426609672
22994565953059136e-28
0.31046518651440297
0.3991431589022207
0.018184027216073054
0.295011624629885
0.42264139921560623
0.007416872357154189
0.2028130477409205
22332184594100773e-26
4630621150605281e-21
0.0006294972437544583
9120809886979329e-20
0.13595982477099156
8645601780464957e-22
0.0001118168503814199
0.17011168996664794
0.0009293381989624257
0.011885769831887105
12200771812212511e-21
0.14347779542435937
0.09937688914204933
0.021359993595561393
3146925899329341e-20
0.0001534538706593368
12006679850569693e-23
0.013725121570199304
0.17147776139512738
8333314530644911e-24
11103322739058326e-21
9106351264101147e-21
9650405083091963e-20
10586425613904915e-21
0.34096735793090527
0.1700660766682231
0.005161001519884943
0.0015488538472993544
0.042284015742887426
0.005890995745546266
6760492730460302e-20
0.028606463013270945
8323819878987577e-20
0.0007210748185614505
0.0827960815416977
9970380794824932e-22
0.4128448528197338
0.41416790870622266
0.0018288359256551667
0.0005371445987514286
5829910100968183e-24
0.0010310166699678532
1039042131803395e-23
0.010302911038202031
0.02952554462516926
0.0009040795508108875
0.0003376574549870928
0.00015455451024097894
26181823656922102e-22
0.006131897517390109
0.0308621813381987
0.021579742734885065
1125717597061173e-23
0.42242115946678804
0.06861933121034439
0
0
817805703162006e-19
6661825363587491e-20
1033638407085875e-21
7596605449354428e-22
0.00019349115939125392
0.009775296689824265
0.005397210520936905
1520423371574897e-23
0.0001315023831186451
7328741388391931e-21
0.05731643122252055
0.013448414646879767
0.10330254589905577
3845636120434999e-22
0.061702783203391724
0.007702353204691668
0.00012014664914892529
0.12817590536912907
0.0002964447913288695
18549559457236427e-29
8514979172759589e-20
37361595801063677e-22
0.0001247191518470712
0.01640815012494626
0.003907249156551787
0.00016355683925255675
0.00015212011960244072
3799874513749639e-24
0.0005145371849536486
0.0230680821206774
13135133598822389e-24
0.0018066029461418023
0.0018015440503450688
4418778779779384e-20
0.11147897068061856
4337279973985969e-20
0.3496511204015085
0.001911485934553586
0.1924667637981545
0.0033050727833984256
0.0007009853895321816
0.000569359387195489
4475164923428544e-20
0.384791052490088
1210202197450954e-20
2156772583862621e-20
0.008317112862917059
0.006453523978203376
2171598486260242e-23
8723175222097575e-20
0.0030577012632987395
0.13731009875946779
0.03047674139445891
0.00010011494862411415
0.023145616669052235
0.000354148104354098
0
0.11624487149463199
0.012373913351808895
0.36560785805535145
0.33643612796145456
0.3520743588880953
0.053002831124776946
0.029928855191586088
0.41892464161726417
0.3603368251817595
0.4209225069169333
0.3305540737076829
0.22550482032090774
0.0007653337411513409
0.01579462115766982
0.14637075416882162
0.29350765506399806
0.14198639095391702
0.00029925229923232464
0.02719310835618358
0.2745854228802686
0.11798426415632483
0.17426461951574077
