0.8683367984889372
35.3087980667446
35.29194023851523
0
35.393568942324094
0.0002686583107425481
35.397236927276815
0
35.41176893388097
0
71.0068612113454
0
19.832313593153422
0
20.345059905929258
0
34.177741019216214
12.652171643501864
25.098941287426246
1.3662607560901476
34539811586745184e-31
7.921868965937938
2.223743856118985
0.16866587867797647
0
0.15337615245159333
0.001969949645639338
0.09274573212231912
0.006955428771495614
0.892761694022913
0.8122324956632635
0.09012016162303448
0.017016777663961178
0.1681565863427303
0.10295152922691353
0.027513689646385873
11486477386632416e-23
0.14905587145672017
0.1470868052203582
0.012983564682979875
0.012611334653841786
0
0.19845733241270214
0
4.2009467524889805
4.116002297758603
4.185830178468157
0
5.4392427488141175
0
1.471704520984139
0.08592824103297064
32.66187879449605
32.938966914221794
17.5917152730088
87.144232811367
61.403048085604894
0.6241719305169001
0.007307504746926553
0.009095471032993978
17.623438108392527
33.292078431688196
0.18349406368797747
0.30837453697611095
0.7759380224236007
0.9395537545801529
22.96428274052344
0
22.933385593061107
0
14.208922690347238
0.006597593703488009
0.006597199752708331
13.39495557760632
3.403784487481266
1.2885244612007678
2.5158645801557387
0
0.00022976456699036455
0.005962652690070384
0.0678053949166497
0.03191942601968898
0.005294119272444861
0.0003946832253406984
0.00029024494857792405
0.0010963755404165994
1.8529370352776628
0.4397051684229386
0.19784571244575286
0.1969997105438232
0.0020123295992328406
0.06626028622902444
0.0055650937848951325
0.0067098906565554025
0.08039489677442804
0.9450766699447346
0.02307349244870708
670558529914875e-19
0.050453422717686054
0.0013367965913566138
0
0.9735736977559998
0.5347454305900446
0.027623060206935234
0
0.46937287049066395
7170698983217241e-20
0.036264514378941105
0
0.0012467594589835053
0
0.1279940289942158
0.8142794101353991
0
0
0
0
0.0474463403415753
0.4111932169397593
0.009929482178204219
0.015558361888914017
0.4085130546569547
0.4137118411680724
0.18319593483112362
0.19835481879762895
0.04619256615787323
0.26380178816987726
0.0009594171082788157
0.43911010348352586
9684765072638227e-22
0.00789889955585352
0.30537260563190183
0.10488026414290937
1923323653769347e-23
0.0025544600230739665
0.1347781221189137
0.22541843917216803
0.016804970967576188
0.025279912863487266
0.2523702500634506
0.4311446133093461
0.265944718068553
0.1388327633640767
0.26149194841446083
11586425765398584e-25
0.22781505476044622
0.22786697980095721
0.4806563180487192
0.5741162869949106
0.0011679416065619903
0.5933711168880536
0.4573327008858549
10.759916526520126
2.065866116031516
2.7573868349779986
0.11126767965815183
0.45310506075808954
2.5493143386213477
4.0886487322224125
0.6658591185125424
5.0101690652458
7.045133455437298
5.184385139539271
2.454048789277732
2.879864571554982
0.551643949045211
29.721951615272992
619.2787920144002
4.002146474658595
5778.316557314147
1.099988440446142
23.21862802210366
1.1740553550137978
45.179046651748
1.3031946496326823
1.3969657178918469
1.0999874306881738
0.9482503681016548
1.0943393166748256
6.241306697052538
0
0.0008542579133777598
0.0008611746036749833
0
0.009467497357849484
0.007924373770522576
0.00825791202829499
0.008447278575232997
0.007363993428512502
0.009629716386571124
0.007910235175386662
0.009632591860571629
0.006915490672222779
0.007907318985313458
0.00934229537769073
0.016706186849172962
0.008509065472429645
0.008799567968493023
0.008795438294188801
0.00913656496424475
0.004900148627532384
0.011874698736070236
0.019216568666508112
0.01258187592569324
0.007811970623022263
0.0019016385229117653
0.007455063413536724
0.023035230743044154
0.07320677937874698
0.041952158855838854
0.11736713135447475
9120057605801336e-20
0.010129808572417824
0.23922975776555155
4806107431553204e-21
0.07512112427625313
0.01095391574073664
0.0012698706142067985
5486356085989549e-21
1204423573524605e-21
0.10475838648001366
0.09083235092324654
0.0041470581420390545
0.040896775297571915
0.020345389149116926
0.005790242718630952
0.012138076005063064
0.00048292027377547377
0.3789269779899169
15699130008515286e-25
0.08013932955724418
0.0003419327198749421
0.009648688393978819
0.01094194223366041
0.0001570655433795342
0.0001708796022260895
0.3998740958164772
0.00039353097817505133
0.05745186140566216
0.25899638899230054
13179231078266097e-22
2586166991565334e-21
0.00014472959875113392
12571497657402543e-21
0.0005945401468111348
17003118304984776e-21
1443227713383158e-22
10044042370159607e-22
19077043810168306e-21
0.07786011590691157
0.07869681446819954
435001693770434e-19
0.0002126902481355993
0.019711724796202017
0.008175221820280376
0.09338722992919696
0.0202948010571822
2782898670144149e-20
0.14222330215997564
0.03900097393882056
5573478966663515e-22
0.30162471127448437
44589638758057397e-23
0.003767393383355512
0.000982741574336309
22994565953058757e-28
0.30944700089200794
0.39692501039384576
0.018181640164631214
0.2941207399658823
0.4196489298798634
0.007416478968509695
0.20245026711227398
22332184594065336e-26
4630620998242131e-21
0.0006294944265265041
9120803975441121e-20
0.13580974645189872
8645601727353222e-22
0.00011181676153173703
0.16986706162947357
0.0009293320571897675
0.011884755622446485
1220077075447265e-20
0.14330921896895654
0.09929982785938507
0.02135669059406542
31469251956343274e-21
0.00015345370331439905
12006679840326253e-23
0.013723766985875185
0.17122876719328475
8333314530151468e-24
1110332186304688e-20
910635067486157e-20
9650398465092095e-20
10586424817557893e-21
0.3396485780132967
0.16982159329400348
0.0051608114126305985
0.001548836778684005
0.04227082378030042
0.005890747899119562
6760489482717706e-20
0.0286005001316304
8323814955463425e-20
0.0007210711217344033
0.08274348845970973
997038072418934e-21
0.41026037627126055
0.4115395086630014
0.0018288121226661593
0.0005371425476727749
582991010072668e-23
0.0010310091100779303
10390421317266822e-24
0.010302150025666767
0.029519187156825475
0.0009040737384840345
0.000337656644626689
0.000154554340486727
261818231698419e-20
0.006131628929955045
0.030855226820849024
0.021576370762013918
11257175969711282e-24
0.4194412962630531
0.06858370967137081
0
0
8178052279028945e-20
666182220995544e-19
10336383994942037e-22
759660540834921e-21
0.00019349089332238944
0.009774611940186077
0.0053970025712720485
15204233714106386e-24
0.00013150226022881251
7328741006745468e-21
0.05729184753645832
0.013447114446522641
0.10321893395758179
3845636109926607e-22
0.06167417295948883
0.007701928844328637
0.00012014654656771914
0.12804367886729187
0.00029644416673485914
18549559457236404e-29
8514974020489549e-20
37361594809200094e-22
0.0001247190413088488
0.016406209601051786
0.003907140313115594
0.00016355664914557486
0.00015211995515402115
3799874513647041e-24
0.0005145353029303632
0.023064223863331273
13135133597596452e-24
0.001806579718820476
0.0018015209530256198
44187773923186634e-21
0.11138075253639883
4337278637234136e-20
0.34823170904574313
0.0019114599296585024
0.1921445492206371
0.0033049949445534852
0.000700981895886043
0.0005693570826521997
44751635003316265e-21
0.3828600850718537
12102020933822611e-21
21567722533283772e-21
0.008316617794365001
0.006453226393305282
21715984859251545e-24
8723169814785873e-20
0.0030576346544722733
0.1371567900976079
0.030469961870789323
0.00010011487739871858
0.02314173216292805
0.00035414721289480657
0
0.11613752764189911
0.012372813655227962
0.3639804827572019
0.3351668835783311
0.3506254136380827
0.05298189438592513
0.029922320471748743
0.4161155013269755
0.35878185227197984
0.41802163705452483
0.3293463651220582
0.2250417191395342
0.0007653295764227721
0.015792824012718573
0.1461947226126964
0.2926284080288386
0.14182158408320628
0.00029925166275020866
0.02718772699224374
0.2738424093057028
0.11787347546425737
0.17400657150906085
