9200634107546897e-20
35.24074135056701
142.86060561212946
0
2184.7481910010997
0.004533535975684119
198.4668458439143
0
85.59667651895741
0
826.6478458387778
0
26.09759809745284
0
34.1966909067512
0
27.41845130240578
16.09604109848536
156.6817178850115
794.6647730111482
0.0592711727033668
60.28057808246452
1.8522260602953546
1.1165970268221306
0
6.459526443445095
0.6537941126667778
8.21486655062219
0.006447156353100486
2.9081699424998013
58.78846920948857
22.263234226379545
273.4306748289037
0.38016330845176943
49.56341247419644
2.3127172984616697
6866922744774556e-20
45.3867796375995
61.482244200927106
81.27219238951281
46.39973739715281
0
2.682828459371859
0
261.30828886858603
31.390254673739623
4.703901082452363
0
11.662270723339097
0
2.9771861724495174
11.549939256257705
29.09070799443375
28.183494476059025
18.405963931844816
36.40800867731037
1651.595146140712
2.0694783946911692
0.04632260576244123
0.4472831935675926
10.871326411026995
51.65412174292774
0.9944084397746928
2.398365353682492
0.0013710510902282102
0.0021631332572238475
323.28000987449894
0
269.2901788721558
0
8.37119269189751
0.029221881260766795
303.6246625076583
7.056215624852022
4.144715138163826
1.006369533819584
2.9262266099399397
0
7403723992678995e-20
8.026981751887622
0.09775713141558749
0.00196220900552514
0.04757992233915215
0.008271261264445181
0.0006468915082550002
0.001739287844013032
0.22337907710225408
0.6789086728892847
1.0294528294958287
0.06975393414893998
0.010782159122789821
0.10075848272429293
0.019994312859701484
2.297956617867505
0.03082207878353317
3.429342216463816
0.01592115557615713
0.033749404163190035
10.857554057840504
0.0004194884503565175
0
1.2636167557945501
1.554002496212273
0.2256492195770957
0
2.7425581032771325
0.036268613513925546
0.055686737602588764
0
0.0024878754340012274
0
0.13422360607430625
1.239224602822377
0
0
0
0
2.162145221878856
0.5657573895518987
1.2153271080033103
5.87996642722697
0.29617052721605364
1.318393904996614
0.09910685634799571
0.3995804212905021
0.0034095304505250648
5.528697147081146
0.0036949131597366863
1.6215800315813556
9046532979771649e-22
0.035081612255045726
1.833791524792847
0.304211303440293
0.5744069118795317
0.2106302668307947
0.8725579305414329
0.19962882560509657
0.0005614736155022584
0.022086553682055837
0.9998287650670986
2.3354626683929443
0.13313042184116727
0.10451656934481526
0.29764059862491604
0.029883232749336505
0.36966932246512596
1092.9160897866398
0.33041094303834034
0.6326926228951265
0.15810896198583885
43.58258117435918
0.27673698067573244
8.922975516748545
1.9908103621171587
2.8134359319705307
0.18425529267515772
0.3834975328419766
2.3965732863918956
4.230535085297974
0.9233525937837612
4.71529083347951
4.764562936099622
5.577934211023227
2.10137105229839
3.383397844086296
0.2969155677278541
37.910586077024355
619.5851543296615
4.002301988621374
10685.016328713773
1.0999999987751772
23.219062827803544
1.1826260710946437
45.434333020862454
1.0519161206855911
1.3673998551758022
82.7151886010439
0.2090912708061029
1.1244960471230776
39.71438086306418
0
0.0010746102806889362
2794228525444994e-22
0
12112237288856005e-40
0.02739808443650573
0.044537445383915256
0.07594978506052895
0.03647123325952664
0.037088898301116204
0.058419584830996095
0.044496612156974744
0.06390483338602519
0.04256394144070437
0.03915396606443343
0.060524388471745155
0.04627295241575487
0.03565710450940779
0.04133918838103308
0.035613688393382525
0.0451779898514546
0.04783320640928091
0.06683454486706795
0.043795892620432174
0.033768739124444766
0.001904786094480991
0.007503792713075379
0.02351027437005038
0.07836089046019284
0.04356957575871818
0.13157062647321216
9120779858115349e-20
0.010220095962666126
0.314288634104299
480612748697749e-20
0.08056397345111974
0.011059606867951611
0.00127127304116893
5486382220434078e-21
12044248330338543e-22
0.11584325049298486
0.09898404484849932
0.004162071469317024
0.0424315563083498
0.020714619426776732
0.005819573797373771
0.01226805805756993
0.00048312288632686975
0.689619592828912
15699130029914285e-25
0.08638094812708394
0.0003420342785396885
0.009730550731189287
0.011047400751939702
0.00015708696700099056
0.00017090496047782037
0.8031249984072147
0.0003936655092822557
0.0605532242992107
0.3514000143669036
1317924615902097e-21
2586172798631534e-21
0.00014474778900583685
12571634879273232e-21
0.0005948472901066984
17003369325350653e-21
14432278942304382e-23
10044051129266494e-22
19077359801473206e-21
0.08373137168411535
0.08470255834726635
4350181241913663e-20
0.00021272953593232878
0.020058017056232065
0.008233876099862592
0.10203846039936872
0.020662172340309447
27829659140165484e-21
0.16398589545743997
0.040393052670057765
5573481663752234e-22
0.44318862809062204
44589656020821966e-23
0.003779777423704472
0.0009835811836003976
2299456595310469e-27
0.462284126566409
0.784224532909274
0.0184756512772824
0.4256201716513482
0.9999079978913785
0.007464702710207853
0.2519574026070383
22332184598395647e-26
463063961582434e-20
0.0006298387623755988
9121526345982722e-20
0.15543228762360936
8645608217180274e-22
0.00011182761876734793
0.2025243508071757
0.0009300828327689677
0.012009326854540838
12200900002410482e-21
0.16544785918534166
0.10917298773949778
0.021764096635170475
31470111826402984e-21
0.0001534741528640242
12006681091991234e-23
0.01389028014058735
0.20449798783672674
8333314590446034e-24
1110342890507433e-20
9106422675455546e-21
965120716477117e-19
10586522125168935e-21
0.5453549265875595
0.20245857866634678
0.005184092910602144
0.0015509238188485127
0.04391364311517508
0.005921110070132895
6760886342155744e-20
0.029338398446429728
8324416591869325e-20
0.0007215229844727111
0.08942388176084454
9970389355291079e-22
0.8837178474614359
0.8959034797775417
0.0018317229505890246
0.000537393230900156
5829910130236487e-24
0.0010319332780659855
10390421411003333e-24
0.010395557076997826
0.030306244374018552
0.0009047842345839188
0.00033775567851738797
0.00015457508446435525
2618188268717163e-21
0.006164535408659293
0.031716724358254345
0.02199232502515081
11257176079738718e-24
0.9962021341181551
0.07307625949653403
0
0
8178633027686596e-20
666220756934747e-19
10336393271354236e-22
759661041885715e-21
0.00019352340749549798
0.009858638989762341
0.005422471757287871
15204233914817394e-24
0.00013151727722308064
7328787641004536e-21
0.06037524181751322
0.01360692287911237
0.1139538041036367
3845637393967279e-22
0.06527023649083538
0.007753955755889017
0.00012015908181020936
0.14525486887107886
0.0002965204968176117
18549559457239284e-29
8515603609313638e-20
3736171600710485e-21
0.000124732548911294
0.01664503349188332
0.003920462576828025
0.00016357988031784356
0.0001521400507376102
3799874526183677e-24
0.0005147653219368831
0.023540482822598643
13135133747396155e-24
0.0018094201220168469
0.0018043454524882454
4418946932026178e-20
0.12404677750493609
433744198055026e-19
0.5724449970656783
0.001914640138579562
0.23580015566847518
0.003314519808861632
0.0007014089201469389
0.0005696387482869688
44753373946192117e-21
0.7079685268241864
12102148098013433e-21
21568126423155392e-21
0.008377329897558445
0.006489690658426217
21715985268702064e-24
8723830569374207e-20
0.0030657844678347763
0.15721745956677513
0.031309634028600694
0.00010012358094136907
0.02362124797423607
0.0003542561586291642
0
0.1300166767424337
0.01250791397771272
0.6277919549796638
0.5319148989064347
0.5803498349072364
0.05560243594412046
0.030731470290826127
0.9468041563498637
0.6085957201189753
0.973169118356156
0.5151028063733314
0.28930444149141193
0.0007658386404238072
0.016013941754286946
0.169352266796629
0.42220775114707293
0.16344608178118128
0.0002993294457429028
0.02785323581477609
0.381322619533861
0.13221183412025098
0.20854749693591668
