0.0001528483428990321
34.30243176729818
142.70752484059636
0
1309.625953411001
0.005050765019908441
203.90063562997224
0
87.26019915385288
0
813.82850223718
0
27.708496802247858
0
34.191130642351055
0
27.46485357399138
16.55488204222825
170.08274469758223
696.3921640196432
0.3287850867868977
59.378623176281515
1.6787074498699117
1.1149680883636346
0
6.458309311170772
0.6528196162174663
8.044325248793141
0.0064652098049386856
2.9311964712464613
57.7897235404332
21.34961547251641
156.402655956685
0.39014543694418874
47.326235311809235
2.0134244916073065
4605704366013654e-20
45.31752846036163
61.41036475542058
76.50229351402994
46.48993506965776
0
2.680351272499885
0
255.0173623782212
32.667949466482405
4.793392662300178
0
12.572934638675024
0
3.3527054153250484
11.511435024609934
30.19926758690873
29.429720110349336
18.398708266909903
59.75237179811605
1578.4125891699252
2.0600100010851667
0.054345353768882304
0.40638076826735137
11.377139459140498
51.6247245106899
0.9951107476004235
2.3593746127610595
0.00226475022737151
0.0035912223971924636
330.49103537326005
0
270.3149366503113
0
7.956929205467305
0.03010116722882388
299.1003900010148
7.483341306694916
4.619149770518094
1.0034352273303455
2.960042103808298
0
6986552975899701e-20
7.4056729538688195
0.08832290861871425
0.0019368529232689023
0.04741614418165233
0.008205870902324
0.0006400519925087937
0.0017386634461297873
0.20559666827095993
0.67888097551194
0.9473659633948209
0.08291945432980008
0.010809078735341711
0.09490669749080367
0.01879264068610664
2.295291182468403
0.028258034207446058
3.414281512554104
0.014419986243159811
0.030590278898919063
10.826809881815882
0.0004398485898879334
0
1.2637115332715305
1.5521327000321998
0.22483335030918142
0
2.7423777883368134
0.029277251532394716
0.05493030582748012
0
0.003034818412480069
0
0.1342230128415985
1.239186284504304
0
0
0
0
1.854215449277032
0.5658131474414031
1.2143799540509914
5.878787118721775
0.29626630407194837
1.2486610364077764
0.0991983545876315
0.3974704743753068
0.0043722199863392985
5.52330328326823
0.003696079021904378
1.6218814524371026
9046714788302622e-22
0.03688259190604119
1.8356971929888357
0.28290341234317834
0.5534996686917134
0.18661525112463961
0.8724415717962387
0.1996390491138786
0.0004987175265469109
0.020125520905555822
0.9995539568906524
2.332238911731416
0.13315846697360284
0.0960572508677828
0.2693559116082354
0.027129839881322948
0.33111846506606324
998.912785374565
0.3417972487523554
0.6326840489409047
0.15756386131550953
43.35106000030537
0.2566377374253139
8.047721037942479
1.9908050678753357
2.8132409152519084
0.18428581767488703
0.34933172145005154
2.3965622533888764
4.230046650920008
0.9234484268236001
4.303721110812098
4.272857440178498
5.092771986042903
2.1245197216218137
3.021648911128567
0.27397948071538986
34.57504711758896
619.5851328561021
4.002301977723564
10684.556059875233
1.0999999979652266
23.21906279733438
1.1826254683174864
45.43431508130104
1.1134186437552034
1.378561697036704
77.55771101356646
0.21341442833760874
1.1244939050080942
42.99520111651691
0
0.0009880975008310575
44206617887681727e-23
0
22408317959012137e-37
0.024131966622389138
0.03922622839517829
0.06706287027854806
0.03221715755482182
0.033728609125733104
0.051513579422301135
0.03918746022226909
0.05637185108491752
0.03748856617954217
0.03451274206630932
0.053307652048699077
0.040754538849357445
0.03145614111548107
0.03645216585145811
0.03143527294803359
0.03991736631596244
0.04220384109112851
0.05887133041340802
0.03867706193215721
0.029741863564724233
0.001904785873733402
0.007503789287248974
0.02351024074061944
0.07836051686238814
0.04356946026155362
0.13156957323914267
9120779807501721e-20
0.010220089607693043
0.3142826241765344
4806127485572107e-21
0.08056357855087316
0.011059599426062921
0.001271272942840025
54863822186027116e-22
1204424832945594e-21
0.11584243400826166
0.09898344872459718
0.004162070415360558
0.042431446765874084
0.020714593319716788
0.005819571736810236
0.012268048900522407
0.0004831228721258762
0.6895906566537856
1569913002991279e-24
0.08638049414183864
0.00034203427142193794
0.009730544970445003
0.011047393326468683
0.0001570869654996341
0.00017090495870071638
0.8030857527808175
0.0003936654998534164
0.0605530012094382
0.3513925013140595
13179246157964189e-22
2586172798224605e-21
0.00014474778773108
12571634869657399e-21
0.0005948472685781631
17003369307760337e-21
14432278942177655e-23
10044051128652702e-22
1907735977933002e-20
0.08373094512213301
0.08470212183262407
4350181230399878e-20
0.0002127295331789935
0.020057992578001352
0.008233871974972603
0.10203782691774933
0.020662146365282512
2782965909304397e-20
0.16398425931589578
0.04039295340007949
5573481663563235e-22
0.4431766774120629
44589656019612265e-23
0.0037797765544717848
0.000983581124739898
2299456595310469e-27
0.46227112385803304
0.7841871127768757
0.018475630508860297
0.4256091496798408
0.9998471633378141
0.007464699319981255
0.2519535401427319
22332184598395345e-26
46306396145197175e-22
0.0006298387382397665
912152629536081e-19
0.15543081771568948
8645608216725504e-22
0.00011182761800649342
0.20252185527364783
0.000930082780137343
0.012009318079661647
1220089999335342e-20
0.16544619374061448
0.10917226257454517
0.021764067815741733
31470111766147026e-21
0.00015347415143093245
12006681091903518e-23
0.013890268401728634
0.20449544342702625
8333314590441812e-24
11103428897573358e-21
9106422670410108e-21
9651207108099401e-20
10586522118350101e-21
0.5453368308385768
0.20245608475347293
0.005184091275483816
0.0015509236725012956
0.04391352578665158
0.005921107937039251
6760886314345116e-20
0.029338346077091692
8324416549708306e-20
0.0007215229527986424
0.08942339522714973
9970389354686253e-22
0.8836703298737396
0.8958546426732118
0.0018317227464513715
0.0005373932133295034
58299101302344186e-25
0.0010319332132761676
10390421410996762e-24
0.010395550501944078
0.030306188492455262
0.0009047841847765536
0.0003377556715765993
0.0001545750830106294
2618188268300096e-21
0.006164533096571278
0.03171666315408631
0.021992295598124767
1125717607973101e-23
0.9961417496733769
0.0730759345902823
0
0
817863298698936e-19
6662207542342738e-20
10336393270704191e-22
7596610418506036e-22
0.00019352340521688533
0.009858633076356503
0.0054224699683377295
1520423391480334e-23
0.00013151727617070902
7328787637736648e-21
0.060375020037259475
0.013606911614306667
0.11395301403613489
3845637393877301e-22
0.06526997729046784
0.007753952097833103
0.00012015908093176005
0.14525358515560227
0.0002965204914681149
18549559457239284e-29
8515603565193753e-20
37361715998611923e-22
0.0001247325479647014
0.016645016635155024
0.0039204616416846
0.00016357987868981027
0.00015214004932932507
3799874526182796e-24
0.000514765305814766
0.023540449106690915
13135133747385651e-24
0.0018094199228200392
0.0018043452544071988
4418946920145504e-20
0.12404584128521347
4337441969103809e-20
0.5724250588479316
0.0019146399155420745
0.23579677269979862
0.003314519140448735
0.0007014088902142258
0.00056963872854445
4475337382433381e-20
0.7079380303006866
12102148089102396e-21
21568126394852664e-21
0.008377325627685471
0.006489688095998283
21715985268673374e-24
872383052307027e-19
0.0030657838959786007
0.157215955700402
0.03130957438548606
0.00010012358033144431
0.023621214026579167
0.00035425615099364945
0
0.1300156482405425
0.012507904459101236
0.6277679748360987
0.5318976841044207
0.5803293422277188
0.05560224784246453
0.03073141283011529
0.9467496120800833
0.6085731840812426
0.9731114939896933
0.5150866625980185
0.2892993491040106
0.0007658386047394347
0.016013926151563447
0.16935052181824067
0.4221969052072162
0.163444456393761
0.00029932944029157396
0.027853188613303076
0.38131377247677384
0.1322107705952806
0.20854485075802887
