0.0002379073004896527
33.40939893300119
142.49161580052962
0
667.4797185422615
0.0053858735397718065
206.93923238972198
0
89.52032786415216
0
762.0859792061723
0
28.684556671573336
0
34.184296858550276
0
27.530617071362943
17.05323887791355
180.5258842689744
602.6385706230075
0.9290411284397626
57.82045102385008
1.532537656390577
1.112623269181221
0
6.456606681314295
0.6513931982451329
7.80224725527079
0.006487736495041078
2.961372660435306
56.35875306082107
19.39391541347249
80.0141247125709
0.4032914159779323
42.37226131304386
1.7801828850387982
25950088323423205e-21
45.220575177932474
61.30979330666666
70.00860890492244
46.59347057365716
0
2.6789251652952686
0
246.0731955323916
33.870400417433565
4.839936003082427
0
13.686228914696454
0
3.5743779304001038
11.451170624009402
31.401847579064725
30.798355205718472
18.389483122956502
87.09959099013994
1403.3689735481264
2.0407060443850487
0.06606566148249585
0.3312000142864156
12.240201532472808
51.577624066568035
0.996321957368298
2.2955365614391146
0.003517976273848459
0.005636789411805672
333.5159526641692
0
271.6385974697996
0
7.553857484724399
0.031544341877312816
292.8470227807591
8.186682196012109
4.968221315260568
0.996650792552544
2.9774437077989675
0
6613599970204249e-20
6.606922859707109
0.0805170529518649
0.0019177549300022924
0.047150463929514115
0.008115979729325951
0.0006306453335108437
0.0017377171325928314
0.19102978133872742
0.6788432018478876
0.876598452324846
0.09190212673244035
0.010770194234518539
0.08979945719948083
0.01783947139564577
2.291498346335133
0.026136193035994928
3.3849867701091685
0.013191210238012353
0.028038397595073174
10.770076737383576
0.00045243247073286275
0
1.2638324054063657
1.5493071156476912
0.22351248264316345
0
2.7421284057663486
0.019917491477350464
0.05382471561317801
0
0.003439793099564707
0
0.13422223180884407
1.2391344199479168
0
0
0
0
1.6161322295804086
0.5658807595469727
1.2130464914921464
5.877137487536391
0.2964000966226888
1.1856417442393505
0.09933404761891847
0.39334766908513485
0.0055627021553194145
5.515371339623897
0.0036977494231888435
1.6223018899397135
9046966297043097e-22
0.04000489651545959
1.8386134213594827
0.2652641661596628
0.533885841234784
0.14621843388846092
0.8722744773070681
0.19965333783950556
0.0004502578665676668
0.018475534168510176
0.9991776586950534
2.3288901686241705
0.13319748563098263
0.08883295727985843
0.245894695364922
0.024827860853116807
0.29974601927187844
869.2875441380199
0.35453774317077413
0.6326725535895951
0.15680036898747263
42.94707326684529
0.23947296559138181
7.326277383981945
1.9907725774119618
2.81292344085999
0.18432281058391875
0.32065305575430175
2.396495795582975
4.2292516641971485
0.9235647023938464
3.9573194349541536
3.8738616632057217
4.682156542761514
2.1431648676644093
2.728939035888065
0.2542731497559588
31.747354677522495
619.5851028354183
4.0023019624881
10683.912623360942
1.0999999968328908
23.219062754737568
1.182624625617316
45.4342900012638
1.1585817353088501
1.3849416543291424
70.09320859929474
0.21938694405887704
1.1244909102843657
46.252101528350344
0
0.0009142448712936769
6514787080918884e-22
0
7805061108029389e-34
0.02154995585347528
0.035026717970450004
0.06000145950498728
0.02883805860654481
0.03091284421751309
0.04604110493782637
0.03498663302112876
0.050396892361028046
0.03347568488086444
0.03083781668885561
0.04760192036714518
0.03639118832903825
0.028125023890621617
0.032581289077132536
0.028118736293778614
0.03573440831033458
0.03773891935735087
0.052576464522835216
0.03462130260661413
0.026557978246005642
0.0019047855651216424
0.00750378449784273
0.02351019372573911
0.07835999456435033
0.04356929879353972
0.13156810080021086
9120779736742343e-20
0.010220080723255209
0.3142742223085019
4806127483607341e-21
0.0805630264716367
0.011059589022085991
0.001271272805373256
54863822160424046e-22
12044248328222049e-22
0.11584129254758554
0.09898261533138117
0.004162068941898007
0.04243129362265599
0.020714556821313016
0.005819568856081354
0.012268036098704645
0.0004831228522724586
0.6895502050415394
15699130029910701e-25
0.08637985946074281
0.0003420342614711077
0.009730536916756091
0.011047382945444117
0.0001570869634006924
0.00017090495621627138
0.8030308894235364
0.0003936654866716143
0.060552689324570745
0.35138199810834964
1317924615648677e-21
2586172797655707e-21
0.0001447477859489313
12571634856214174e-21
0.0005948472384806211
17003369283168548e-21
14432278942000485e-23
10044051127794605e-22
1907735974837318e-20
0.08373034877923088
0.0847015115757307
43501812143032576e-21
0.00021272952932974777
0.020057958356745
0.008233866208255182
0.10203694129788989
0.020662110051464455
27829659027166668e-21
0.16398197196792597
0.04039281461805823
557348166329901e-21
0.44315997054238704
4458965601792111e-22
0.0037797753392585496
0.000983581042451146
2299456595310469e-27
0.4622529462917504
0.7841348012937163
0.018475601474017576
0.4255937411089673
0.9997621209972083
0.0074646945803445814
0.2519481404001354
22332184598394908e-26
4630639612695814e-21
0.0006298387044971447
9121526224589849e-20
0.15542876276328857
8645608216089718e-22
0.00011182761694279576
0.20251836649389005
0.0009300827065567459
0.012009305812126047
12200899980691376e-21
0.16544386542664752
0.10917124878009639
0.021764027525373212
3147011168190737e-20
0.00015347414942742685
12006681091780891e-23
0.01389025199046595
0.20449188631842347
833331459043591e-23
11103428887086765e-21
9106422663356424e-21
9651207028870556e-20
10586522108817158e-21
0.5453115334410263
0.20245259823938822
0.005184088989539835
0.001550923467903486
0.04391336175835476
0.005921104954911147
6760886275465021e-20
0.02933827286333086
8324416490765926e-20
0.0007215229085173393
0.08942271504277548
9970389353840696e-22
0.8836039031327034
0.8957863713876674
0.0018317224610608
0.0005373931887652009
5829910130231528e-24
0.001031933122698051
10390421410987575e-24
0.010395541309827169
0.0303061103685134
0.0009047841151443561
0.0003377556618731672
0.00015457508097827688
26181882677170253e-22
0.006164529864203798
0.031716577589007394
0.021992254458318882
11257176079720232e-24
0.9960573365297313
0.07307548036394312
0
0
8178632930093387e-20
6662207504589312e-20
10336393269795418e-22
7596610418015172e-22
0.00019352340203131598
0.009858624809242347
0.005422467467332345
15204233914783675e-24
0.00013151727469946177
7328787633168038e-21
0.06037470998312671
0.01360689586578343
0.11395190950706846
3845637393751506e-22
0.0652696149222447
0.0077539469837632595
0.00012015907970366142
0.14525179050158105
0.0002965204839893566
18549559457239284e-29
8515603503512817e-20
37361715986738562e-22
0.00012473254664133643
0.016644993068967967
0.003920460334326198
0.00016357987641377062
0.0001521400473604999
37998745261815665e-25
0.0005147652832755596
0.02354040197091374
13135133747370972e-24
0.0018094196443369174
0.0018043449774839452
44189469035359644e-21
0.12404453243358693
4337441953101322e-20
0.5723971857809262
0.0019146396037289693
0.23579204328869
0.0033145182059875268
0.0007014088483673904
0.0005696387009438134
4475337365397224e-20
0.7078953974410715
12102148076644491e-21
21568126355284597e-21
0.008377319658277638
0.006489684513648272
21715985268633246e-24
8723830458335965e-20
0.003065783096506559
0.1572138532738691
0.03130949100279946
0.00010012357947875116
0.023621166566810486
0.0003542561403189693
0
0.13001421037744862
0.012507891151806812
0.6277344514059775
0.5318736182247636
0.5803006940552923
0.05560198487173056
0.03073133249848479
0.9466733628094016
0.608541679418138
0.9730309391031443
0.515064093960278
0.28929222994275317
0.0007658385548516059
0.016013904338509865
0.16934808231584828
0.422181742722495
0.16344218408011213
0.00029932943267045164
0.027853122624351148
0.38130140436761883
0.13220928376956598
0.20854115137763957
