0.9128422744663593
34.53212864904523
34.68997783995819
0
34.772283212270935
0.0002643965309947048
34.7846407322122
0
34.815478432683456
0
69.80446942572662
0
19.16208138311259
0
19.407479060856136
0
33.33979553809565
12.519562127271854
24.582841996227568
1.4857990788862616
2980613357139723e-30
8.350007809038937
2.234814385122553
0.17326226409287204
0
0.16294248651307702
0.002228892161855728
0.07381404738266585
0.006952214428397312
0.7085390674169163
0.6467783006450543
0.07153600759620952
0.013038969797272572
0.1311006795858234
0.08122514852647071
0.0220494634414304
10233772318055443e-23
0.15904382041131632
0.15757959577926672
0.015058561421810238
0.014648315523368512
0
0.1659153922128546
0
4.1294779747930574
4.05426797022228
4.171264052517931
0
5.402384234175363
0
1.600659281481481
0.09268740256637456
32.631783182703536
32.93883783038992
17.483908071539826
86.79927483105767
61.38733250670565
0.6618210651217918
0.008937881587790282
0.009109204729024092
17.526529304582517
33.38339004974832
0.1461850686335376
0.3213292915784105
0.8545854570116331
0.9984961349369096
23.473179344645523
0
23.440561667930417
0
14.317740880375904
0.007039827523744208
0.007039421994481383
13.237528166119402
3.6076012046364934
1.287790608277034
2.4930894511395993
0
0.00024139762951488745
0.006465667875293682
0.06753669499106398
0.03154855258938265
0.005681923233973801
0.0003680319418923595
0.0002680754878403902
0.0011406944122294908
1.866467738269511
0.4386729780532943
0.17092983298645342
0.19257404327973293
0.002239351513155742
0.06523254615081495
0.005555250887961053
0.004817519241025028
0.07828758347454284
0.9750238236886338
0.022620452878473283
4033044614418151e-20
0.039076497073477094
0.0013034814002692882
0
0.9583809658148201
0.5265380071017397
0.029361256028967827
0
0.4514120671758401
735804716488299e-19
0.03835625022129655
0
0.0011606374863937093
0
0.12769321563009922
0.7948869335934428
0
0
0
0
0.03832535367428693
0.40548859180170477
0.0074180523735895695
0.011137781282806765
0.4056122074105066
0.3968298211475764
0.18341277114888352
0.21761915992126937
0.04736563908080648
0.28257398035885906
0.0008979878476644368
0.4117059479847877
9667882800080136e-22
0.007979282469610452
0.3082335139665272
0.08336817765912445
65415575219531314e-25
0.002525566741462518
0.12022837042725587
0.22380125572139087
0.017205283295104026
0.02603293436005663
0.23144725335874367
0.4000940125378816
0.26414710812590325
0.1423487114433056
0.25919447632702114
3933645767533865e-25
0.2204473708179259
0.2204958000864617
0.4776415652486889
0.5716755713331816
0.0010368905223670035
0.5831630020344101
0.4686161049282231
10.819765037942316
2.071090068229569
2.76305696580408
0.10900953822602348
0.4553266267116584
2.560312559942447
4.102310845365296
0.6564838870377541
5.00799820359919
7.030456377446601
5.131766193098573
2.4574119243688792
2.8748283914026613
0.5597791315629487
29.857803405640006
619.2630922296363
4.0021385033103805
5599.077535420062
1.0999878479794796
23.218605734559482
1.1736177049272298
45.16599961002299
1.3034499112849516
1.3969604415285923
1.0999868380826117
0.9421823846622432
1.0928154855484788
7.192547404851056
0
0.0008446578757548526
0.0008598773446195271
0
0.009381823913609668
0.007905633384381617
0.008138669238255998
0.008122903252546087
0.007254143556750881
0.009651617303236762
0.00765832827772397
0.00969412760578631
0.00666960754859337
0.007819380014608914
0.009331989425475844
0.01682112482252333
0.00836785916469593
0.00880877106082049
0.008678329015781937
0.0091622679456387
0.0049494517067612
0.011887584940275408
0.019033175939507208
0.012591321723580667
0.0077974452308732815
0.0019014773213308742
0.00745257413551967
0.023011140706198134
0.07295191440103631
0.04187088856083546
0.116681874774104
9120020585314351e-20
0.010125202069986792
0.23590671464815716
4806106403531781e-21
0.07485225494735422
0.010948525401487247
0.0012697987687143623
54863547463639155e-22
1204423508963287e-21
0.10421967212696323
0.09043308072673285
0.004146290032689502
0.04081961690594161
0.020326641057740482
0.00578874322235692
0.012131450468434805
0.0004829098903213181
0.36747295368294486
15699130007418389e-25
0.07983182891468177
0.00034192751487831805
0.009644510806949539
0.010936563727661911
0.00015706444530198084
0.00017087830248545158
0.3858326149202898
0.0003935240834658682
0.05729723908962604
0.2549772661760131
13179230305240144e-22
25861666939005007e-22
0.0001447286663960275
12571490623568657e-21
0.0005945244071854961
17003105437998105e-21
1443227704113082e-22
10044041921175576e-22
19077027612868755e-21
0.07757050754812263
0.0784007050776137
4350008515780091e-20
0.00021268823447267751
0.019694136124467295
0.00817222653577268
0.09296409082955549
0.020276146910626333
2782895223325273e-20
0.14118908105258274
0.03893092414179611
5573478828413124e-22
0.29573342032964445
4458963787318325e-22
0.0037667596825337185
0.0009826985560084896
2299456595305638e-27
0.30314516590432666
0.38330942740145774
0.01816669610947108
0.2886016007820448
0.40138176407624476
0.00741401547231772
0.200192723044332
22332184593843383e-26
4630620043923011e-21
0.0006294767812420987
9120766948894269e-20
0.13487349921803038
8645601394690441e-22
0.0001118162050276464
0.16834282583811258
0.000929293589416693
0.011878405138900634
122007641293722e-19
0.142257844634666
0.0988185156855779
0.02133601401891549
3146920788078184e-20
0.00015345265516161644
12006679776166988e-23
0.013715285652912999
0.1696774073899787
8333314527060815e-24
11103316376193075e-21
9106346984188832e-21
9650357013672844e-20
10586419829678138e-21
0.33150370647760563
0.16829825815874452
0.005159620844306654
0.0015487298745149088
0.04218829012882158
0.005889195762174714
6760469140674335e-20
0.02856318017338297
8323784117273982e-20
0.0007210479672678939
0.08241483331604811
9970380281766737e-22
0.39443664848723553
0.39545188710225504
0.0018286630408413532
0.0005371297010188616
5829910099214037e-24
0.0010309617603335049
10390421312461962e-24
0.010297384738894353
0.029479398587668727
0.0009040373341055541
0.0003376515690176838
0.0001545532772434112
2618182011903877e-21
0.0061299469131199415
0.030811703171201486
0.021555262554830375
11257175964071371e-24
0.4012493539227425
0.06836101613510046
0
0
8178022511466905e-20
6661802457367383e-20
103363835194414e-20
7596605151515002e-22
0.00019348922682123218
0.00977032413486047
0.005395700270831789
15204233703818115e-24
0.0001315014905168948
7328738616321737e-21
0.057138108477003
0.013438973563317214
0.10269677182014468
3845636044107805e-22
0.06149527559590479
0.007699271415472739
0.00012014590405728202
0.12721858177658202
0.00029644025465038165
18549559457236253e-29
851494174956595e-19
37361588596711057e-22
0.00012471834896026095
0.016394060442711262
0.0039064586464774165
0.00016355545842470313
0.00015211892514333292
3799874513004425e-24
0.0005145235151250163
0.02304007252955523
13135133589917846e-24
0.0018064342424082263
0.0018013762908168857
44187687020353695e-21
0.11076753331253705
43372702645629794e-21
0.3394714366209061
0.00191129705730174
0.1901386082783398
0.003304507446406806
0.0007009600139982889
0.0005693426484688131
44751545868431266e-21
0.3709840539666173
12102014415532338e-21
21567701830442577e-21
0.00831351762665816
0.006451362796787556
21715984838263482e-24
8723135946426466e-20
0.003057217486310233
0.13620043473858615
0.030427532943328044
0.00010011443128304663
0.023117416571705927
0.00035414162933364144
0
0.1154674357526323
0.01236592798160179
0.35395098873326364
0.32732523639898076
0.3416846826082184
0.052850946127862876
0.02988142301295771
0.39894406867949816
0.3491938426098412
0.4003014791689229
0.321881670916543
0.22216266278346763
0.0007653034913620827
0.015781572332602054
0.145096962950943
0.28718088692181565
0.1407936667760151
0.00029924767620601457
0.02715404529512969
0.26923409755391087
0.11718191837801016
0.17239896971557922
