0.9179194014970722
34.393529191281345
34.58577173628542
0
34.66590999416978
0.000263599822849498
34.67993412090978
0
34.71385033270832
0
69.60005134398887
0
19.07177189186711
0
19.30680496982651
0
33.23475313195427
12.504661791400627
24.501316859755775
1.5016315004981033
2895510488407576e-30
8.40766230094338
2.2364944513500675
0.17347302957319807
0
0.16378752130305824
0.0022542230135310583
0.07181680667231667
0.006951850662649107
0.6890997672603545
0.6293131600176717
0.06947504835655771
0.012600790687089986
0.12726735883264195
0.07882855526059118
0.021439325875309653
10071464065359839e-23
0.1599544048095545
0.15856174499126197
0.01533315888387442
0.01490671521727939
0
0.16227357393188493
0
4.1231865226180044
4.0460324329682775
4.169636864893481
0
5.398172305101556
0
1.6177479536957626
0.09357149272136071
32.6283496769209
32.93882072327355
17.471797615242245
86.74495410869835
61.3854876701939
0.6669196225952465
0.00917013691198644
0.009111203492343229
17.51369284814888
33.39480700645689
0.1423044404308229
0.32288175788413276
0.8648400334352037
1.0041678246709624
23.53856007763627
0
23.504760868944917
0
14.331065817630892
0.007093773418181797
0.007093373416501721
13.218072773345437
3.6338019816114775
1.2876999329395047
2.4905043906096433
0
0.00024286461948490486
0.006531364877315533
0.0675211922646405
0.03150474220009696
0.005730130447362857
0.00036507345671754924
0.0002655784120111358
0.0011450068552474567
1.8682743749162192
0.43858653085213467
0.16799428843376077
0.19210723502807267
0.002269174581292747
0.065129338197723
0.005555075089042189
0.00464507284212952
0.07808315156511056
0.9794722287709089
0.022575124271105158
3806297794713155e-20
0.03802346120759305
0.0013001170863335917
0
0.9566471531690496
0.5256206937811321
0.02957512081840179
0
0.449494467295154
7385275320268511e-20
0.03862917083562708
0
0.0011495700454941876
0
0.12765887020678054
0.7926884774304609
0
0
0
0
0.03730715742471022
0.4048412535379843
0.00718512320184424
0.010739669072164495
0.40527538696062837
0.3950143680898782
0.1834354076626454
0.22012786221699754
0.04748328062416097
0.28446283157379904
0.0008920432547819358
0.4090498310359546
9665857958471115e-22
0.0079860347715867
0.3085150923793067
0.08110865771313669
5779283932651951e-24
0.0025224715756799313
0.1186276091497473
0.22360864399958053
0.01725413728855199
0.026125293859507834
0.22907482999122744
0.39666491558498035
0.2639234175232591
0.14277748925950312
0.2589848786384394
3474828981503512e-25
0.21966299336270845
0.21971020371291086
0.4772731016056036
0.5713948161201989
0.0010238888055703042
0.5829782905246209
0.47000030707274354
10.828667234238251
2.0716553577853976
2.763614696568243
0.10875501969807468
0.45565673162090614
2.561503873487345
4.103653883335735
0.6554203791431544
5.009013459155817
7.031222012789759
5.1266382585921475
2.457746217125328
2.875268876271114
0.5607750982284757
29.877767296600467
619.2613012438264
4.002137593950314
5578.986773267462
1.0999877803916707
23.21860319202668
1.1735677887406561
45.16451145985878
1.303477436460124
1.3969598386701527
1.0999867704789579
0.9414893111902444
1.092641783748421
7.3378275581067
0
0.0008436873579866404
0.0008596713224025372
0
0.009371246835318524
0.007904734816940309
0.008126780957032329
0.008088160463731833
0.007242991211138209
0.00965525295741577
0.007631585961123088
0.009703793307149962
0.0066434707713888055
0.007810689325605204
0.009332582000992351
0.01683755501803753
0.008353391531588152
0.00881151171122772
0.008666739374792105
0.00916692702834749
0.004957000226649702
0.011891300952436424
0.019016248444827074
0.012594514282188152
0.007797319281940461
0.0019014589325317905
0.007452290214732704
0.02300839414743626
0.07292289617715568
0.04186162736121951
0.11660395627473469
9120016362074714e-20
0.010124676699292783
0.23553057154413298
4806106286256443e-21
0.07482164389948313
0.010947910647154318
0.0012697905729319881
548635459354118e-20
12044235015982156e-22
0.10415839260260072
0.09038764417309102
0.004146202416811274
0.040810824032315916
0.020324503397907125
0.005788572186443418
0.012130694865655772
0.0004829087058045099
0.3661884941153713
15699130007293255e-25
0.07979682470345147
0.0003419269211040826
0.009644034348189652
0.01093595032269519
0.00015706432003520423
0.00017087815421335204
0.38426244372281887
0.00039352329693405477
0.057279626441427464
0.254522751470856
13179230217054345e-22
25861666599432845e-22
0.00014472856003454676
1257148982115825e-20
0.0005945226116558771
17003103970149557e-21
1443227703055564e-22
10044041869956061e-22
19077025765102685e-21
0.07753753793094616
0.07836699618155267
4350007555018922e-20
0.00021268800475783214
0.01969213062916355
0.008171884907342396
0.09291594166694458
0.02027401995962781
27828948301169136e-21
0.1410715773889814
0.038922940951153735
5573478812641698e-22
0.29506870420057335
4458963777223795e-22
0.003766687397539011
0.000982693648653058
2299456595305611e-27
0.3024344655238523
0.3817861642995772
0.018164992091750463
0.28797860256745683
0.3993490623809001
0.00741373449186854
0.19993679036029074
22332184593818063e-26
4630619935055535e-21
0.0006294747683223491
9120762724963333e-20
0.1347671043324656
8645601356740702e-22
0.00011181614154255685
0.16816981443863477
0.0009292892011641715
0.011877680899632802
12200763373589555e-21
0.14213839643087545
0.09876375667947151
0.0213336565344562
31469202852702836e-21
0.00015345253559016008
12006679768847782e-23
0.01371431844657686
0.1695013258534107
833331452670824e-23
11103315750260074e-21
9106346563161763e-21
9650352284959962e-20
10586419260667426e-21
0.3305870506269496
0.16812534870769202
0.005159485043269592
0.0015487176794947244
0.042178885042996
0.005889018722393711
6760466820084276e-20
0.02855892585665888
832378059930055e-19
0.0007210453258836056
0.08237742381463542
9970380231295741e-22
0.3926707317197051
0.3936570655311947
0.0018286460345522462
0.0005371282355087541
58299100990414766e-25
0.001030956358874203
1039042131191383e-23
0.010296841261241762
0.029474862968637973
0.000904033181234382
0.00033765099000363365
0.00015455315595045628
26181819771007126e-22
0.006129755060142035
0.0308067419525992
0.021552855870529995
11257175963427979e-24
0.39922483556761
0.06833565753908416
0
0
8178019115628883e-20
6661800204021453e-20
10336383465196906e-22
7596605122215689e-22
0.00019348903670985166
0.009769835107126047
0.0053955517260556455
15204233702644445e-24
0.00013150140270944287
7328738343625345e-21
0.05712059636108971
0.013438045175153334
0.1026373723493908
3845636036599282e-22
0.06147490022053658
0.0076989683177040805
0.00012014583076074224
0.1271247942788916
0.0002964398083681343
18549559457236237e-29
8514938068148573e-20
3736158788799842e-21
0.00012471826997827542
0.01639267505430375
0.003906380890388459
0.00016355532258935986
0.00015211880764149144
3799874512931117e-24
0.0005145221704046177
0.0230373189842563
13135133589041881e-24
0.001806417647392059
0.0018013597886777579
4418767710660198e-20
0.11069779294954528
43372693094205297e-21
0.3384861855510726
0.0019112784779162489
0.18991110801456132
0.0033044518378195836
0.0007009575177842944
0.0005693410018591294
44751535700050365e-21
0.3696528789036716
12102013671934453e-21
2156769946869054e-20
0.008313164036988209
0.006451150234313829
21715984835869188e-24
8723132082776268e-20
0.003057169899923829
0.1360917595858438
0.030422696462224456
0.00010011438039087515
0.02311464430461544
0.0003541409923738128
0
0.115391238647457
0.012365142716425692
0.35282454369758004
0.32644241143433533
0.34067933351073837
0.05283602830188663
0.02987676103740878
0.39703076227918904
0.3481164673751348
0.3983283301992686
0.3210409323297867
0.2218365732644411
0.000765300515668657
0.01578028926502874
0.14497225692622334
0.28656592075506865
0.1406768777578602
0.00029924722142959335
0.027150205583321835
0.2687133400380042
0.11710328471786259
0.17221652297618906
