0.9400991355698203
33.5488971825969
33.97381943769393
0
34.044719472823225
0.00025879121525987624
34.06988953352576
0
34.12418908086272
0
68.41195647180507
0
18.58190019948453
0
18.856757619082988
0
32.7598665371268
12.456350777786946
24.06735430089299
1.583947731244523
24214399650642967e-31
8.713658406870636
2.2464759054276042
0.17347995904935604
0
0.16681907981807706
0.0023567438447266945
0.06347666212819021
0.006950262255973551
0.6079104832106649
0.5563606145214103
0.06067394282034005
0.010738739259550883
0.111410435849859
0.06862099806356907
0.018810719223192534
92748095465969e-21
0.1633100929516681
0.16225187589029483
0.01672783341064557
0.016190643421309946
0
0.1469676829070412
0
4.10393335009012
4.00952925036263
4.1627132291433195
0
5.379870240713618
0
1.7065595282099542
0.09811511668841293
32.613343093648076
32.93873247768361
17.417955202375733
86.41018087313118
61.37715636904173
0.6942502145951372
0.010509283098198144
0.009122390765404335
17.4506791873967
33.46092709654483
0.12630846305874643
0.3304114074490765
0.9172442800310481
1.0282429595716385
23.87514173162431
0
23.83303165553178
0
14.394762545706913
0.007347310837526382
0.007346953921882463
13.124318319722768
3.7670186695989734
1.2872488740540033
2.4792425668973608
0
0.00025005011854104794
0.006867586419734518
0.06753885211689428
0.031313902189999215
0.005959595352747529
0.0003513440804482234
0.0002540745854329751
0.0011633939985010273
1.8780051024937217
0.43830444537373925
0.15607342151803907
0.190075400223867
0.002419251834655438
0.06481087429836667
0.0055701105135862895
0.003957257928153346
0.07727480232437765
1.0042441440429866
0.022403387249181485
29460600074622102e-21
0.033838209373286965
0.0012855194279027136
0
0.9490698554541847
0.5219080871608589
0.030591728107205774
0
0.4414636394870217
7545151549088383e-20
0.04004207164521749
0
0.00109175921697212
0
0.12750874350235156
0.7831181182144248
0
0
0
0
0.032989381808720915
0.4020626843229392
0.006244320098584221
0.009191889182153986
0.4037908849416968
0.38746591157509336
0.1835175654352445
0.23291166598558066
0.04798962795264263
0.292815270121118
0.0008683763137165818
0.39847129909763834
9656800398090525e-22
0.008014703831310685
0.3098974981393364
0.07172797682015594
335685054270715e-23
0.002510140591304978
0.11177871038995259
0.2227486083290629
0.017494093654476232
0.02656422241290957
0.2187611421058841
0.38193570854989584
0.2629064547080862
0.14480297678018572
0.25838191888087925
20185776059125677e-26
0.2165428558630164
0.21658201397477772
0.47561144385256643
0.5701619829890748
0.0009661973508394794
0.5833875466380305
0.4765410466383254
10.880891228327277
2.074111830594929
2.7660750075098735
0.1076659941320115
0.4575915001800997
2.5666856319072333
4.1095834059260286
0.650857644315352
5.018548538213648
7.043988636278428
5.109050188766364
2.4591576596626354
2.8806816424707806
0.5656111924682891
29.99162624084257
619.2534772755924
4.002133621358723
5492.061036035278
1.0999874851303209
23.21859208482284
1.1733497517789173
45.158010961526514
1.303594447690772
1.3969572029705521
1.099986475148377
0.9384602098156051
1.0918832806769843
8.210415143388335
0
0.0008403464772627028
0.000858672946931699
0
0.009323923883533137
0.007910601209786653
0.008085833884964288
0.007948143376275337
0.007203487345195598
0.00967913132907022
0.007525738185871435
0.009760792668447715
0.006539118727856236
0.007782628212265935
0.009347369964154233
0.01693193448756331
0.008301172334413003
0.008834993894423554
0.008627584110753218
0.009199147998241324
0.004999332639490286
0.011922928739921014
0.018968404361149445
0.012624215248428453
0.0078071441993537985
0.0019013786020449638
0.007451050016572935
0.02299639948436825
0.07279626361852998
0.04182119326989283
0.11626417433783026
9119997912621894e-20
0.010122381905538222
0.2338943881063133
4806105773932126e-21
0.07468806442988495
0.010945225460713755
0.001269754769785231
5486353925925939e-21
12044234694234605e-22
0.10389111156457526
0.09018941941196325
0.004145819683300183
0.04077243404144519
0.020315167538545422
0.005787825065050067
0.012127394521413799
0.0004829035312058304
0.3606296971866508
15699130006746602e-25
0.07964408660041673
0.00034192432717779843
0.009641953185510628
0.010933271029707772
0.00015706377280094597
0.00017087750647929703
0.3774776460012829
0.0003935198609410683
0.057202747995617385
0.2525466585209784
13179229831809406e-22
25861665115991526e-22
0.00014472809538895287
12571486315780854e-21
0.0005945147678405895
17003097557766586e-21
14432276984357332e-23
1004404164620054e-21
1907701769302783e-20
0.07739367242425657
0.07821990671996597
4350003357878595e-20
0.00021268700123765603
0.019683371897138917
0.008170392650507095
0.09270589142534495
0.02026473086260965
27828931123632524e-21
0.14055940126052022
0.03888808509600762
5573478743743276e-22
0.2921823279105422
4458963733125234e-22
0.003766371632468531
0.0009826722108637698
2299456595305493e-27
0.29934921528661557
0.37520236701579823
0.01815754986219252
0.28527272964672107
0.39058911216987174
0.007412507136783455
0.19882256437153845
22332184593707454e-26
4630619459461463e-21
0.000629465974837124
9120744272490536e-20
0.13430329521423587
8645601190954992e-22
0.00011181586420455656
0.16741608642571876
0.0009292700310627202
0.011874517534711854
12200760071908265e-21
0.1416177547904004
0.09852489428131146
0.021323360776335468
3146918088724739e-20
0.00015345201323617105
12006679736873397e-23
0.013710093947432934
0.16873424334166245
8333314525167988e-24
11103313015834622e-21
9106344723879978e-21
9650331627321172e-20
10586416774910358e-21
0.3266122152518851
0.16737206416050265
0.005158891830203133
0.0015486644059433542
0.04213782294175749
0.005888245375895173
67604566824567e-18
0.028540348048058363
8323765230839959e-20
0.0007210337869513186
0.08221419718604075
9970380010810173e-22
0.3850484641173445
0.38591131885113417
0.0018285717434124533
0.000537121833386804
5829910098287635e-24
0.001030932762606993
10390421309519283e-24
0.010294467382845228
0.02945505702649356
0.0009040150393911902
0.0003376484605576567
0.00015455262607602102
2618181825061006e-21
0.006128917009305937
0.030785077937331536
0.021542345276381502
11257175960617277e-24
0.39049971207161094
0.06822498725313492
0
0
817800428072327e-19
6661790360153495e-20
1033638322822658e-21
7596604994219885e-22
0.00019348820619906912
0.009767699047137235
0.005394902847241468
15204233697517183e-24
0.0001315010191180081
73287371523349125e-22
0.05704415654896249
0.013433990207767341
0.10237828481459828
3845636003797848e-22
0.061385968306660835
0.007697644356829658
0.0001201455105609346
0.12671588808146517
0.00029643785876523745
18549559457236164e-29
8514921985674534e-20
37361584791944916e-22
0.00012471792494131903
0.016386624274637586
0.0039060412263968603
0.00016355472918583525
0.00015211829432871095
3799874512610864e-24
0.0005145162959540819
0.023025293814809673
13135133585215178e-24
0.001806345152855895
0.0018012876998655227
4418763379780884e-20
0.11039364252435345
4337265136825895e-20
0.33421547983532346
0.0019111973148737797
0.18892044715237752
0.003304208919342905
0.0007009466130279215
0.0005693338086017696
44751491278895365e-21
0.36389334759008835
12102010423483008e-21
2156768915123809e-20
0.00831161953564244
0.006450221724517446
2171598482540957e-23
8723115204208611e-20
0.0030569620246250883
0.1356180215792744
0.03040157701756204
0.00010011415806567383
0.023102537387458256
0.00035413820979001673
0
0.11505895622016038
0.012361712823097028
0.3479454891235984
0.3226135744952116
0.33632197886502924
0.05277090824532832
0.029856403445132053
0.3887793933539583
0.34344873347936766
0.3898219320218962
0.3173937908267425
0.2204176350520969
0.0007652875163090559
0.015774685330485212
0.14442872681002475
0.2838948094100649
0.1401678128895766
0.00029924523471961425
0.02713343793779892
0.2664501655167426
0.11676038714965657
0.1714217549011957
