0.9606826210186845
32.097963917640804
32.99968866079745
0
33.06242718279615
0.0002509427792016273
33.110095784959235
0
33.20483510990003
0
66.55151397924809
0
17.8701301426671
0
18.37770179243286
0
32.29853033267039
12.464732883000547
23.474883469062867
1.6935958892636687
17896290844754422e-31
9.131682195190184
2.2621952685420967
0.17142489590808677
0
0.16850223817830653
0.0024423090412459985
0.05627046960237861
0.006948783856873678
0.537732407790957
0.49329956489375726
0.0526578445036826
0.009053210513173083
0.09789920281138545
0.059363185540833065
0.016375398399165325
8330565756511405e-23
0.1653989377354074
0.16470873141427061
0.01850160141911467
0.017761429045088283
0
0.13392065527275773
0
4.103548291655235
3.973501997271038
4.156767797615808
0
5.363212374482623
0
1.8247658558391355
0.1040438799159084
32.599392488542165
32.93861459045754
17.36463394844432
85.7580203116343
61.368689107128354
0.7324195701344988
0.012828013798990661
0.009139298354199231
17.375135938446753
33.564640726308056
0.11289442788226657
0.3394279984509347
0.9851238484717169
1.051650209689539
24.313598669500777
0
24.2561924015364
0
14.467170330012243
0.0076231962868965174
0.007622923687435256
13.013944486829468
3.9370242438311798
1.2866923282312668
2.468836251345026
0
0.00025857655293405396
0.0073030417321141
0.06775805149590765
0.031143659116580853
0.00621539234925842
0.0003361252523875298
0.00024165945548510528
0.0011812187781227634
1.8916310448875044
0.4382190542094426
0.14697190777575075
0.18809645890661483
0.002605446683301736
0.0648475664222408
0.005626458371425948
0.0033915658243094363
0.0766615432821666
1.0391307683354205
0.022300901583759258
2303215104456394e-20
0.03047741200441394
0.0012709709784306717
0
0.9420304100522623
0.519213268426379
0.03172777737546136
0
0.43458378577178486
779750183015776e-19
0.04190380560992912
0
0.0010135920929494407
0
0.1273692474604377
0.7742862968539569
0
0
0
0
0.02916366609950719
0.39962375313396314
0.005451912803828213
0.007981251693415329
0.4023952875199872
0.38119870556575636
0.18355390925735082
0.2493528430210227
0.04847140151886706
0.3015681451512907
0.0008496767043612873
0.3901147270419131
9648110069494098e-22
0.008043217692599131
0.31169760398475593
0.06373620919062262
20214651460674884e-25
0.002501899479356437
0.1056351572921218
0.22192427759839842
0.01778618946946787
0.02705590947946646
0.20928068767490907
0.36861381040091973
0.2619093449386458
0.14704494898745904
0.2585706006907981
12178216790716188e-26
0.214355778824834
0.21438145556966992
0.47400231288889677
0.5690080091423759
0.0009077326996329825
0.5857702697858261
0.48375253461558926
10.96212374876631
2.076460036160855
2.7687185845800233
0.10671372627018041
0.4605956951759451
2.5716501605316253
4.11597493868413
0.6468579346413016
5.038179902865473
7.07540922553077
5.104040222155201
2.4605006433194667
2.8928286130054115
0.5713192486111858
30.1614287834961
619.2462164773209
4.00212993467327
5412.603374128352
1.099987211118644
23.21858177699578
1.1731474429145305
45.151979133229666
1.3036991496605503
1.3969547540937717
1.0999862010724484
0.9356476969825406
1.0911798371470005
9.787394774207094
0
0.0008394989448788683
0.0008576828373232174
0
0.009279869653237214
0.00794087986401665
0.008074380945808663
0.007844719638899291
0.007189277943096077
0.009720946225638655
0.007452802890053095
0.009848642739215777
0.0064644139510507785
0.007781303936621748
0.009391231104874302
0.017075438129056354
0.008279479798400838
0.008885169338587549
0.0086190312240627
0.009258390916203476
0.00505991490259321
0.01199029641356328
0.018987605503242463
0.01269125269457453
0.007841796646064438
0.0019013040558822085
0.007449899258620468
0.022985273656937855
0.07267894139144129
0.0417837041122462
0.11594973195421131
9119980790987258e-20
0.010120252730637182
0.23238612915957804
4806105298479219e-21
0.07456431187526263
0.010942734113097836
0.0012697215442507685
54863533063582334e-22
12044234395642845e-22
0.10364368006194465
0.0900058495813443
0.004145464526264276
0.04073683924028865
0.020306507406228833
0.005787131799349201
0.01212433250226188
0.00048289872906636283
0.3555464802096878
15699130006239299e-25
0.07950260243652178
0.000341921919950855
0.009640022203384271
0.010930785149458333
0.0001570632649521808
0.00017087690536407487
0.3712883623340118
0.0003935166722591795
0.057131494712971465
0.25072651086002334
13179229474290093e-22
25861663739311766e-22
0.0001447276641846746
12571483062682105e-21
0.0005945074886277806
1700309160687722e-20
14432276941483854e-23
10044041438548436e-22
1907701020189349e-20
0.07726039956216206
0.0780836501084821
43499994628050025e-21
0.00021268606994384872
0.019675247005767196
0.00816900803337925
0.09251138308640346
0.020256114098327532
27828915182351917e-21
0.14008574956136968
0.038855765700136144
5573478679803395e-22
0.2895289463429431
4458963692200393e-22
0.0037660786163099774
0.0009826523163446346
22994565953053837e-28
0.29651417131923696
0.36919401312492184
0.018150645968749234
0.28278434606620434
0.38263160443636446
0.007411368294741134
0.19779408383300348
22332184593604798e-26
4630619018095365e-21
0.0006294578143182885
9120727148053275e-20
0.13387429403814505
864560103710068e-21
0.00011181560682685196
0.16671962586402386
0.0009292522409640638
0.011871582587067577
12200757007845782e-21
0.14113628938247796
0.09830373937724955
0.02131381043678898
3146916050263291e-20
0.00015345152847695735
12006679707200174e-23
0.013706174644576715
0.16802547285488262
8333314523738585e-24
1110331047820306e-20
910634301696941e-20
9650312456427211e-20
1058641446805074e-20
0.32296621254187513
0.16667601239152507
0.005158341370981978
0.0015486149680644646
0.0420997517940913
0.0058875277770643305
6760447274435516e-20
0.028523118073726556
8323750968454266e-20
0.0007210230786272283
0.08206300714214812
9970379806192686e-22
0.3781071929190921
0.37885943890065205
0.0018285028016162713
0.000537115892086092
58299100975880474e-25
0.0010309108650177455
10390421307297077e-24
0.010292264839227688
0.029436688400780092
0.0009039982035202071
0.0003376461131697984
0.00015455213433763294
26181816839634207e-22
0.0061281393744796265
0.030764986684723487
0.021532595702631753
11257175958008855e-24
0.3825732124706707
0.0681224421271698
0
0
8177990513491936e-20
6661781224749817e-20
10336383008310727e-22
7596604875435782e-22
0.00019348743546233186
0.009765717134620575
0.00539430073726388
15204233692758922e-24
0.0001315006631341858
7328736046780384e-21
0.056973309535740715
0.013430228166160765
0.10213842863711708
38456359733570935e-23
0.06130355181603868
0.007696415883505742
0.00012014521340628315
0.12633758715379292
0.0002964360494843731
18549559457236096e-29
8514907060663868e-20
37361581918710865e-22
0.00012471760473710885
0.016381010960390747
0.0039057260340341284
0.00016355417849077037
0.00015211781795997976
3799874512313658e-24
0.0005145108443406467
0.02301413969794042
13135133581663877e-24
0.0018062778782665732
0.0018012208017788435
4418759360593511e-20
0.11011212911280432
4337261264531437e-20
0.3303003527152146
0.0019111219961207406
0.18800570677152983
0.003303983499391101
0.0007009364932254405
0.0005693271331157447
44751450054716583e-21
0.3586286365110822
12102007408819466e-21
21567679576324632e-21
0.00831018644690916
0.006449360158007086
21715984815702733e-24
872309954040026e-19
0.0030567691225054988
0.1351798533842685
0.03038199063037425
0.00010011395174138992
0.023091307463731007
0.0003541356274849694
0
0.11475144384543867
0.012358530626201911
0.343477955689514
0.3191004823163538
0.33232809246905665
0.05271054660613651
0.029837523374175372
0.38127535974269955
0.3391729418873131
0.38209032904451357
0.31404620716125486
0.2191089370630998
0.0007652754526951777
0.01576948648474608
0.14392613715637914
0.28143821411358416
0.13969703299632563
0.0002992433910025484
0.02711788630398124
0.2643669250946364
0.11644306583661151
0.17068746703738438
