0.9732692500761595
30.47876294237796
31.99565880496493
0
32.05372661023669
0.00024279885182731335
32.13004342598818
0
32.275425778230776
0
64.66112883606255
0
17.197467042122685
0
18.013662533393305
0
32.00591036071516
12.523780523152693
22.920341569801028
1.7909365923758414
129214353932419e-29
9.50547232026657
2.2770068305094613
0.168175294472843
0
0.16877197080706519
0.0024910966913110565
0.05209036067662445
0.006947873869061053
0.49700380639070685
0.45670798392050443
0.04761162552982663
0.007995412637676384
0.09013878996122061
0.053557433004065715
0.014825852466834866
7576156210763181e-23
0.1660414366476953
0.16564569400824378
0.020020179418550593
0.019053861118951933
0
0.12662938845432486
0
4.1168372247673695
3.946728642619836
4.153602984259804
0
5.3533362511246345
0
1.9296752201558258
0.1092267650028949
32.59083448350006
32.93850642411124
17.328582272439085
84.8670871354998
61.36273941196202
0.7673764185673444
0.015628217833608914
0.009156149937461595
17.31203759577383
33.66289896792427
0.10539564269698276
0.34678745792482046
1.04419611552541
1.0680381930266107
24.690198836179714
0
24.61618217648195
0
14.5219300537643
0.00782416521989215
0.007823987012452927
12.923189655651374
4.081403981497921
1.2862323629542471
2.4624939541377384
0
0.0002653471863741435
0.0076816461937273305
0.06805314997389673
0.031047562913389958
0.006406652615179641
0.00032455485470322503
0.00023251147047354784
0.0011935069524310368
1.903718003869186
0.4382810978737531
0.14288059672411207
0.18676002338099068
0.002759578506917339
0.06514958567584188
0.005698377600452224
0.003069152297380502
0.07636355666782634
1.070063571597447
0.022280405333305883
1968388884906e-17
0.028649369625147244
0.001260709131927394
0
0.9377195427869269
0.5181712716173714
0.03258268799273183
0
0.4307096574968477
8045525581133964e-20
0.04352796311627099
0
0.0009449749391305196
0
0.12728382063364696
0.7689097488627666
0
0
0
0
0.02685904998487161
0.3982523741368962
0.0049901207889568805
0.0073226344889240425
0.4015340893759965
0.37786264162133476
0.18354433436153395
0.2635415752435154
0.0487773893640092
0.3080687344728081
0.0008398144463290637
0.38571365932509055
964267447804178e-21
0.008061730949848127
0.31327409910578063
0.05917768078907585
14802899630674075e-25
0.0025000892958354187
0.1019805619978725
0.22140827380251693
0.01802347951776047
0.027423816918799207
0.20353689353641732
0.36062255275151117
0.2612768145657342
0.14870437130255137
0.2592806638536724
8940839386871188e-26
0.21356720594359951
0.21358025467960273
0.4729924316791519
0.568297379806859
0.0008671278415363545
0.588717828721855
0.4890541318808872
11.038359519677956
2.0779944085292357
2.770746882471748
0.10617889780487348
0.4634097997796368
2.574902505481701
4.120896825943548
0.6446133595829554
5.058114361006119
7.108882947561167
5.109891667080922
2.4614172704409083
2.9054411540863185
0.5758094609228596
30.31639464064315
619.2417766019005
4.002127680297648
5364.583147564284
1.0999870435628307
23.218575473848077
1.17302374992441
45.14829111768708
1.3037619415731603
1.396953255351942
1.0999860334773461
0.9339274970817762
1.0907499105605238
11.713665826064332
0
0.0008408149858490059
0.000857113971912811
0
0.009254090537995405
0.007979904273239849
0.008088642880053162
0.007801676778964306
0.0071986463814081025
0.009762364488716258
0.007427793158719333
0.00993018243850864
0.006435597910443556
0.007800683697279278
0.009442575586194449
0.017208813210979185
0.008287756753653166
0.008938932910389687
0.008636081280747537
0.009318517496598119
0.005113496794837323
0.012062429111064319
0.019050616397161168
0.012764609872550235
0.007883721315415967
0.001901258472967708
0.007449195667333448
0.022978472958880555
0.0726072930133543
0.04176079636590564
0.11575787222598953
9119970321266833e-20
0.010118950978676012
0.23146863749110538
480610500774377e-20
0.07448873927459666
0.010941210954296756
0.001269701227542925
5486352927497801e-21
12044234213056489e-22
0.10349266820773093
0.08989378230734385
0.004145247365700435
0.040715088629761094
0.02030121362684267
0.0057867079140908155
0.012122460484116353
0.0004828957926218036
0.352473502748014
15699130005929073e-25
0.07941620992018361
0.000341920447960079
0.009638841614519597
0.010929265332985232
0.00015706295440772098
0.00017087653778819002
0.3675537748926551
0.0003935147224196259
0.05708796766431515
0.24961997523614557
13179229255670021e-22
2586166289748364e-21
0.00014472740050750087
12571481073439863e-21
0.000594503037493992
17003087967959214e-21
1443227691526708e-22
10044041311570915e-22
19077005621128993e-21
0.07717901742277887
0.07800044730378677
43499970810018215e-21
0.00021268550046749018
0.019670280355225618
0.008168161467210644
0.09239264399477237
0.020250846824440286
27828905434396765e-21
0.13979690226173896
0.038836015895739824
557347864070469e-21
0.28791831200879076
4458963667175197e-22
0.0037658994506136116
0.000982640151211159
22994565953053183e-28
0.2947938110351354
0.36556745995229756
0.01814642558912173
0.28127342701464236
0.37784574447016495
0.007410671988575242
0.19716779964170567
2233218459354204e-25
46306187482037114e-22
0.0006294528242814544
9120716676619074e-20
0.13361263886845443
8645600943020057e-22
0.00011181544944283188
0.16629517435784336
0.0009292413626354524
0.011869788248577035
12200755134197602e-21
0.14084268416498086
0.09816874966409014
0.021307972591734243
31469148037618296e-21
0.00015345123205151036
1200667968905524e-22
0.013703778575741137
0.16759353332090354
8333314522864518e-24
11103308926462885e-21
9106341973208042e-21
965030073360479e-19
1058641305742564e-20
0.32075679500435245
0.1662518095574424
0.0051580047987152
0.0015485847379929382
0.04207648855556069
0.005887089014475597
6760441521515762e-20
0.028512587214102766
8323742247136841e-20
0.0007210165306550384
0.08197069271826395
9970379681070813e-22
0.3739244610956413
0.37461091535947305
0.0018284606455656746
0.0005371122590628186
5829910097160255e-24
0.0010308974750543817
10390421305938208e-24
0.010290918234433205
0.029425461784302616
0.0009039879086805103
0.00033764467776981256
0.00015455183364449562
26181815976834317e-22
0.006127663905906771
0.030752707512917764
0.021526636094056827
11257175956413826e-24
0.377805708177621
0.0680598125965859
0
0
8177982094956632e-20
6661775638533104e-20
10336382873834027e-22
7596604802800294e-22
0.00019348696416478117
0.00976450540984834
0.005393932585162839
15204233689849298e-24
0.00013150044545353303
7328735370743125e-21
0.05693003054029244
0.013427928228303163
0.10199203555061578
38456359547428267e-23
0.06125320935035306
0.007695664778949806
0.00012014503169906324
0.12610681597636314
0.00029643494312971
18549559457236046e-29
8514897934157666e-20
373615801617524e-20
0.00012471740893531968
0.016377579413166834
0.0039055333090742762
0.00016355384174626144
0.00015211752666522313
3799874512131919e-24
0.0005145075107531242
0.02300732171128797
13135133579492283e-24
0.0018062367416528287
0.001801179895382962
44187569028958775e-21
0.10994033984118386
4337258896657494e-20
0.32792891682819786
0.0019110759407961996
0.18744853431024197
0.0033038456645546705
0.0007009303051229175
0.0005693230511504823
4475142484649504e-20
0.35544690912644855
12102005565378313e-21
21567673721347298e-21
0.008309310246891605
0.0064488333739998495
21715984809767077e-24
8723089962126425e-20
0.003056651170471642
0.13491261500680132
0.030370019936366153
0.00010011382557602683
0.023084443149109304
0.0003541340484363258
0
0.11456380768510312
0.012356585143062603
0.3407744062525319
0.31697113139475824
0.32990926862699443
0.05267366999264049
0.029825984251754364
0.3767582488805292
0.3365846012590777
0.37743826863792895
0.3120166077646741
0.21831251058058485
0.0007652680759899658
0.015766308278322656
0.1436196698907913
0.27994651208225785
0.13940993444083377
0.0002992422635905925
0.02710838100213469
0.2631010742789461
0.11624945156421532
0.17024000674348944
