0.9802548244302001
29.09070999317601
31.183508377289733
0
31.23921456623896
0.00023622357543598866
31.342091707999685
0
31.533876328313074
0
63.14658075313627
0
16.698802275052874
0
17.771295411580052
0
31.839238871617717
12.58789419418776
22.489078562368327
1.8619522409933789
984584768365803e-30
9.777145439179007
2.2876013115251097
0.16510667007694943
0
0.1685461749374736
0.0025170178693524926
0.04983346576298559
0.006947365279684978
0.4750041551063022
0.43694815481496035
0.04464046534498257
0.007374413492729531
0.08597124566708825
0.05014879803493517
0.01391446910503208
7061811972417063e-23
0.16610849759657945
0.16592373033642074
0.02110910931783117
0.019952136394408904
0
0.1228447890503568
0
4.131032079084992
3.9280238839598
4.152135894670043
0
5.348017205800224
0
2.0062365636987733
0.11298391788070514
32.58606688471118
32.93842388467105
17.306569630009182
83.96315332334734
61.358930018037384
0.7932580374898865
0.018210408598881823
0.009169545533844336
17.266291527442647
33.73379584545571
0.1014746795803864
0.35186120472006527
1.086855081210383
1.0784028543075586
24.95624145722949
0
24.868707212014368
0
14.556933733863094
0.007951542765922831
0.007951443992377396
12.858465419421204
4.183156035949678
1.2859137679206631
2.4589807912784916
0
0.00026989733888622394
0.007955388423816507
0.06829039177657432
0.030998313944068996
0.006530630662964029
0.000316963373385845
0.00022663627713002648
0.0012011558578898726
1.9121571733009164
0.4383644684962109
0.14131844695720017
0.18594497255986417
0.002866707615431309
0.0654572720068365
0.0057577922157839335
0.0028949992284571183
0.07622312668866245
1.0922163162829615
0.022287138252173197
17981352387046964e-21
0.0277086616539739
0.0012542236526521314
0
0.9353239219366937
0.517874570736128
0.0331401915155215
0
0.4286930222007571
8235125862147033e-20
0.04469224372975669
0
0.0008969480920792686
0
0.1272363512180386
0.7659337972274614
0
0
0
0
0.025554983072539148
0.39754887147533396
0.004736867653766067
0.006978449523027484
0.4010537756862278
0.3762179786042927
0.18352335454079138
0.27371940065179967
0.04894700884805395
0.3123182281746501
0.0008348869290659335
0.3835189474169923
9639621380895975e-22
0.008071292968299042
0.31439664841238096
0.0567467561915004
1244598632542736e-24
0.0025011047705380614
0.09998597247196093
0.22111810105739518
0.018182909187166828
0.027658921674221175
0.20036904243272885
0.3562355200786482
0.2609189037730248
0.14975727892203716
0.2599454555052224
7532961335417577e-26
0.21337586304839448
0.21338035164955943
0.472425309687642
0.5679012906254505
0.0008420645604256673
0.5911306073197958
0.4924010211932023
11.09290314257498
2.0788999165120003
2.7720858346099053
0.10590432571938917
0.46542015686687815
2.5768255693779594
4.124153701885023
0.643464136348478
5.072626395121909
7.133652517088527
5.117161996005142
2.4619834860154692
2.9146863017561375
0.5787625122912385
30.425585007602198
619.2393124864622
4.002126429120581
5338.116020697207
1.099986950569429
23.218571975604227
1.1729551059895806
45.14624440044855
1.3037966045174336
1.3969524231544894
1.0999859404621346
0.9329727311732235
1.0905113745306922
13.48106085895849
0
0.0008423912206667927
0.0008568338280673763
0
0.009240590916109324
0.00801103129421974
0.00810623975947034
0.0077867390251663325
0.007212069668430104
0.009792523584991823
0.007422676006033539
0.009988144457001729
0.006427079540066574
0.007820709088894325
0.009482330701962123
0.017303843338291283
0.008302170368498068
0.008979368817632448
0.008655687519103736
0.009362868884126827
0.005150777593972187
0.012116666289110005
0.019109035330187624
0.012820219899027216
0.007916503051282739
0.0019012331749390164
0.0074488052031100385
0.022974699442336672
0.07256755867389088
0.041748087995208655
0.11565152717385854
9119964510581154e-20
0.010118228579085934
0.23096099398071715
4806104846385714e-21
0.07444682956631886
0.01094036569322823
0.0012696899519180549
5486352717230417e-21
12044234111721133e-22
0.10340895165146644
0.08983164523545228
0.004145126846578761
0.04070302206084176
0.020298276176824278
0.00578647267133087
0.012121421639483812
0.0004828941629038918
0.3507794769722067
15699130005756901e-25
0.07936830262306109
0.0003419196310084909
0.009638186450538133
0.010928421926605964
0.00015706278205592847
0.0001708763337840545
0.3654973139504392
0.0003935136402635819
0.057063824480308785
0.24900795705240839
13179229134335967e-22
2586166243026937e-21
0.00014472725416697673
1257147996941131e-20
0.0005945005671308078
17003085948361434e-21
14432276900716783e-23
1004404124109844e-21
1907700307880691e-20
0.07713388736290665
0.07795430804159494
43499957591025224e-21
0.00021268518440898507
0.019667524407082047
0.008167691661165604
0.09232680962001938
0.020247924080481823
27828900024286824e-21
0.13963684920012975
0.03882505909386286
5573478619004924e-22
0.28702828005503733
4458963653286223e-22
0.003765800017398108
0.0009826333996316805
22994565953052823e-28
0.2938433225581457
0.36357011865456623
0.01814408370349519
0.2804383538138079
0.3752154726037044
0.007410285567146577
0.1968210682574488
22332184593507212e-26
4630618598413953e-21
0.0006294500548299736
9120710864982249e-20
0.13346764108817327
8645600890805352e-22
0.00011181536209485601
0.16606007040589318
0.0009292353252221506
0.011868792508426715
12200754094323696e-21
0.14067999702340467
0.09809391042867459
0.021304733279951422
3146914111954204e-20
0.0001534510675357468
12006679678984813e-23
0.013702448939199417
0.16735428636768382
8333314522379413e-24
1110330806524777e-20
910634139392093e-20
9650294227448936e-20
10586412274529323e-21
0.31953709790412016
0.16601684319385016
0.005157818010711175
0.001548567960569346
0.0420635830143965
0.0058868455155151305
6760438328649592e-20
0.028506744268832776
832373740681292e-19
0.000721012896558616
0.08191950306649867
997037961162822e-21
0.3716230457366908
0.3722735792179586
0.0018284372493929692
0.0005371102427468834
5829910096922831e-24
0.001030890043704839
10390421305184036e-24
0.01029017094531041
0.029419232864093113
0.0009039821950989725
0.00033764388112599795
0.00015455166676017084
26181815497980724e-22
0.006127400036948031
0.0307458946921719
0.021523329225344372
11257175955528586e-24
0.3751854293168757
0.06802507808051377
0
0
8177977422676472e-20
6661772538186967e-20
1033638279919951e-21
7596604762487627e-22
0.00019348670259531465
0.009763832967938337
0.005393728271728551
15204233688234456e-24
0.0001315003246410088
73287349955427285e-22
0.05690602490234901
0.01342665193362672
0.10191087800330709
38456359444119147e-23
0.06122528714239938
0.00769524794783698
0.00012014493085174366
0.12597892000587577
0.0002964343291050733
18549559457236015e-29
8514892868954407e-20
3736157918664115e-21
0.00012471730026553357
0.016375675215961616
0.003905426350898289
0.0001635536548534858
0.00015211736499698436
3799874512031054e-24
0.0005145056606226336
0.023003538602906114
13135133578287051e-24
0.0018062139112520654
0.0018011571927496355
4418755538875212e-20
0.10984511253848987
43372575824889104e-21
0.3266201255986424
0.0019110503805874666
0.18714001664591579
0.003303769168753998
0.0007009268707519375
0.0005693207856739387
4475141085594777e-20
0.3536932484636193
12102004542269295e-21
21567670471837784e-21
0.00830882399607946
0.006448541027642807
2171598480647279e-23
8723084646192619e-20
0.003056585709101589
0.13476452584604642
0.030363378241088902
0.0001001137555543668
0.023080634337655215
0.0003541331720679655
0
0.1144598021132746
0.012355505532815335
0.33928313062996257
0.31579547992934
0.3285744274002723
0.05265321461991291
0.029819581968939805
0.37427438757638337
0.33515660630168176
0.3748808621361818
0.31089584635535555
0.21787174403703816
0.0007652639819520536
0.01576454465137211
0.14344986235637996
0.27912203243344774
0.1392508495345947
0.0002992416378792174
0.02710310700099133
0.2624011448941557
0.11614213466731726
0.16999217282167597
