0.9868406640712528
27.230574337132005
30.143018702443854
0
30.196818374069174
0.00022784053202534865
30.337197002121332
0
30.593940347341963
0
61.22063645040475
0
16.11874715745331
0
17.505471868756356
0
31.678814476295322
12.679604809193318
21.94637231573211
1.9456655646548782
6879497031284948e-31
10.094843828308065
2.2993845986733032
0.160817809314267
0
0.16797756739925018
0.0025404594478259904
0.04773955377492034
0.00694688228120753
0.4545847433040608
0.41861305646849983
0.04162198249868595
0.006746529059587271
0.08211805584582593
0.04669457649793266
0.012996626714169873
6486159343212105e-23
0.16591355549441683
0.1659807422733074
0.022382953552238617
0.02097459332468884
0
0.11946939049987002
0
4.150679266914772
3.906129956931635
4.15106651336634
0
5.343148803009239
0
2.096543932714976
0.1174059245581234
32.58155203417498
32.93832137918656
17.283792745069
82.5779639715891
61.354753497799365
0.8240163112217115
0.02186363386971632
0.00918658726961792
17.211188162232236
33.81371423310015
0.09794298708325071
0.35756352122929497
1.1368323169926586
1.0893979101209241
25.260006327319388
0
25.15535620905471
0
14.593236954161007
0.008085359342877211
0.008085363913812033
12.7818882478168
4.299470250159016
1.2855544042965423
2.4556730568156766
0
0.0002748939245050828
0.00827715700900866
0.06856995192248397
0.030955109576389084
0.006663847391778139
0.0003087626703018189
0.00022038803536787653
0.0012091534018873907
1.9214361898332193
0.43848252488951245
0.1404655022253691
0.1851068089254687
0.0029882068790967418
0.06586895923585183
0.005831360201585582
0.002732225229317746
0.0761006488052743
1.1177942272807806
0.022306184633651197
1646049304498242e-20
0.026870104504681462
0.0012473605429353912
0
0.9330628060483573
0.5178185800023032
0.03374238739341086
0
0.42689562940758036
8464725075444579e-20
0.046040411878299034
0
0.0008438097840609326
0
0.12719155161510232
0.7631335188851974
0
0
0
0
0.024274300391009446
0.39693292435152766
0.004497350034756282
0.006665644144156197
0.4005995173298843
0.3748171130906056
0.18348962044108
0.285572191083804
0.04909916058881766
0.31692865669607173
0.0008306246393545417
0.3816247976427302
963672086165504e-21
0.0080782158634903
0.3156816492429568
0.05451069543675047
1056497606801535e-24
0.0025042814976466987
0.09812760609631951
0.22084210443080365
0.018354908096188973
0.02790441496526208
0.1973964152499034
0.35212938572585456
0.26057726811439197
0.1508506140759261
0.26077768697848375
6410265288260663e-26
0.21338068050125286
0.2133764861133064
0.47188731468178824
0.5675267431910418
0.0008161629012413891
0.5941281053361734
0.4958642251325907
11.153687267559615
2.079799942031813
2.7735273840129673
0.10566353590986043
0.4676576092235796
2.578739863932098
4.1276660954002224
0.6424598817374011
5.088801569329353
7.161485988487867
5.127022383769725
2.4625682252023613
2.9250067996299403
0.5818984639647552
30.545946750822623
619.236989383796
4.002125249539834
5313.283016242404
1.0999868628973852
23.21856867754047
1.1728903937374393
45.14431488724592
1.3038292988245996
1.3969516383288585
1.0999858527695305
0.9320725901587916
1.0902865359567298
15.952164145663716
0
0.0008445290597785144
0.000856605893641944
0
0.009228623255845433
0.008047540713478688
0.008130103663802712
0.0077792669321517975
0.007230893761980136
0.009826260088421142
0.007424367800766734
0.010052412377371592
0.006424566246419595
0.007846581977353726
0.009528313780041396
0.01740935050832489
0.008323135652367421
0.009025496276247618
0.008681787566877736
0.009412980758678057
0.005191743901708165
0.012178523097173573
0.019181813339067447
0.012883904666979279
0.007954594122596852
0.0019012093248447657
0.007448437101119415
0.022971142424804945
0.07253011796192776
0.04173611037586814
0.11555135696568496
911995903240306e-19
0.010117547564514466
0.23048341893348953
4806104694261036e-21
0.07440733964703683
0.01093956886023848
0.0012696793216086647
5486352518995145e-21
12044234016184475e-22
0.1033300876165983
0.08977310316108143
0.004145013227117796
0.040691649250840095
0.02029550720541264
0.005786250898598126
0.012120442322066672
0.0004828926264481765
0.3491898450877818
15699130005594588e-25
0.07932316318644402
0.0003419188608070167
0.00963756881771224
0.01092762684197773
0.00015706261956677584
0.00017087614145384707
0.3635690678842044
0.00039351262003435345
0.05704107218975438
0.24843233458308267
13179229019945004e-22
2586166198979046e-21
0.00014472711620061495
12571478928558543e-21
0.0005944982381383312
17003084044331085e-21
14432276886999095e-23
10044041174658604e-22
1907700068196414e-20
0.07709136394315758
0.07791083399594828
4349994512846482e-20
0.00021268488643668934
0.019664926515858504
0.008167248763524112
0.092264785439231
0.020245168970677706
2782889492375994e-20
0.13948612265565422
0.03881473210277519
5573478598546881e-22
0.28619169811699563
44589636401920174e-23
0.003765706276442333
0.0009826270344395363
22994565953052476e-28
0.29295003052566543
0.3616970660230131
0.0181418761041044
0.27965333654349533
0.37275248299990116
0.007409921276319624
0.1964947362707156
22332184593474372e-26
46306184571956e-19
0.0006294474438656535
9120705385907438e-20
0.1333310846064601
864560084157852e-21
0.00011181527974524574
0.16583872418669776
0.0009292296333229749
0.011867853823898107
12200753113954456e-21
0.14052679141044863
0.09802340596106557
0.021301679781921663
3146913459733946e-20
0.00015345091243421127
12006679669490637e-23
0.013701195506444221
0.16712904260270833
8333314521922065e-24
11103307253313929e-21
9106340847782333e-21
9650288093598103e-20
10586411536432646e-21
0.3183914431664821
0.16579562641292783
0.005157641917450167
0.0015485521433647855
0.04205141959060037
0.005886615959491009
6760435318489814e-20
0.028501236770299674
8323732843468871e-20
0.000721009470432447
0.08187127191033404
9970379546159333e-22
0.36946629756415755
0.37008334940053783
0.0018284151922909092
0.0005371083418172934
58299100966989945e-25
0.0010308830376476107
10390421304473027e-24
0.010289466467923121
0.029413361588216527
0.0009039768084981216
0.0003376431300701615
0.0001545515094256135
26181815046528524e-22
0.006127151277738192
0.030739473102890522
0.021520212050420467
11257175954693999e-24
0.37273173545765825
0.06799234740810156
0
0
8177973017760103e-20
6661769615252903e-20
10336382728835795e-22
7596604724481768e-22
0.00019348645599393126
0.009763199047503317
0.005393535656785733
1520423368671202e-23
0.0001315002107418273
73287346418124e-19
0.05688340220647987
0.01342544878330818
0.10183442366750543
38456359346721666e-23
0.06119897438044317
0.0076948549896791694
0.00012014483577527609
0.12585846140326837
0.00029643375021786214
18549559457235995e-29
8514888093599446e-20
373615782673286e-20
0.0001247171978142328
0.01637388018517033
0.003905325515860193
0.0001635534786554494
0.00015211721258002588
3799874511935961e-24
0.0005145039163680384
0.02299997254458259
13135133577150786e-24
0.0018061923875369573
0.001801135789488527
4418754252908129e-20
0.10975540995638969
43372563435212085e-21
0.3253910112330122
0.0019110262833206787
0.1868496182958028
0.0033036970518857027
0.0007009236329209814
0.0005693186498427528
4475139766598398e-20
0.35204786159291884
12102003577705603e-21
2156766740827503e-20
0.008308365596000305
0.006448265422324673
21715984803367015e-24
8723079634454845e-20
0.0030565239949038266
0.13462505964348498
0.030357117932971092
0.00010011368953959295
0.023077044052901584
0.00035413234584991663
0
0.11436183451221028
0.012354487787365316
0.33788316715373273
0.31469109628388464
0.327320916164359
0.05263393703750243
0.029813547301787847
0.3719476585081231
0.3338158740991406
0.37248566908664277
0.30984290520835156
0.21745701442596357
0.0007652601222068573
0.015762882124912635
0.14328995556925406
0.27834695576767937
0.13910103418091568
0.0002992410479740501
0.027098135733086247
0.2617429728233299
0.11604104948364019
0.16975885109749497
