0.9923613227899568
25.039780409908165
28.962049972855098
0
29.0146875281984
0.00021839302265825472
29.200952823057115
0
29.53672640638807
0
59.04779694257138
0
15.532759033884972
0
17.246935090724357
0
31.541672633793223
12.789347166009476
21.335354756092382
2.033417699268811
4515889595962665e-31
10.423966452091667
2.310658107229004
0.15562157372724872
0
0.1671314389765722
0.0025590185807136375
0.04600393140838641
0.006946473742671476
0.43765134911960885
0.40341364608118363
0.038831471329012913
0.0061709282992066
0.07893349176716721
0.04350999537537555
0.012161575567139548
5913163494456563e-23
0.1654939872808754
0.16583300158377612
0.02371520910581357
0.02201414513840667
0
0.11680003491816306
0
4.173351726646859
3.8831814333390637
4.1505332833439
0
5.339208794005034
0
2.1912910176195557
0.122046279168516
32.57774365742935
32.93820655711557
17.262516597972382
80.75576394033956
61.350534710984476
0.8564267277169195
0.02631650715978379
0.009206009580582727
17.15078709321305
33.891613178781974
0.09511159495184665
0.36324643506411236
1.1889761724521806
1.0998423568148865
25.567166754360244
0
25.44349873163258
0
14.62604871800197
0.008210110067801195
0.008210233555062944
12.699733010773203
4.417406129032383
1.2851946230504678
2.452903553717558
0
0.0002797557192524778
0.008614628915869386
0.06884828681197618
0.030921489714758447
0.0067915997835428215
0.00030090420546099956
0.00021448356634288292
0.001216636561071796
1.9302585551709566
0.4386167319505193
0.14033755622512037
0.18433445576170626
0.0031108079420466145
0.06632585515980911
0.005909756816114206
0.0025955100176555277
0.07599628551185268
1.1439938277539559
0.022330998572391014
15236687391740934e-21
0.026201923404500182
0.0012408614246853776
0
0.9311651506238257
0.5179573628870847
0.03432292295021963
0
0.4254796794289088
8710329391729832e-20
0.04742425750724934
0
0.0007928506987456473
0
0.12715395783817987
0.7607903038088754
0
0
0
0
0.02312780782909935
0.39645750614342345
0.004293820694062167
0.006410845328313657
0.40021772665830496
0.3737565982346283
0.18344783393637956
0.29785948638732546
0.04921024936989911
0.32139597441463014
0.0008273603196127687
0.3801785984611893
963427390628097e-21
0.008080334815618177
0.3169816580271749
0.05266933658576751
9206397692745835e-25
0.002509544303363018
0.09658630261126337
0.22060895814102785
0.01851662632912506
0.028129292443972314
0.19491534305581956
0.34870844560631803
0.26028790470024993
0.1518466176200877
0.2616366690571443
5599715172884264e-26
0.21352897083282255
0.21351737174951166
0.47143452122815227
0.5672119267256709
0.0007922781442109328
0.5973468674020505
0.4990102947844931
11.212044613137701
2.08059519031026
2.7748917017456334
0.10547721980734882
0.4698028690689249
2.580433701563697
4.130995297306571
0.6416865404494365
5.104205579448769
7.188137554777584
5.137598664795943
2.4631039413715374
2.9348222021747534
0.5848044117906259
30.660336170793165
619.2350420219616
4.0021242607424545
5292.555483807343
1.0999867894052529
23.2185659128995
1.172836150670115
45.14269751330185
1.3038568198896439
1.3969509802599163
1.0999857792601624
0.9313180431916682
1.0900980980132453
18.911861604293932
0
0.000846842703163855
0.0008564497332668523
0
0.009219297236012664
0.008083696047474498
0.00815571902592835
0.007778030497584673
0.007251419625738582
0.009858537481999574
0.007430772558593097
0.010113784301628508
0.006426648840071966
0.007873680750523249
0.009573445442820794
0.017510163223197844
0.008346395740704159
0.00907036636575024
0.008709534381975513
0.009461418972344567
0.005230774402307719
0.012238675811497667
0.019256552447647624
0.012946006765931103
0.007992091845361546
0.0019011893324489895
0.00744812854924586
0.02296816113669535
0.07249874772189341
0.041726072641131734
0.11546745494285758
9119954440257394e-20
0.010116976731233771
0.23008384688719913
4806104566740711e-21
0.0743742528903758
0.010938900950185935
0.0012696704106934574
5486352352822067e-21
1204423393609973e-21
0.10326402523968678
0.08972405896359918
0.004144917986647472
0.040682118305401714
0.020293186373093602
0.0057860650015055595
0.012119621458509061
0.00048289133849959337
0.3478628688326105
15699130005458525e-25
0.07928534429512901
0.00034191821517777087
0.009637051110115643
0.010926960397362746
0.00015706248335843292
0.00017087598023092092
0.36196053269386436
0.00039351176481705835
0.05702200680017562
0.247950837528188
13179228924055409e-22
2586166162055375e-21
0.0001447270005487661
1257147805605135e-20
0.0005944962858396075
17003082448255074e-21
14432276875500083e-23
1004404111896462e-21
190769986727823e-19
0.0770557362414323
0.0778744100386474
434999346815775e-19
0.00021268463665817614
0.01966274906691424
0.008166877517791628
0.09221282503366232
0.020242859755826653
27828890648183096e-21
0.1393598996908002
0.03880607749558973
5573478581397685e-22
0.28549230227886646
4458963629215643e-22
0.0037656276987646955
0.0009826216987729847
22994565953052185e-28
0.292203310476785
0.36013439415094894
0.018140025764504797
0.27899697978137383
0.3707003136301804
0.007409615918982159
0.19622160149752543
22332184593446838e-26
4630618338817633e-21
0.00062944525520198
9120700793010091e-20
0.1332167221589819
8645600800313543e-22
0.00011181521071474834
0.16565340541098325
0.0009292248620473878
0.011867067017582882
12200752292148295e-21
0.14039849353416756
0.09796434379419927
0.021299120487931176
31469129130026306e-21
0.00015345078241861784
1200667966153204e-22
0.013700144889811479
0.16694046291883743
8333314521538688e-24
1110330657270074e-20
9106340389975157e-21
9650282951827404e-20
10586410917714335e-21
0.31743424979399365
0.16561041593370637
0.0051574943098035425
0.0015485388845286703
0.042041226165363633
0.0058864235383096096
6760432795188471e-20
0.028496620863719027
8323729018193161e-20
0.0007210065984538191
0.08183086344734442
9970379491279255e-22
0.36766802459329
0.36825729454438416
0.0018283967028667398
0.0005371067483455498
582991009651136e-23
0.0010308771647731673
10390421303877011e-24
0.010288875968500803
0.02940844082391389
0.0009039722931403686
0.00033764250048992563
0.00015455137753816556
26181814668093333e-22
0.006126942760141268
0.030734091162376846
0.021517599389154353
11257175953994399e-24
0.37068726544795505
0.06796492266527077
0
0
8177969325288186e-20
6661767165069509e-20
1033638266985257e-21
7596604692622903e-22
0.0001934862492776192
0.009762667687840051
0.005393374200309628
1520423368543582e-23
0.00013150011526455436
7328734345293741e-21
0.05686444539095713
0.013424440311254726
0.10177037910110234
3845635926507707e-22
0.061176926106571286
0.0076945256032718585
0.00012014475607634986
0.12575757428901171
0.000296433264959616
18549559457235975e-29
8514884090603192e-20
37361577496703904e-22
0.0001247171119332714
0.01637237563077738
0.0039052409916913817
0.00016355333095548777
0.0001521170848148081
3799874511856249e-24
0.0005145024542303527
0.022996983679546328
13135133576198294e-24
0.0018061743452233757
0.001801117848145292
4418753174931155e-20
0.10968027213822554
4337255304942011e-20
0.32436425584411194
0.001911006083733166
0.18660653563956486
0.0033036366002726176
0.0007009209187820441
0.0005693168594629316
4475138660934233e-20
0.3506744953619927
1210200276914863e-20
215676648402073e-19
0.008307981356145681
0.0064480344019513525
21715984800763563e-24
8723075433308031e-20
0.003056472263200685
0.1345082616438394
0.03035187114943543
0.00010011363420195405
0.023074034884135806
0.00035413165326425675
0
0.1142797766092399
0.012353634714680964
0.33671408274420744
0.31376830978146303
0.3262738306726478
0.05261778281194354
0.029808489610940462
0.3700083982765507
0.3326961225285588
0.3704896648264208
0.30896301280167915
0.21710997069566823
0.0007652568867443575
0.01576148862734378
0.14315604914182997
0.27769889700505457
0.13897557386479917
0.0002992405534798957
0.027093969210953483
0.26119252434887297
0.11595638141094196
0.16956351313388063
