0.9934654545336976
24.510069696667752
28.6809290619709
0
28.7334034152838
0.00021615498025076148
28.930930833884005
0
29.286075224084797
0
58.53162971862638
0
15.403154897968767
0
17.190627301335237
0
31.51395100762855
12.815883578698255
21.19001355528561
2.053423541762527
40760317096397607e-32
10.498368989561442
2.313065465182427
0.15434599833567392
0
0.16691055578925773
0.002562566951397671
0.045658411496244944
0.00694639152758609
0.43427930195404774
0.400387638740793
0.03823446795450209
0.006048673720694819
0.07830048775453521
0.042829848936834
0.01198513418056279
5786577374760998e-23
0.16537528286933995
0.16577759662473934
0.024019165384041825
0.022247447607214203
0
0.11628526632349954
0
4.178715510747674
3.8779387168977397
4.15048167749401
0
5.338439380119368
0
2.2129036804888136
0.12310561294082095
32.576978331243765
32.93817917532627
17.257947718666433
80.292192878612
61.349578365530995
0.8638293241355233
0.02740217852379992
0.00921067590972214
17.136516875449363
33.90845278726588
0.0945599930775379
0.36450262247659326
1.2008375926270318
1.1020967648580193
25.63564316275611
0
25.50751122868459
0
14.632850989344464
0.008236623223107014
0.008236775701973707
12.680587304778964
4.4437436081579325
1.2851148246584903
2.452350004284761
0
0.0002808158282365578
0.008691670308562136
0.06890882902638247
0.030915059922525565
0.006819298505052572
0.0002992066194581013
0.0002132175846038583
0.0012182372899286777
1.932139027565736
0.4386479824557256
0.14038813498133546
0.18417058353939741
0.0031381478672395744
0.06643134891428379
0.005927608578065116
0.002568007477347416
0.0759741672017563
1.149882181685383
0.022336814117155906
14996458399394428e-21
0.026071776923525646
0.0012394613262908907
0
0.9307853503100219
0.5180064908953197
0.034449171239573986
0
0.4252076979290167
8766873213149771e-20
0.047735459380543334
0
0.0007819264001445462
0
0.12714643432436712
0.7603221291813336
0
0
0
0
0.022886673326328714
0.39636730929449554
0.004252595784826484
0.00636058791894402
0.40014126410189393
0.3735568004077388
0.18343768442334388
0.3006434780568593
0.04922919806319829
0.32237059655731753
0.0008267434112167329
0.37990592142223484
9633782893409207e-22
0.008080071580219839
0.317271400312656
0.05230381422844703
8956097412338027e-25
0.0025109945001357244
0.09627984183669001
0.22056213515460596
0.018550957481236686
0.028176414510534296
0.1944203198074616
0.3480264442127664
0.2602297184744795
0.15205465253175443
0.2618263190103009
54503906554093045e-27
0.2135744906468627
0.21356141227620154
0.4713438226112861
0.5671488702710425
0.0007872191920540386
0.5980824732420654
0.4996665198806657
11.224539944931397
2.080759143400958
2.7751831810230208
0.10544180487680355
0.4702618442439892
2.5807831894935793
4.131707135864637
0.6415400527507178
5.107479933680409
7.193816436072111
5.139964783109068
2.4632166320079176
2.936905153787951
0.585416329468866
30.68469015743363
619.2346525503295
4.0021240629830075
5288.419690599113
1.099986774706827
23.218565359971343
1.1728253023576858
45.142374045466525
1.30386234653078
1.3969508486270747
1.0999857645582907
0.9311671356109811
1.0900604143270156
19.624831337063885
0
0.0008473640724795847
0.000856422936438421
0
0.009217519916748832
0.008091533049778792
0.008161452761831634
0.007778324229331083
0.007256040074031392
0.009865418522976633
0.00743259298354737
0.010126881857245551
0.006427515236690796
0.00787969066831611
0.009583190649057681
0.017531680064152948
0.008351666060418815
0.009080017765914258
0.008715721681133444
0.009471808955210522
0.005239113656103549
0.01225161179622434
0.0192730020103565
0.012959378441856866
0.008000199375346202
0.0019011853339950622
0.007448066840404979
0.022967564925505883
0.07249247530223984
0.04172406538389784
0.11545068185027504
9119953521828539e-20
0.01011686256844247
0.23000401564141812
48061045412366465e-22
0.07436763730477795
0.010938767373068977
0.0012696686285179207
5486352319587452e-21
12044233920082783e-22
0.10325081783347496
0.08971425333978812
0.004144898938816011
0.04068021238421548
0.02029272223847779
0.005786027822803738
0.01211945729246887
0.00048289108091028893
0.3475980793220292
15699130005431313e-25
0.07927778268084994
0.00034191808605206795
0.009636947571933577
0.010926827113317175
0.00015706245611677854
0.00017087594798635396
0.36163968066060465
0.00039351159377382235
0.05701819448701719
0.24785465016027733
1317922890487749e-21
2586166154670641e-21
0.00014472697741840744
12571477881549918e-21
0.0005944958953806322
1700308212903989e-20
1443227687320028e-22
10044041107825822e-22
19076998270945957e-21
0.0770486126771679
0.07786712729086206
43499932592200335e-21
0.0002126845867025087
0.019662313606058673
0.00816680327067017
0.09220243646455716
0.020242397944464786
27828889793067804e-21
0.13933466880765177
0.03880434680573485
5573478577967845e-22
0.2853526283472409
4458963627020368e-22
0.0037656119834259274
0.000982620631643151
22994565953052125e-28
0.2920541950262375
0.35982267087371017
0.018139655719232036
0.27886589340401324
0.3702912375250023
0.007409554849024708
0.19616702011984877
22332184593441332e-26
463061831514204e-20
0.0006294448174701585
9120699874430898e-20
0.13319386144327067
8645600792060547e-22
0.00011181519690865399
0.16561636651369271
0.0009292239077952102
0.01186690966257952
12200752127787069e-21
0.14037284801831224
0.09795253563192861
0.02129860866603268
31469128036563786e-21
0.00015345075641551238
1200667965994032e-22
0.013699934776152565
0.16690277252376623
8333314521462012e-24
11103306436578107e-21
9106340298413725e-21
9650281923473591e-20
10586410793970677e-21
0.3172431567147154
0.1655733986731218
0.005157464788781152
0.0015485362327750701
0.042039187776846496
0.005886385054828119
6760432290528314e-20
0.028495697772114848
832372825313823e-19
0.0007210060240594664
0.0818227841483463
997037948030324e-21
0.36730942167569786
0.36789316620717516
0.0018283930050043424
0.0005371064296517684
58299100964738335e-25
0.0010308759902022933
10390421303757808e-24
0.010288757872682965
0.029407456769845207
0.0009039713900715246
0.00033764237457401935
0.00015455135116068948
26181814592406293e-22
0.006126901057473437
0.030733014887353353
0.021517076894965178
1125717595385448e-23
0.370279719113371
0.06795943904426123
0
0
8177968586794003e-20
6661766675032939e-20
10336382658055924e-22
7596604686251129e-22
0.0001934862079343833
0.009762561419377742
0.005393341909594398
15204233685180578e-24
0.0001315000961691081
7328734285990011e-21
0.05686065478601988
0.013424238625934557
0.10175757502201563
3845635924874815e-22
0.06117251740509346
0.007694459727682384
0.00012014474013657096
0.1257374065726699
0.00029643316790806216
1854955945723597e-28
8514883290004167e-20
37361577342578967e-22
0.0001247170947570862
0.016372074736489158
0.0039052240870771464
0.00016355330141551146
0.00015211705926177743
3799874511840307e-24
0.0005145021618033141
0.022996385953149342
13135133576007796e-24
0.0018061707367822866
0.001801114259898091
4418752959335792e-20
0.10966525074838154
43372550972262014e-21
0.32415929387909903
0.0019110020438412847
0.18655795707019673
0.0033036245100827397
0.0007009203759555179
0.000569316501387643
4475138439801433e-20
0.35040046569888283
12102002607437241e-21
2156766432659379e-20
0.008307904510307192
0.006447988198869903
21715984800242876e-24
872307459307891e-19
0.003056461916965125
0.13448491420651662
0.030350821901552878
0.00010011362313442994
0.023073433097470546
0.0003541315147472873
0
0.11426337209546662
0.012353464107212745
0.3364807517183125
0.31358407744791433
0.32606481586744396
0.05261455256184033
0.0298074781757365
0.36962176123063123
0.3324726233494343
0.3700917493091332
0.3087873343940966
0.21704062844034672
0.0007652562396534992
0.015761209942613208
0.1431292828765759
0.2775694664254903
0.13895049538371348
0.0002992404545811629
0.027093135983405806
0.26108257364389237
0.11593945521110029
0.1695244725219962
