1.0041580523069842
17.279010684047368
24.829156073137266
0
24.881605525062582
0.00018586542966250272
25.232279401601478
0
25.853759316889526
0
51.45447272264511
0
13.893622319680482
0
16.54680520224872
0
31.24128308006373
13.185383391927946
19.171862124119425
2.3075087493694344
9055948002928797e-32
11.420608032373693
2.338900297355084
0.13591641420760142
0
0.1634881289083497
0.0025923249850687965
0.04232350353126959
0.006945583063894283
0.4017111978997552
0.3711780310441696
0.03147001348527618
0.0046960197188564545
0.07220621647632672
0.03515305040397376
0.010042623945465996
4312886789761213e-23
0.16338875037261397
0.16464007181346152
0.027910420280577976
0.02513389567025058
0
0.11168273739386754
0
4.249252699275597
3.8102238738539
4.151587919331632
0
5.331419276239752
0
2.4877221306333412
0.13660391642358516
32.56945758377908
32.937782645279555
17.20535692666914
73.4253917637662
61.33674645183187
0.9578523765041557
0.041935092343145956
0.009278882483388639
16.93269363475778
34.09418421146914
0.08948828208448506
0.3793410671843538
1.3509102975017155
1.1278204119644042
26.461508164035124
0
26.273910283625227
0
14.701994835441058
0.008523012668772152
0.008523572201845415
12.416547245894312
4.761606681712809
1.2841607567568614
2.4469952753827613
0
0.00029303092035958163
0.009674658194535323
0.06957816775370224
0.030858091255433418
0.007137004980748568
0.00028014151751198295
0.00019919312652642612
0.0012361505735349577
1.9523354950138678
0.4390433870970703
0.14252915918581494
0.18236198971730014
0.0034687723772716802
0.06775053177378153
0.00614852185988081
0.002294767081947217
0.07570031552907976
1.2219725603222311
0.02240300139101332
12718855152962097e-21
0.024848398916557136
0.0012235501172757483
0
0.9271021848306278
0.5188637378586574
0.03590581914495023
0
0.42280680445235097
9499144635516492e-20
0.05154758919221092
0
0.0006630468482608381
0
0.12707348539619037
0.7557968033891642
0
0
0
0
0.020208168643488865
0.3955867190629656
0.003837359517713729
0.005883106834404031
0.3993991175249121
0.3718246011506591
0.18329771625880856
0.33552559744648985
0.04928161335012978
0.33371604358994456
0.0008214586074324577
0.37758493536350374
9629001948019674e-22
0.008051686814904625
0.3207632287489743
0.04878520808465443
6853244320289906e-25
0.002536866606045814
0.09334281606098863
0.22010539854073574
0.018918552020521125
0.028670152769158568
0.1896467889256499
0.3414558947656428
0.25966114611929686
0.15422034237004764
0.26396646772827786
4195439920592312e-26
0.21428252916252105
0.21425601188550822
0.47046464763577334
0.5665366105898231
0.00073213319701445
0.607059144836985
0.5064839167177131
11.359672134277337
2.082440183369031
2.7783572404406853
0.10513383098452209
0.47521736179858665
2.5843718084770546
4.139470226637724
0.6402769220383371
5.142191956639789
7.254221558566699
5.167010923033746
2.4644142879851865
2.9588747348820705
0.5918656716102038
30.945088215778515
619.2308808541198
4.002122147847724
5248.534790716291
1.0999866323648055
23.218560005322647
1.1727202506639276
45.13924164837359
1.3039165559345613
1.3969495735604778
1.0999856221828856
0.9297057755491285
1.0896955463994917
28.898033438040542
0
0.0008534356050558678
0.0008562539972630848
0
0.00920206059578021
0.008177480367738885
0.008227069735594245
0.007789956505262634
0.007309262808880392
0.009938811945116055
0.007459059453371296
0.010267507866434053
0.006443166938301552
0.007947680739756364
0.009689493104495623
0.017762634628597906
0.008412908966109531
0.009184731392846836
0.008786160996505664
0.009584088940789923
0.005329451570838652
0.01239188889577084
0.019457317258877588
0.013104643927563544
0.008088811612353598
0.0019011466127288185
0.00744746926804544
0.022961791916526184
0.07243176020138062
0.04170463176148604
0.11528837439275905
9119944627613597e-20
0.010115757063386688
0.22923234792882838
4806104294250998e-21
0.07430360129473115
0.010937473874151876
0.0012696513697592682
5486351997737853e-21
12044233764971952e-22
0.10312300244433958
0.08961934944862426
0.004144714480936326
0.040661759741144915
0.02028822802982354
0.005785667790351989
0.012117867595921449
0.00048288858637918826
0.3450442173336907
15699130005167785e-25
0.07920459203290457
0.00034191683557953574
0.009635944948285863
0.010925536452274688
0.00015706219230425344
0.00017087563572485128
0.3585471715238462
0.00039350993736616267
0.05698128858757548
0.2469250837060266
13179228719155297e-22
2586166083155634e-21
0.0001447267534203095
12571476191648788e-21
0.0005944921141234175
1700307903770659e-20
14432276850928596e-23
10044040999955835e-22
1907699437949557e-20
0.07697966094117316
0.07779663515971079
4349991235832518e-20
0.00021268410292401825
0.019658097028673042
0.008166084283959924
0.09210189233895386
0.020237926230461
27828881511988674e-21
0.1390905648816601
0.03878759050628276
5573478544752701e-22
0.2840035326289855
44589636057609556e-23
0.0037654597968313453
0.0009826102974380619
22994565953051563e-28
0.2906140667863919
0.3568178139998873
0.018136072528982954
0.27759961283210893
0.36635295502099713
0.0074089634633097284
0.1956392296772984
22332184593388004e-26
4630618085863616e-21
0.0006294405784172209
9120690978760073e-20
0.1329726772734459
8645600712137149e-22
0.00011181506320819902
0.1652581037555525
0.0009292146667070963
0.01186538591816189
1220075053608539e-20
0.14012473473992784
0.09783825700650522
0.021293652732799387
3146911744729057e-20
0.0001534505045972874
12006679644525837e-23
0.013697900166791191
0.1665382123252933
8333314520719475e-24
11103305118343687e-21
9106339411717438e-21
965027196472775e-19
10586409595616323e-21
0.31539852005458013
0.16521534505950458
0.005157178910969724
0.0015485105529814932
0.042019452791357756
0.005886012387327187
6760427403316317e-20
0.028486759944325493
8323720844221058e-20
0.0007210004615514829
0.0817445841113124
9970379374009657e-22
0.3638546940587774
0.36438545932185246
0.0018283571946689637
0.0005371033433772946
5829910096110418e-24
0.001030864615529355
10390421302603428e-24
0.010287614283015223
0.02939792872782429
0.0009039626446474087
0.0003376411551856043
0.00015455109571700125
26181813859440274e-22
0.006126497216498393
0.030722594008394232
0.021512017629548436
11257175952499469e-24
0.3663560784673775
0.0679063576182677
0
0
8177961435095401e-20
6661761929438117e-20
1033638254381523e-21
7596604624545806e-22
0.0001934858075599804
0.009761532357531253
0.005393029210870842
1520423368270878e-23
0.00013149991124573372
7328733711682723e-21
0.056823958999059405
0.013422285628074205
0.1016336614722436
38456359090616156e-23
0.06112983923040796
0.007693821806554857
0.00012014458577317681
0.1255422662548886
0.0002964322280461118
18549559457235937e-29
851487553687226e-19
37361575850007137e-22
0.00012471692842013835
0.016369161111588888
0.0039050603837312414
0.00016355301534568136
0.00015211681180214657
3799874511685915e-24
0.0005144993298992184
0.022990598273710715
1313513357416298e-23
0.0018061357924039677
0.0018010795110776565
4418750871474525e-20
0.10951988746709956
43372530856718295e-21
0.32218109563023783
0.0019109629212896973
0.18608816776750084
0.0033035074289366174
0.0007009151191537585
0.0005693130337378893
44751362983147146e-21
0.347757769333816
12102001041397036e-21
2156765935267469e-20
0.008307160359035358
0.006447540777574136
21715984795200423e-24
872306645616278e-19
0.003056361724089169
0.13425902323951452
0.030340662684626988
0.00010011351595472569
0.023067606105945028
0.00035413017332842797
0
0.11410462979380974
0.012351812037642306
0.3342294828301688
0.3118055272306662
0.3240475954560472
0.05258328053313679
0.029797685042145937
0.3658983409269868
0.330315971997165
0.36626030931222103
0.3070911943812261
0.2163702510502827
0.0007652499731449446
0.01575851136764988
0.14287033261967708
0.27631915553502084
0.1387078651459131
0.0002992394968308678
0.027085068193023417
0.26002018404689514
0.11577566680655636
0.1691468613735918
