1.0045200204699154
16.963442521904387
24.654298773805234
0
24.706778583184494
0.0001845045122387664
25.063885405085163
0
25.69680328760808
0
51.13469176204419
0
13.833749943527485
0
16.521393734877467
0
31.231962275289003
13.20242519783422
19.07838679992533
2.318544668749402
8416005828786245e-32
11.459672427907686
2.3398444708439774
0.13504935212582797
0
0.1633199871298557
0.0025931280857124303
0.04221051343946121
0.006945555206160723
0.4006069963653885
0.37018828354660344
0.031204638112924198
0.004644086879280244
0.07200020357680127
0.034852981037094985
0.00996758853859273
42551998177159544e-24
0.16328777991419838
0.16457778241009313
0.028081299026580336
0.025257259574428523
0
0.11154068996643801
0
4.252327656876627
3.807248391393404
4.151700156921407
0
5.331198855184655
0
2.4996700901734745
0.13719172825144632
32.569197810039235
32.93776300732817
17.203211165304484
73.10738419255192
61.33612406226505
0.9619261289770553
0.04255008659995503
0.009282270312910942
16.922683935367516
34.10119501119193
0.08932564140328943
0.3799434532941687
1.3574101409818995
1.1288456852348576
26.495768983572816
0
26.30552614202038
0
14.704399330325687
0.008533610416520891
0.008534182438746029
12.40396856002488
4.774748089956722
1.2841214063831345
2.446814190998273
0
0.0002935175723087549
0.009717554830635992
0.06960321805473021
0.030856324693324343
0.007149675579772258
0.0002794034760833669
0.00019865647469070687
0.001236851646391524
1.9530767251854766
0.4390601668669895
0.14266153567028036
0.1822919384037243
0.003482516153015427
0.06780593619224727
0.006157807741082213
0.0022851801307237287
0.07568781241136698
1.224987614450909
0.02240534183666274
12642510655686448e-21
0.024807088022423384
0.0012229181519076543
0
0.9269773305977977
0.5189048557681968
0.03596419777651412
0
0.4227340200328988
953153970673389e-19
0.05170728748341286
0
0.0006586264704389712
0
0.12707101291005066
0.7556438967256042
0
0
0
0
0.02010239182730808
0.39556341038797943
0.003822592201793219
0.005867160818341035
0.39937394425966427
0.37177163923617074
0.18329132607666485
0.33702244375272156
0.0492762364128187
0.33417571833784643
0.0008213035715674414
0.3775174883404766
9628839332284734e-22
0.008049355828356704
0.32090815746464535
0.04866596812235585
6791275895047375e-25
0.002538301991864296
0.09324435981225714
0.22008983348172512
0.018932052264160996
0.028687980085962014
0.1894858260417119
0.3412344386315946
0.2596417450172946
0.15429803354013985
0.2640476395236359
4158425264493851e-26
0.21431408647079195
0.2142872421899596
0.470434899020529
0.5665158331697109
0.0007300455163786221
0.6074223320660134
0.5067281500414413
11.364656490192164
2.082500209019312
2.7784763719349077
0.10512457629532541
0.47539986307790555
2.584500120046155
4.1397619773705285
0.640239377483416
5.143441198883289
7.256399972147729
5.168039561317646
2.464458386575487
2.959659398909982
0.5920990720424394
30.954580268977942
619.2307531742352
4.002122083016162
5247.189875067114
1.0999866275462125
23.21855982405593
1.1727166945956349
45.139135613584386
1.3039184212408534
1.396949530387173
1.0999856173631646
0.9296563074979475
1.0896831969418237
29.282232658542473
0
0.0008536716793663612
0.0008562514569628936
0
0.009201597858313001
0.008180665551634249
0.008229566772445867
0.0077905853345759234
0.007311294638929639
0.009941469738396724
0.007460194539610377
0.010272653149009235
0.006443889078841846
0.007950251002707588
0.009693419243508642
0.01777107737587038
0.008415260413341152
0.009188585421421504
0.008788832134310245
0.009588210432211003
0.005332803808359274
0.01239704871934826
0.019464248806614827
0.013109993920963098
0.008092089032089505
0.0019011453019418289
0.007447449039733981
0.022961596512755676
0.07242970575057033
0.04170397404865855
0.11528288391991935
9119944326524835e-20
0.010115719641701293
0.22920627061780371
4806104285889986e-21
0.0743014344988495
0.010937430089019762
0.0012696507855160938
548635198684253e-20
12044233759721105e-22
0.10311867837966213
0.08961613849870227
0.004144708236771411
0.040661135224719785
0.020288075908305923
0.0057856556028465745
0.012117813784814612
0.0004828885019340003
0.3449580925647904
15699130005158862e-25
0.07920211554983313
0.0003419167932483456
0.009635911009075867
0.010925492763202106
0.00015706218337362178
0.00017087562515411645
0.3584429472727769
0.0003935098812932096
0.056980039659084214
0.24689367689950587
13179228712868189e-22
25861660807346923e-22
0.00014472674583748286
12571476134441888e-21
0.0005944919861198905
17003078933058108e-21
1443227685017465e-22
10044040996304197e-22
19076994247761356e-21
0.07697732785200266
0.07779424996168156
43499911673363766e-21
0.000212684086547062
0.01965795430399593
0.008166059945771941
0.09209849061646506
0.020237774870306157
2782888123165581e-20
0.13908230890981238
0.03878702339499629
5573478543628295e-22
0.283957974529589
4458963605041277e-22
0.0037654546450850276
0.0009826099476041886
22994565953051543e-28
0.29056543971407833
0.35671653322371044
0.018135951242428096
0.27755684719119883
0.3662203709119445
0.0074089434444169055
0.19562138767035447
223321845933862e-24
46306180781020335e-22
0.0006294404349163716
9120690677622028e-20
0.13296519612936178
8645600709431564e-22
0.00011181505868214471
0.16524598933736304
0.0009292143538773646
0.011865334339455852
1220075048220276e-20
0.14011634323341957
0.09783439075539388
0.021293484983642797
31469117088820234e-21
0.00015345049607268888
1200667964400402e-22
0.013697831296037098
0.1665258850978533
8333314520694339e-24
1110330507371853e-20
9106339381700803e-21
9650271627602283e-20
10586409555049371e-21
0.3153362630542945
0.1652032377089956
0.005157169233648704
0.0015485096836709456
0.04201878488044828
0.005885999772118157
6760427237873408e-20
0.02848645742808246
8323720593412887e-20
0.0007210002732489946
0.08174193817476717
9970379370411383e-22
0.3637383141984197
0.36426730271398333
0.0018283559824219166
0.0005371032389003652
5829910096098116e-24
0.0010308642304736305
10390421302564349e-24
0.01028757557219157
0.029397606236484877
0.0009039623485968757
0.0003376411139066775
0.00015455108706967296
2618181383462775e-21
0.006126483546051016
0.030722241300355727
0.02151184638300495
11257175952453598e-24
0.3662239845724265
0.06790456141990828
0
0
8177961192994642e-20
6661761768789262e-20
10336382539947929e-22
7596604622456943e-22
0.00019348579400643286
0.009761497523402355
0.005393018625642391
15204233682625103e-24
0.00013149990498567167
7328733692241148e-21
0.05682271717973975
0.013422219519734883
0.10162946936514097
38456359085263035e-23
0.061128395000643224
0.0076938002124345714
0.00012014458054763683
0.1255356656243649
0.0002964321962297512
18549559457235935e-29
8514875274411664e-20
37361575799480275e-22
0.00012471692278926742
0.016369062487994402
0.003905054842129788
0.00016355300566159154
0.00015211680342509595
3799874511680689e-24
0.0005144992340332531
0.022990402373409862
1313513357410053e-23
0.001806134609471046
0.0018010783347647038
44187508007958056e-21
0.10951496997064288
43372530175762664e-21
0.3221143408960722
0.0019109615969185234
0.18607228507568757
0.0033035034655526136
0.0007009149412000433
0.0005693129163506195
4475136225820656e-20
0.3476686578227469
12102000988383102e-21
21567659184296512e-21
0.008307135169029867
0.00644752563191368
21715984795029722e-24
8723066180710245e-20
0.003056358332395451
0.13425138297216097
0.030340318832102465
0.00010011351232645686
0.023067408875103994
0.00035413012791851175
0
0.11409925987552617
0.012351756115287542
0.3341535365308366
0.3117454962022794
0.32397952688784387
0.05258222223088403
0.029797353579150865
0.3657729533870567
0.3302432098806537
0.3661313030050598
0.30703393960152214
0.2163475935578197
0.0007652497610106219
0.015758420022984596
0.14286157478184128
0.27627692843535195
0.13869965899198405
0.0002992394644089486
0.027084795122459773
0.25998429555016256
0.11577012625646449
0.1691340931276331
