1.0043650645675561
17.099038685707193
24.729565343435166
0
24.782030434113285
0.0001850901902374406
25.136380040694725
0
25.764387740674866
0
51.27300542707148
0
13.85945084767296
0
16.532304931046227
0
31.23595270068495
13.195085399010429
19.118646942037813
2.313796533368777
8686246578151615e-32
11.442876003207331
2.339439903392114
0.13542282019588756
0
0.16339248379590948
0.002592786452808206
0.042258888093110764
0.006945567136619891
0.4010797467197123
0.37061202671618027
0.03131898423948324
0.004666370546366963
0.07208840064078821
0.034982265092903315
0.009999800131764635
4280006675378889e-23
0.16333133742385036
0.16460468028858974
0.028007755414032835
0.02520419204703406
0
0.11160137473066492
0
4.2510053706041
3.8085283149323943
4.15165126078456
0
5.331293044512827
0
2.4945296136297963
0.13693881220823662
32.569309076949274
32.937771485685325
17.204133659703707
73.24421247426763
61.33639060969235
0.9601736578422476
0.04228601651934686
0.009280807542930824
16.92700418429558
34.09818808536381
0.08939519019398731
0.37968466667061024
1.354613859423225
1.1284052643908202
26.48104254183556
0
26.29193763595402
0
14.703370011512558
0.008529067578014268
0.008529632950642766
12.409393828301035
4.769100731166074
1.2841383191798021
2.4468917104313648
0
0.00029330857308938415
0.00969909660212656
0.06959247996119476
0.030857079883791168
0.007144233244636777
0.00027972021315167357
0.00019888673279738232
0.0012365506067658033
1.952759063089416
0.43905295276392786
0.1426043534466773
0.18232201340604182
0.0034766087241319228
0.06778212363140748
0.006153815907710424
0.002289287926632743
0.07569320514196815
1.2236917114113401
0.02240434187684091
12675193794896468e-21
0.02482478536759091
0.0012231896036848215
0
0.9270307811846005
0.5188871596733969
0.035939120445120834
0
0.42276510147094976
9517595418954343e-20
0.05163863995579838
0
0.0006605213920984908
0
0.1270720713880161
0.7557093525256768
0
0
0
0
0.020147834284573816
0.39557336271961835
0.0038289213861809872
0.0058739860451521375
0.3993847211272073
0.3717942795052826
0.1832940778415464
0.3363786280318275
0.04927862676567409
0.33397819744642393
0.0008213697328606131
0.3775462643014517
9628908952656838e-22
0.008050370371302514
0.32084585848172
0.04871702274243366
6817736758509637e-25
0.002537681076811281
0.09328650051791497
0.22009649759134195
0.01892626601540097
0.02868034113189942
0.18955472816505467
0.34132923561229184
0.2596500516590066
0.15426474797439946
0.2640128388553245
4174231239836938e-26
0.21430053346173278
0.21427382625330826
0.4704476337694127
0.5665247282388982
0.0007309412279538104
0.6072664715983532
0.5066235130471944
11.362520245927357
2.0824744866958835
2.7784252764900326
0.10512852843038777
0.4753216473421577
2.584445134300567
4.139636842466054
0.6402554066174453
5.142906162552395
7.255466970272734
5.167598631085006
2.464439480921749
2.9593234258133463
0.5919990652524427
30.950513261878015
619.2308078330494
4.002122110770076
5247.765581349883
1.0999866296090166
23.218559901654874
1.172718216920938
45.13918100626554
1.3039176224059348
1.3969495488694192
1.099985619426452
0.9296774843845504
1.0896884836365448
29.117309889861154
0
0.000853570417633259
0.0008562525169372564
0
0.009201795435245871
0.008179300601442842
0.00822849642249823
0.007790315028873067
0.007310423695597288
0.009940331269209745
0.007459707446794776
0.010270448419490739
0.006443579057283325
0.007949149326941954
0.009691736822409851
0.017767459847163127
0.008414252388270269
0.009186933957686674
0.008787687213319122
0.00958644441244242
0.005331366753071249
0.012394837754250345
0.01946127784099307
0.013107701436086529
0.00809068457057484
0.0019011458630799664
0.0074474576993182814
0.02296168016346588
0.07243058523868466
0.041704255609402004
0.1152852343188605
9119944455418713e-20
0.010115735661632015
0.2292174337592613
48061042894692734e-22
0.07430236208045915
0.010937448833090608
0.0012696510356262573
5486351991506738e-21
12044233761968955e-22
0.10312052945768058
0.08961751306861152
0.004144710909851232
0.04066140257442367
0.02028814103026665
0.005785660820224661
0.012117836820923537
0.0004828885380843609
0.34499495931161916
15699130005162682e-25
0.07920317570450205
0.00034191681137001544
0.009635925538186855
0.010925511466150645
0.0001570621871967593
0.00017087562967937003
0.358487561197148
0.0003935099052976265
0.05698057431281399
0.2469071214328296
13179228715559653e-22
25861660817710795e-22
0.00014472674908363502
1257147615893174e-20
0.0005944920409172535
1700307897785735e-20
1443227685049741e-22
10044040997867437e-22
190769943041558e-19
0.07697832662162236
0.07779527103842361
43499911966590696e-21
0.0002126840935579161
0.019658015403251277
0.008166070364761932
0.09209994685340676
0.02023783966633414
27828881351664243e-21
0.139085843170512
0.03878726617014262
5573478544109645e-22
0.2839774767214232
44589636053493664e-23
0.003765456850508788
0.0009826100973654758
2299456595305155e-27
0.2905862556091781
0.35675988725776503
0.018136003164208894
0.2775751540402727
0.366277123316928
0.007408952014350736
0.19562902550281017
22332184593386973e-26
463061808142471e-20
0.0006294404963480234
9120690806537004e-20
0.13296839870047303
8645600710589805e-22
0.00011181506061971518
0.16525117532177505
0.0009292144877974538
0.011865356419892255
12200750505269517e-21
0.14011993551397986
0.09783604585029211
0.021293556795658426
31469117242278745e-21
0.00015345049972200663
12006679644227406e-23
0.013697860779056867
0.16653116218134895
8333314520705099e-24
1110330509282223e-20
9106339394550703e-21
9650271771923209e-20
10586409572415784e-21
0.3153629133127032
0.16520842066788438
0.005157173376436275
0.0015485100558163233
0.04201907080688559
0.005886005172592842
6760427308698297e-20
0.028486586932662886
8323720700782015e-20
0.0007210003538598958
0.08174307087021376
9970379371951778e-22
0.3637881310012568
0.36431787999594667
0.0018283565013758431
0.0005371032836261661
58299100961033815e-25
0.0010308643953131301
10390421302581079e-24
0.010287592143991994
0.02939774429221702
0.0009039624753339147
0.00033764113157788115
0.0001545510907715304
2618181384524981e-21
0.006126489398265034
0.030722392291571393
0.02151191969222102
11257175952473235e-24
0.36628052716378245
0.06790533035336939
0
0
8177961296636192e-20
6661761837561852e-20
1033638254160349e-21
7596604623351171e-22
0.00019348579980860655
0.009761512435620944
0.0053930231570981195
15204233682660926e-24
0.00013149990766555804
7328733700563942e-21
0.05682324879011444
0.01342224782018778
0.10163126395412267
38456359087554667e-23
0.06112901326058266
0.007693809456710868
0.00012014458278465195
0.1255384912631526
0.0002964322098501002
18549559457235935e-29
851487538676911e-19
3736157582111045e-21
0.00012471692519980173
0.016369104707955474
0.003905057214447558
0.00016355300980727892
0.0001521168070112495
3799874511682927e-24
0.000514499275072764
0.022990486236680267
13135133574127266e-24
0.0018061351158758152
0.0018010788383355139
44187508310528443e-21
0.10951707508759793
4337253046727475e-20
0.32214291641237125
0.0019109621638719481
0.1860790841730248
0.003303505162247508
0.0007009150173807114
0.0005693129666032414
44751362568548276e-21
0.3477068030081501
12102001011077976e-21
2156765925637797e-20
0.008307145952676183
0.006447532115654922
217159847951028e-22
8723066298629443e-20
0.0030563597843540694
0.1342546536610706
0.03034046603235652
0.00010011351387969198
0.02306749330796675
0.00035413014735816145
0
0.11410155866702307
0.012351780055204402
0.33418604646900063
0.31177119362807276
0.32400866478963825
0.052582675279669915
0.029797495475564366
0.3658266256078161
0.3302743568441017
0.3661865240908311
0.3070584486438116
0.21635729277287036
0.0007652498518237545
0.015758459126897655
0.1428653238819417
0.27629500475543256
0.1387031719265582
0.00029923947828853283
0.027084912021618154
0.25999965854465856
0.11577249809265878
0.16913955900161826
