1.0127528574193734
9.235423868034795
19.778775342027767
0
19.830600583428172
0.0001468821558461376
20.321167803467112
0
21.206470796567764
0
41.93348617033626
0
12.359715697461038
0
15.866482708541177
0
31.020749094917893
13.70192747722947
16.38622628929202
2.6297686636233046
8657394040857009e-33
12.52661629116762
2.3612163545583345
0.1102400485835356
0
0.15817651903480773
0.002605352846702855
0.03962420110550582
0.006944909698398027
0.37531971179089985
0.34753150795283855
0.02435688518901178
0.003371616779690154
0.06729304923797332
0.027136919363766856
0.008054916108985476
2852980568332619e-23
0.1601226679574285
0.1625535244529592
0.03299832939763467
0.02874376353723929
0
0.10861795474473651
0
4.3354366388590115
3.7297828930244363
4.156851976641507
0
5.326653313929058
0
2.836761352365242
0.15381755173248188
32.56310165478719
32.937091767757245
17.142911103703305
64.70627621153383
61.315562911796334
1.0759694310434393
0.05729598596618922
0.009397558575894499
16.584432056037194
34.27130666852041
0.0858015443589532
0.3957289705861521
1.5402113824849128
1.1560866369965703
27.422037236996157
0
27.160070920114514
0
14.756800937686892
0.008778992441199422
0.008780235416939708
11.993818406109158
5.124600992789913
1.2830595076187374
2.44269865548698
0
0.00030613501435664735
0.010936179052911325
0.07017777793517956
0.03081696957587953
0.007482794731453537
0.0002608957432552125
0.00018532349260613724
0.001255149867680543
1.970076465764517
0.4395162785792148
0.14677738858692208
0.18047223564774173
0.003852954959834142
0.06927137904145962
0.006407924879834996
0.0020569810518180544
0.07526863231245719
1.305654737896831
0.022443079586714397
10890562057178722e-21
0.02380096669443722
0.0012061686191164264
0
0.9241345932017084
0.5200147356887624
0.03750417434217572
0
0.4212658462323637
0.00010474860896876141
0.056013787791111616
0
0.0005560375211472796
0
0.12701472327570917
0.7521717322707087
0
0
0
0
0.01728452608255434
0.39508973759532207
0.003466886329575673
0.005505765775771004
0.3988005902666507
0.37057261405478026
0.1831035386237643
0.37866509403702686
0.048850640305390144
0.3465488046484337
0.0008182758162820705
0.3762178987393049
9625128741548848e-22
0.007940251178077192
0.3248570837700037
0.04591251506803745
5520281264076443e-25
0.0025911590610760006
0.09102176193397385
0.21973400927730236
0.019244828826749306
0.029099568439267455
0.18583502702134475
0.33620957963476933
0.2591979987657356
0.15607721520352846
0.2659091835444995
3397356716886387e-26
0.21503649150830678
0.21501312385823865
0.469759710948396
0.5660423589695851
0.0006779633700824461
0.6161439491269919
0.5123274602182185
11.479059496416289
2.0839205243318366
2.7813902305783937
0.10493524064753572
0.47958322057774266
2.587539339006502
4.1469054808851835
0.6394799516785806
5.170703021339494
7.303849940957028
5.1910304563865415
2.465521094097017
2.9763838545832644
0.5974382874274917
31.168678371703027
619.2278491478429
4.002120608445629
5216.693135816874
1.099986517949037
23.218555701209336
1.1726358160005568
45.13672395732752
1.3039616731686288
1.3969485482709432
1.0999855077402831
0.9285312275994849
1.0894023505721335
38.570933170381025
0
0.0008592262052133888
0.0008562558019334816
0
0.009192225012092181
0.008251945688644936
0.008285151325343739
0.007803413034340884
0.007356333027840349
0.009999973103283308
0.007484780515291097
0.010388901640708189
0.006458933945161265
0.008007609028941886
0.009781413721104578
0.017961048641329885
0.008467443741740452
0.00927505279381961
0.008848231227792028
0.009680712414583346
0.005411022621470869
0.012512685857079911
0.019619792810497198
0.013229871497684818
0.00816556982869048
0.0019011154888026328
0.007446988968830241
0.022957152572591188
0.0723829937307374
0.04168901740525989
0.11515807565343462
9119937478370874e-20
0.010114868536175924
0.22861395186498326
4806104095721747e-21
0.07425216855706092
0.010936434259114287
0.0012696374971857655
5486351739032301e-21
12044233640292494e-22
0.10302037801397805
0.0895431376438771
0.004144566218004479
0.040646933410865047
0.020284616266550575
0.005785378409308955
0.012116589934878283
0.0004828865812622634
0.34300500980056553
1569913000495594e-24
0.07914580972873642
0.0003419158304419172
0.009635139106110573
0.010924499117980546
0.00015706198024972257
0.00017087538472669404
0.35608056758505696
0.0003935086059360206
0.056951640616114324
0.24618041796829254
1317922856987014e-21
2586166025671237e-21
0.00014472657336889904
12571474833291407e-21
0.000594489074732701
1700307655286582e-20
14432276833026417e-23
10044040913248994e-22
19076991251513744e-21
0.07692428165976575
0.07774001922469673
4349989609416332e-20
0.00021268371405936613
0.019654708361847583
0.008165506401941455
0.0920211535678014
0.02023433254315863
2782887485558546e-20
0.1388946620421648
0.038774126889550245
5573478518054068e-22
0.28292374292430467
4458963588672451e-22
0.0037653374723531203
0.0009826019907909662
2299456595305109e-27
0.28946162873389664
0.354420684963636
0.018133192841950533
0.27658593497576184
0.3632177154569255
0.007408488136435374
0.19521601667266397
2233218459334516e-25
4630617901567591e-21
0.0006294371710494948
9120683828347101e-20
0.132795153780244
8645600647894012e-22
0.00011181495573870105
0.16497069088728208
0.0009292072387049723
0.011864161260699484
12200749256661587e-21
0.13992561704768128
0.09774649549494667
0.021289669945650076
3146910893554123e-20
0.0001534503021838599
12006679632135534e-23
0.013696264948764508
0.16624575296288313
8333314520122618e-24
1110330405873526e-20
9106338698983149e-21
9650263959806791e-20
10586408632368543e-21
0.3139235634343569
0.1649280997932102
0.005156949131332251
0.0015484899116439339
0.0420035963511881
0.0058857128509826094
6760423474934443e-20
0.02847957767130969
8323714888872377e-20
0.0007209959903892441
0.08168178041173521
9970379288569933e-22
0.3611013242274212
0.36159019441066137
0.0018283284105116147
0.0005371008626153023
5829910095818294e-24
0.0010308554725571516
10390421301675528e-24
0.010286695147627234
0.0293902722410382
0.0009039556150591229
0.0003376401750335524
0.0001545508903894007
26181813270275683e-22
0.006126172624831062
0.030714220174968915
0.021507951809451926
11257175951410307e-24
0.3632323834927286
0.06786372035508241
0
0
8177955686501041e-20
6661758114889278e-20
10336382451987538e-22
7596604574946528e-22
0.000193485485736078
0.009760705267112597
0.005392777874001424
1520423368072192e-23
0.0001314997626028705
7328733250049454e-21
0.05679447976868037
0.013420715997021269
0.1015341680601167
3845635896350827e-22
0.061095555721136376
0.00769330907822523
0.00012014446169465253
0.1253856303103456
0.000296431472578884
18549559457235894e-29
8514869304841052e-20
3736157465026469e-21
0.00012471679471718228
0.016366819489909784
0.003904928802501907
0.00016355278540057245
0.00015211661289218803
37998745115618176e-25
0.00051449705360084
0.022985947141558764
13135133572680115e-24
0.0018061077042922618
0.0018010515801530063
4418749193233801e-20
0.10940318286818727
4337251468767227e-20
0.320599757538642
0.0019109314748156998
0.18571140473397188
0.0033034133210790326
0.0007009108937183703
0.0005693102464255131
4475134576969403e-20
0.3456480028330195
12101999782600148e-21
2156765535459515e-20
0.008306562251952202
0.006447181158867837
2171598479114726e-23
8723059915642784e-20
0.003056281190546141
0.13407772516940172
0.030332499081097194
0.00010011342980281009
0.02306292338520843
0.00035412909508771175
0
0.11397719121464932
0.012350484249611516
0.33243081730690527
0.31038322841055144
0.3224351866697728
0.052558157273796806
0.029789815566939673
0.36293263248875723
0.32859258263857977
0.3632093392905447
0.3057345786478509
0.2158328971549615
0.0007652449361068811
0.015756342564076452
0.1426625257811469
0.27531822871837813
0.13851314398440936
0.00029923872698489173
0.027078584973111268
0.25916936071205937
0.1156441799914795
0.16884394404196568
