1.0143130202508466
7.854409572611468
18.689544750657287
0
18.740364225795883
0.00013854273441005134
19.24559799642593
0
20.16333783424184
0
39.81627764833826
0
12.07595499932583
0
15.72525997473602
0
30.98133708203315
13.823880190244846
15.760693495988514
2.7034673226929407
4834081498473885e-33
12.769611166047532
2.3649040511078088
0.10456867362731749
0
0.15687447550069655
0.0026059865140535023
0.039128921156284246
0.006944784481617731
0.37047548475925784
0.343192347886078
0.022927992262499676
0.003121390285598306
0.0663936495293514
0.02553291735751531
0.0076490392875869255
2587819412951073e-23
0.1592979560208664
0.16201054039649432
0.034195966036518644
0.029584999465946536
0
0.10814019733957987
0
4.353681120167474
3.71529229475505
4.158662057411638
0
5.325923832497924
0
2.9165935812310164
0.15776791955102132
32.56188412659026
32.93689011474512
17.127975657092076
63.020064131643636
61.309368723626626
1.102677952852029
0.05989754350943873
0.009431852451433933
16.484380815766684
34.3049836061953
0.08517270632922617
0.39914931423286015
1.5833648444459254
1.1622626172571116
27.632559218528623
0
27.355352580807
0
14.765466585067832
0.008822210664663955
0.008823667479045241
11.876877349686412
5.201947176800124
1.2828182714929943
2.4419194122615506
0
0.00030886134962266807
0.011227709022611004
0.07027778906103507
0.03080912089908022
0.00755670855124377
0.00025705450532510077
0.00018258376288313562
0.0012592168144920609
1.973095739695931
0.43962036217153894
0.14775515496841715
0.18006826762897235
0.00393637712929633
0.06958804917210132
0.006463794194979411
0.0020110210744238026
0.07514491905418165
1.3234744405574028
0.022442969541389732
10551535676566497e-21
0.023581423586644813
0.0012023776856718777
0
0.9235953276853448
0.5202477185933726
0.037846714910166786
0
0.421032556016405
0.00010710533587656504
0.0569793973409822
0
0.0005375663388548594
0
0.1270040454034008
0.7515150592403737
0
0
0
0
0.016648369175820896
0.39501135216272026
0.0033942736475734915
0.005437204427405553
0.3986917740548031
0.3703226507827868
0.18305679298487784
0.3883705335335388
0.048663661641465634
0.3493913341152877
0.0008178214287677834
0.37602804250575816
9624423208810996e-22
0.007900233761515017
0.32577074280541274
0.0453751291878793
530679944415391e-24
0.0026078711423588646
0.09060411832589522
0.21966619276491747
0.019301722102231196
0.02917519009625716
0.1851451935120954
0.3352590645668809
0.2591134037094212
0.15639969037145118
0.26622863865522167
3268843488949608e-26
0.215140550888246
0.21512124873153884
0.46963219001966305
0.5659524400045136
0.000667098340374954
0.6177031983011932
0.513346801330393
11.49930819804599
2.084200284227077
2.781981423963891
0.10490361950342676
0.4803225655410794
2.588138620936486
4.148356453078901
0.6393550771323898
5.175009650892828
7.311280182251627
5.194684372326914
2.465733708345983
2.9788574074838325
0.5983944796414565
31.20538058244324
619.2272988221861
4.002120329007369
5210.93386345351
1.0999864971798379
23.218554919909845
1.1726204897402714
45.13626695120481
1.3039700862980885
1.3969483621229202
1.0999854869662145
0.928318032514959
1.0893491369380965
40.31598600598262
0
0.0008602222221869812
0.000856269861221766
0
0.00919068839901255
0.008263634251348144
0.008293850871252742
0.007804091537169557
0.0073632640069025874
0.010009379901495799
0.007487774549096508
0.01040878043634916
0.00646027460125031
0.008016723343766857
0.009795965987285325
0.017993191352442883
0.008475446350323842
0.009289452650152014
0.008857537602991319
0.009696180705625414
0.0054253486253163
0.0125318974286541
0.019645081104540177
0.01324974756432805
0.0081777140129099
0.0019011098391197676
0.007446901786349219
0.022956310521157194
0.07237414497076279
0.041686183652880404
0.11513443911076991
9119936180612815e-20
0.010114707255591132
0.22850187720822487
48061040596839385e-22
0.07424283610275417
0.010936245554700432
0.0012696349789979105
54863516920710536e-22
12044233617660193e-22
0.1030017601786565
0.08952931032898424
0.00414453930530265
0.040644242656863706
0.02028396071402887
0.005785325881275918
0.012116358023266622
0.000482886217286445
0.34263613931021636
1569913000491749e-24
0.07913514401292548
0.00034191564798569986
0.009634992833696218
0.010924310827541294
0.00015706194175678075
0.00017087533916456082
0.3556346430583518
0.0003935083642500671
0.0569462604542113
0.2460454843391949
13179228542771316e-22
2586166015236443e-21
0.0001447265406852828
12571474586717048e-21
0.0005944885230122091
17003076101807788e-21
14432276829776744e-23
10044040897509627e-22
19076990683710236e-21
0.07691423326794299
0.07772974649673213
4349989314182934e-20
0.00021268364347120112
0.019654093300360706
0.00816540150690988
0.09200650514029998
0.020233680271339406
27828873647289134e-21
0.13885913058853228
0.0387716834220904
5573478513207628e-22
0.28272817595894456
44589635855704795e-23
0.0037653152679588187
0.0009826004829432417
22994565953051014e-28
0.2892529242544215
0.35398727880865644
0.018132670158868942
0.2764023255225018
0.362651478503318
0.007408401856501706
0.19513929161807597
22332184593337373e-26
4630617868113453e-21
0.0006294365525326803
9120682530376613e-20
0.13276295444206168
8645600636232346e-22
0.00011181493623042615
0.16491857220221745
0.0009292058903511765
0.011863938969614952
1220074902441556e-20
0.13988950277522774
0.09772984781587823
0.021288947054350565
3146910739045526e-20
0.00015345026544100697
120066796298864e-21
0.013695968138490484
0.1661927196915956
8333314520014274e-24
11103303866390983e-21
9106338569604822e-21
9650262506722764e-20
10586408457516028e-21
0.3136565641350571
0.1648760114832421
0.005156907421926522
0.001548486164776654
0.04200071866952724
0.0058856584796017925
6760422761839357e-20
0.028478274111064055
8323713807834515e-20
0.0007209951787692608
0.08167038521261084
997037927306058e-21
0.36060376066523747
0.3610850912472676
0.0018283231855467457
0.0005371004122988562
5829910095765267e-24
0.0010308538128975695
10390421301507091e-24
0.010286528311362666
0.029388882619295276
0.0009039543390264687
0.0003376399971128017
0.00015455085311755622
2618181316332821e-21
0.006126113705519063
0.03071270036856363
0.021507213848205968
11257175951212594e-24
0.3626682209088719
0.06785598354272548
0
0
8177954642994015e-20
6661757422457603e-20
10336382435318616e-22
7596604565943069e-22
0.00019348542731739476
0.00976055513792173
0.00539273225160038
1520423368036126e-23
0.00013149973562065132
7328733166251971e-21
0.056789130223070965
0.013420431091103139
0.10151611807211992
38456358940435145e-23
0.06108933450587708
0.007693216009426295
0.0001201444391714445
0.12535721810219855
0.00029643133544370764
18549559457235884e-29
8514868173578723e-20
37361574432482728e-22
0.00012471677044691116
0.016366394465454695
0.0039049049178350426
0.0001635527436600665
0.00015211657678529785
3799874511539289e-24
0.0005144966403992845
0.022985102950666185
13135133572410937e-24
0.0018061026056745836
0.0018010465100681482
44187488885930114e-21
0.10938201153033307
43372511752604076e-21
0.3203135402757002
0.0019109257665835392
0.18564309507342217
0.003303396238538045
0.0007009101267034496
0.0005693097404630701
4475134264504102e-20
0.3452664045794246
121019995540984e-19
21567654628848106e-21
0.008306453685819894
0.0064471158816167325
21715984790411507e-24
8723058728382395e-20
0.003056266572008195
0.13404484149388743
0.03033101742724152
0.00010011341416418345
0.023062073461265604
0.00035412889936156785
0
0.11395407333031547
0.0123502432396122
0.3321053560061442
0.31012574373751733
0.3221433574304465
0.05255359808832132
0.029788387291733852
0.3623968689112891
0.3282807118358018
0.36265824684253084
0.30548896387685065
0.21573549776918755
0.0007652440217674742
0.015755948906331033
0.14262483629264322
0.2751369257427585
0.13847782675824355
0.00029923858723963437
0.027077408279959202
0.25901521473128125
0.11562032800633906
0.16878901549909753
