1.0155611505160251
6.823682397245776
17.795737514822036
0
17.845367004232834
0.0001317145370273806
18.358030018357667
0
19.294355062140117
0
38.0608982835904
0
11.854855414399228
0
15.608540503048795
0
30.95008569701279
13.928178197679003
15.240372046153317
2.7660545986812637
292108909299324e-32
12.973143148861347
2.36767263940621
0.09988703139685585
0
0.1557500885888531
0.0026060012132322614
0.03873119311811143
0.006944683594181393
0.36658542029386515
0.3397077546497247
0.021772532808156612
0.0029230886401124833
0.06567194908063563
0.024237274866364972
0.007316319872223926
23817739414646842e-24
0.1585772799111919
0.16153178342397537
0.03522452824509437
0.030308365688281914
0
0.10777799939372629
0
4.368656299322003
3.7046778848935387
4.160401198249891
0
5.325381147577554
0
2.984378955612887
0.16112510960990933
32.560887451779465
32.93670172884628
17.11485746291737
61.70158354347934
61.303536332036806
1.1252537982825574
0.0618209805967177
0.0094637135584511
16.39163847062976
34.331916996511296
0.08467864817053745
0.4019602395940438
1.6199697702133973
1.1674784720324454
27.80941102746946
0
27.52002301242999
0
14.771897833344752
0.008854159027443326
0.008855823850579234
11.769890810808024
5.266092657053745
1.282615607836474
2.441296169009507
0
0.00031111309481751274
0.011476253774129582
0.07035286444403036
0.030802590538246306
0.007618478498346127
0.0002539250129776421
0.00018035823547306597
0.0012626301783379972
1.975396754912869
0.43970798630798097
0.1485624754013629
0.1797288152353446
0.00400607818614508
0.06984749348964049
0.006510258142694986
0.0019735140105975025
0.07503158577174193
1.3382099227469795
0.022440095752305947
10277983196445098e-21
0.02339446623148304
0.001199176365684238
0
0.9231638285405843
0.5204333975451213
0.038133054050857394
0
0.4208572543390106
0.00010916268410497667
0.05778370575842424
0
0.0005234375831717034
0
0.12699550109992438
0.7509900535317219
0
0
0
0
0.01611499880657383
0.39495083382100965
0.00333478127820343
0.005382241694231909
0.3986046857910002
0.37011060567139326
0.18301629101355207
0.3965666478787943
0.04847420125691911
0.35180171035507685
0.0008174887438367875
0.37589078672164355
9623858303466556e-22
0.007861070732848155
0.3265458148200138
0.04494001789885885
5141715159232343e-25
0.00262367279575805
0.09027079655995558
0.21961185174448186
0.01934561358823737
0.029234044528099818
0.1845937222426297
0.33449880551496386
0.2590456208099288
0.15664922942462814
0.2664658653634978
3169240282717856e-26
0.21520642438069076
0.21519118018456557
0.4695302947903373
0.5658804607511033
0.0006581984464158129
0.618857360223301
0.5141376474499615
11.514693347967834
2.0844259266923815
2.782461001758331
0.10487914193057485
0.480884111291891
2.58862211031268
4.149533850259496
0.6392588421660877
5.178085263695728
7.316552374107311
5.197269339086069
2.4659057421004236
2.9805502410477063
0.5991285044946627
31.232866480160112
619.2268585620128
4.0021201054567745
5206.33102386458
1.099986480564479
23.21855429487027
1.172608228876269
45.1359013496382
1.3039768760535442
1.396948213197329
1.0999854703469585
0.9281474798225692
1.0893065678945484
41.67446684790518
0
0.0008609773996323808
0.0008562839016933951
0
0.009189507596351771
0.008272113742748735
0.008299935304538169
0.007803821027039423
0.007368051351654201
0.010016160872592519
0.007489385203929079
0.010423613204350868
0.0064606525479879665
0.008023173204922582
0.009806587386219872
0.01801702972038719
0.00848095202522102
0.00930001608979484
0.008864056748644867
0.00970756286237749
0.005436422484529485
0.012545971996063412
0.019663269039049535
0.013264286854769535
0.00818657144516417
0.0019011053193855642
0.007446832041099271
0.022955636902247847
0.07236706674165194
0.04168391678966409
0.1151155333697456
91199351424065e-18
0.010114578232974857
0.22841225704304713
48061040308536915e-22
0.07423537098384587
0.01093609459351369
0.0012696329644512224
5486351654502055e-21
1204423359955435e-21
0.10298686833295041
0.08951825001444691
0.004144517775267013
0.04064209018191182
0.020283436287265436
0.005785283859192875
0.012116172497173226
0.0004828859261059877
0.3423413285526623
15699130004886732e-25
0.07912661247515315
0.00034191550202079606
0.009634875817363555
0.010924160197526511
0.00015706191096243405
0.00017087530271486296
0.3552783055454503
0.00039350817090141123
0.05694195669063714
0.24593759068783613
13179228521092255e-22
2586166006888608e-21
0.00014472651453839512
12571474389457562e-21
0.0005944880816361843
1700307574096137e-20
14432276827177004e-23
10044040884918132e-22
1907699022946744e-20
0.07690619549955906
0.07772152929174002
43499890779962296e-21
0.000212683587000686
0.019653601265029307
0.008165317591854813
0.09199478807722443
0.02023315846902319
27828872680652113e-21
0.1388307119701839
0.03876972875899032
5573478509330476e-22
0.2825718197227948
4458963583088902e-22
0.003765297504537655
0.0009825992766667282
22994565953050953e-28
0.2890860690200929
0.3536409355115926
0.01813225202325133
0.27625552572294293
0.362199124574325
0.007408332833278244
0.19507793328655615
22332184593331146e-26
4630617841350142e-21
0.0006294360577196664
9120681492000356e-20
0.13273720059300242
8645600626903013e-22
0.00011181492062380867
0.16487688910971696
0.0009292048116695487
0.011863761139746075
1220074883861874e-20
0.13986061806846947
0.09771653171409639
0.021288368758983964
3146910615438654e-20
0.00015345023604673098
12006679628087092e-23
0.013695730694902415
0.16615030525570768
8333314519927598e-24
11103303712515561e-21
9106338466102163e-21
96502613442557e-18
10586408317634016e-21
0.31344312820905706
0.16483435268006177
0.00515687405464483
0.0015484831672893575
0.04199841666614794
0.005885614982858778
6760422191363344e-20
0.028477231305827376
8323712943004328e-20
0.0007209945294739319
0.08166127019791514
99703792606531e-20
0.3602062034897247
0.3606815167782886
0.0018283190055856013
0.000537100052045971
5829910095722846e-24
0.0010308524851718277
1039042130137234e-23
0.010286394844299232
0.02938777096920772
0.0009039533182016422
0.00033763985477626863
0.0001545508233000871
26181813077770234e-22
0.006126066570477463
0.030711484577585973
0.021506623497439828
11257175951054425e-24
0.36221752180128536
0.0678497947279109
0
0
817795380818849e-19
6661756868512314e-20
10336382421983478e-22
7596604558740302e-22
0.00019348538058246083
0.009760435036231615
0.005392695753957438
1520423368007273e-23
0.00013149971403487998
7328733099213985e-21
0.056784850949379774
0.013420203170723358
0.10150168039208042
3845635892197665e-22
0.061084357989786654
0.007693141555197788
0.0001201444211528811
0.12533449297123087
0.0002964312257356123
18549559457235876e-29
8514867268568967e-20
37361574258257156e-22
0.00012471675103069765
0.01636605445383751
0.003904885810206737
0.00016355271026766935
0.00015211654789979185
37998745115212675e-25
0.0005144963098382792
0.02298442762027511
13135133572195594e-24
0.0018060985267908042
0.001801042454010538
4418748644880395e-20
0.10936507740993243
4337250940454966e-20
0.3200847504522076
0.0019109212000100874
0.18558846543624286
0.0033033825725688575
0.0007009095130921175
0.0005693093356934397
4475134014531878e-20
0.3449614293259731
12101999371297003e-21
21567654048250487e-21
0.008306366833935694
0.006447063660291718
21715984789822905e-24
87230577785742e-18
0.003056254877228182
0.134018540360367
0.030329832156266768
0.0001001134016532839
0.023061393544663043
0.0003541287427807306
0
0.11393558239895842
0.012350050434998996
0.33184521639980336
0.3099199098007558
0.3219100842229447
0.05254995102469465
0.029787244720874073
0.36196882755177767
0.3280314283270533
0.36221797498374414
0.3052926141358677
0.2156576099081377
0.0007652432902967354
0.015755633987216036
0.1425946918710407
0.274991969328212
0.13844957946099826
0.00029923847544347545
0.027076466962253343
0.2588919639598111
0.11560124996035062
0.16874508553107076
