1.0158731830823198
6.577991380067205
17.570067754961215
0
17.619586816732724
0.00012999246793113243
18.133191605544905
0
19.07304905749893
0
37.61259332900787
0
11.800694854491205
0
15.57886306806228
0
30.942317877955148
13.955189235878708
15.10794879472118
2.782204437408575
2562059707170656e-33
13.025242611663051
2.3683361242801273
0.09870123928514943
0
0.15545737730324652
0.002605932063859168
0.03863154513603393
0.006944658273018749
0.36561082136797873
0.33883470188432735
0.021481498886754272
0.002874007910179766
0.06549121387193148
0.023911127994364106
0.007232194127213968
2331225172073093e-23
0.15838831998958447
0.16140560740464216
0.03549170232750038
0.030496552501788985
0
0.10769032732673656
0
4.372439985512342
3.7022046776046738
4.1608821667989595
0
5.325251737204469
0
3.0018668552183234
0.1619915733148858
32.56063462893581
32.936650267257825
17.111395171420337
61.37829004991707
61.30194881657074
1.1310624045901894
0.06227471259044725
0.009472387399627281
16.366433401126166
34.33863159012863
0.08455637643209052
0.4026713693679021
1.629408126341035
1.168822209709666
27.854787958929485
0
27.562376996185996
0
14.773429189151589
0.00886166073531324
0.008863386374272569
11.741032648581061
5.282419559966459
1.2825636071721003
2.4411403791482944
0
0.00031168533890079075
0.01154053152893289
0.07037084548069755
0.03080091775871051
0.00763428757329524
0.0002531360337757602
0.00017979807852924588
0.001263506484721953
1.9759537194326209
0.43973050409849773
0.1487665631437442
0.17964158486376364
0.004023898394682852
0.06991303718798558
0.0065221047272879685
0.0019640313989534386
0.0750011062127775
1.341952207849637
0.022438950214385144
10209260115360278e-21
0.023345933850301804
0.0011983515868406172
0
0.923055943966389
0.5204794107623707
0.03820634221892309
0
0.4208150341981554
0.00010970322900483046
0.05798892294388144
0
0.0005200110020882854
0
0.12699336477253345
0.7508588496331002
0
0
0
0
0.015978386571010767
0.39493598321882906
0.0033197074813019287
0.005368481208883196
0.39858290888920106
0.3700556814581726
0.18300571190507128
0.39867457105270804
0.048420393522138075
0.3524241138067485
0.0008174100094408856
0.375858580347033
9623717013269384e-22
0.00785013034097693
0.32674594679576163
0.04483047213640936
5101215545137122e-25
0.002628015351507871
0.09018757530761375
0.21959825432278457
0.019356322110280072
0.029248490215154528
0.18445590629734002
0.33430875314759156
0.2590286606098387
0.15671026179537706
0.26652224785682643
3144771885752134e-26
0.21522013468560608
0.21520600124889464
0.46950483834219925
0.5658624598269598
0.0006559464878059828
0.6191292209716809
0.5143314036136045
11.518409371301159
2.0844825576992734
2.782581683476913
0.10487312692197692
0.4810197154790344
2.588743472672921
4.14983018211779
0.6392352502546087
5.1787970625071695
7.317766588768848
5.197862524580496
2.4659490036429883
2.9809296261873253
0.59930707347873
31.23944414208796
619.2267484970184
4.002120049569128
5205.180949374464
1.0999864764106393
23.21855413861038
1.1726051636802994
45.13580994970926
1.3039785820699228
1.3969481759649385
1.0999854661921442
0.9281048421330146
1.089295925892513
42.007733627051074
0
0.0008611593734817371
0.0008562877819045041
0
0.009189218704132985
0.008274096818180513
0.008301319114416233
0.007803626343343728
0.00736912953301017
0.010017740510768603
0.007489665041522849
0.010427152551285047
0.006460638591796407
0.008024653563400796
0.009809082472391543
0.018022694247170925
0.008482187901522002
0.00930250670035284
0.008865541368632707
0.009710252489180341
0.0054391275885596726
0.012549287372971972
0.019667494650939126
0.013267707911093487
0.008188651024952625
0.0019011041894536923
0.0074468146048888495
0.022955468500609026
0.07236529729254164
0.04168335009312126
0.11511080741957694
911993488285494e-19
0.010114545977577945
0.228389857494433
480610402364613e-20
0.0742335048214058
0.010936056853542606
0.0012696324608150499
54863516451098055e-22
1204423359502789e-21
0.10298314570794881
0.08951548514931518
0.00414451239277558
0.040641552080985445
0.02028330518269313
0.005785273353719807
0.01211612611609375
0.00048288585331090084
0.3422676655063142
15699130004879041e-25
0.07912447973442999
0.0003419154655295799
0.009634846563502445
0.010924122540347343
0.00015706190326384833
0.00017087529360243972
0.35518927696898245
0.0003935081225642621
0.05694088080056655
0.24591062466839342
13179228515672492e-22
25861660048016487e-22
0.00014472650800167395
12571474340142692e-21
0.0005944879712922293
17003075650749767e-21
1443227682652707e-22
1004404088177026e-21
1907699011590674e-20
0.07690418618871196
0.07771947512622719
4349989018949556e-20
0.00021268357288305956
0.019653478258121155
0.008165296613225796
0.0919918590446149
0.02023302802054675
2782887243899286e-20
0.13882360822440812
0.038769240108612955
5573478508361189e-22
0.28253274417643465
44589635824685077e-23
0.0037652930636954576
0.0009825989750978311
22994565953050937e-28
0.2890443702527833
0.35355440264784244
0.018132147490853515
0.2762188379569702
0.3620861242827767
0.007408315577572861
0.19506259671846246
2233218459332959e-25
4630617834659315e-21
0.0006294359340164737
912068123240631e-19
0.13273076291137342
8645600624570679e-22
0.00011181491672215465
0.16486646998284935
0.0009292045419993373
0.011863716682695341
12200748792169537e-21
0.13985339782373127
0.09771320297215665
0.021288224187596842
3146910584536936e-20
0.00015345022869816285
12006679627637265e-23
0.013695671334648604
0.16613970333820113
833331451990593e-23
11103303674046706e-21
91063384402265e-19
9650261053638956e-20
10586408282663513e-21
0.3133897919248774
0.16482393962403064
0.005156865712858141
0.0015484824179184402
0.041997841185017405
0.005885604108723251
6760422048744347e-20
0.028476970610484664
8323712726796795e-20
0.0007209943671501911
0.08165899160319917
9970379257551229e-22
0.3601068826987073
0.3605806936594387
0.0018283179605968086
0.0005370999619827876
5829910095712242e-24
0.0010308521532406596
10390421301338652e-24
0.010286361477803957
0.029387493063256016
0.0009039530629956158
0.0003376398191921447
0.00015455081584572075
26181813056380738e-22
0.00612605478677373
0.030711180637361668
0.021506475912280266
11257175951014883e-24
0.3621049345668798
0.06784824761240485
0
0
8177953599487121e-20
6661756730026e-17
10336382418649694e-22
7596604556939611e-22
0.00019348536889872913
0.009760405011039997
0.005392686629585298
152042336800006e-22
0.00013149970863843768
7328733082454488e-21
0.05678378118134219
0.013420146191233225
0.10149807129291555
38456358917362025e-23
0.06108311392410934
0.007693122941753249
0.00012014441664824067
0.12532881233221807
0.0002964311983085948
18549559457235874e-29
8514867042316543e-20
37361574214700765e-22
0.00012471674617664475
0.016365969452036926
0.00390488103331427
0.00016355270191957115
0.00015211654067841623
3799874511516762e-24
0.000514496227198061
0.022984258790777683
13135133572141757e-24
0.0018060975070712988
0.0018010414399975627
4418748583952243e-20
0.10936084428948532
4337250881753608e-20
0.3200275785348531
0.0019109200583684296
0.18557481053900687
0.003303379156085394
0.0007009093596893683
0.0005693092345010769
44751339520388237e-21
0.34488522761345747
12101999325596655e-21
21567653903101085e-21
0.008306345121106538
0.006447050605026557
21715984789675756e-24
8723057541122166e-20
0.003056251953540171
0.13401196588336767
0.03032953584576031
0.00010011339852555926
0.02306122356864451
0.00035412870363553205
0
0.1139309601349599
0.012350002234316003
0.33178021334328545
0.30986847266609174
0.3218517923195666
0.05254903929833482
0.029786959085006805
0.3618618962315944
0.32796913703300307
0.36210799055937665
0.30524354642280416
0.21563814233704842
0.00076524310742916
0.015755555258420793
0.142587156761187
0.27495574215904806
0.138442518537046
0.0002992384474944423
0.027076231637940037
0.2588611604318011
0.11559648094074751
0.1687341048256581
