1.0187310120841477
4.580155122327879
15.48738094606912
0
15.533392531407747
0.00011414382141188531
16.04483472446219
0
16.99373380671355
0
33.43607735089502
0
11.332185117128816
0
15.298577763929147
0
30.872191356046443
14.219728599296412
13.864945871177852
2.939229333432507
701653629311096e-33
13.52308040056423
2.3738104274892966
0.08768983336705131
0
0.1525604613405663
0.0026038262682830213
0.03771480107154781
0.006944424534638706
0.356645864133291
0.33080253801512516
0.018837083592524076
0.0024375373544000146
0.06383014246624695
0.020951132148705132
0.006449188887084411
18945779137181385e-24
0.15648649052026448
0.16012081556919558
0.03812871786248508
0.03236524269117245
0
0.10694330944091125
0
4.407481445425524
3.684006685964436
4.166335858463063
0
5.324201844512376
0
3.1718332475181468
0.17041215631971088
32.55823359462601
32.936076835202606
17.07562490228569
58.58212393692454
61.2839432305
1.1871678403694164
0.06577942302438528
0.009568109986147377
16.08936799013029
34.39928870117379
0.08345925353814539
0.4092683806781133
1.7210289959863778
1.1819066378932828
28.291400654614133
0
27.97230879086955
0
14.785907033136553
0.0089170702517159
0.008919509472277496
11.429347637275713
5.436545755783887
1.2820632566774834
2.4397139272714576
0
0.0003170825228794791
0.012168509224617652
0.07051879008986145
0.03078475478330004
0.0077857775056165745
0.0002458254927110341
0.00017462547892768308
0.001271976877930393
1.9806660330721015
0.43994817458241126
0.15064154351416945
0.17879594120203413
0.0041938167366983095
0.0705211570118452
0.006634399166444825
0.0018751645050996977
0.07467872231261405
1.377048279079158
0.022419662376299082
9573691901053612e-21
0.022862288125582227
0.0011903172377197829
0
0.9220677390322946
0.5208846325879394
0.038908487690166686
0
0.4204588433487027
0.00011522224733868721
0.05993585310618585
0
0.000490917479918597
0
0.12697379481421084
0.749658104582695
0
0
0
0
0.014671193384309014
0.39480440886921286
0.0031778185530843203
0.005241977427369181
0.39838337111495487
0.36951239408717607
0.18289980133009665
0.41902313865763874
0.047776984456058005
0.35851510782066026
0.0008167758463142711
0.3756049510561862
9622421858041444e-22
0.007723251438032695
0.32870294868569216
0.04381217095987998
4744145101984607e-25
0.0026769557895452976
0.08942737827189273
0.21947349326822688
0.019448677698488306
0.02937498376891275
0.183194567191926
0.3325681401094792
0.25887306710952224
0.15724041475311593
0.2669766058786004
29284204021224063e-27
0.2152874614600142
0.21528485059804864
0.4692720175691943
0.5656974804231729
0.0006348873714942259
0.6212105367161171
0.5160214552263299
11.549669322640785
2.0850043145916146
2.7836977324685575
0.10481969835125891
0.48216002364573807
2.5898619248235395
4.152571525051706
0.639026604780765
5.184144859620356
7.326756479893299
5.202188523039347
2.4663486621411117
2.9835146227531375
0.6008376912306758
31.2935795592678
619.2257404399015
4.00211953770805
5194.659513453187
1.0999864383666509
23.218552707464777
1.1725770906822317
45.134972849004924
1.3039943749056255
1.3969478349442495
1.0999854281392332
0.9277143434777647
1.0891984632485483
44.91788081084146
0
0.0008626775009128183
0.0008563296444124489
0
0.009186677127112143
0.008289401529848478
0.008311127670862908
0.007799204087933271
0.007376531693142021
0.010029820799172915
0.007489670882452324
0.010456023493325315
0.006458257994445243
0.008035453019203468
0.009828585031520606
0.018068397799952757
0.008490575776958411
0.00932217697484983
0.00887611100483337
0.009731626928891257
0.00546253202217961
0.012575405590205058
0.019699468686037683
0.013294574589315001
0.008204880022739766
0.00190109384071874
0.007446654912854781
0.02295392620917266
0.07234909335891239
0.041678160218220316
0.11506753263723668
911993250568682e-19
0.010114250563170673
0.2281848077379253
4806103957633858e-21
0.07421641528401281
0.010935711208552247
0.0012696278481453616
548635155908852e-20
12044233553571154e-22
0.1029490573666706
0.08949016640661579
0.00414446309619467
0.040636624079280974
0.020282104467804103
0.0057851771375810514
0.012115701331532405
0.00048288518659923797
0.3415937408477804
15699130004808605e-25
0.07910494916434925
0.0003419151313157486
0.009634578638765103
0.010923777653607688
0.0001570618327544257
0.00017087521014403444
0.3543749234329267
0.00039350767985655975
0.05693102793549152
0.24566378708164768
13179228466034201e-22
2586165985687711e-21
0.00014472644813347718
12571473888480017e-21
0.0005944869606802241
1700307482452406e-20
1443227682057448e-22
10044040852939668e-22
1907698907583247e-20
0.07688578585027386
0.07770066405848239
4349988478155729e-20
0.00021268344358325877
0.01965235170412553
0.008165104477665249
0.09196503709834764
0.020231833314380696
27828870225695735e-21
0.13875856368339445
0.03876476496732501
5573478499483719e-22
0.28217511220801916
4458963576786468e-22
0.003765252391365178
0.0009825962131072908
22994565953050788e-28
0.28866274127145025
0.352762853945735
0.018131190132543037
0.275883050373831
0.36105282126057847
0.007408157538710291
0.1949221889685287
22332184593315326e-26
4630617773379683e-21
0.0006294348010506969
9120678854849073e-20
0.13267181630256436
8645600603209413e-22
0.00011181488098787792
0.16477107440501623
0.0009292020721602947
0.011863309519327183
12200748366752789e-21
0.13978728672802648
0.0976827211237831
0.02128690013973754
3146910301515774e-20
0.00015345016139446367
12006679623517408e-23
0.013695127680752857
0.1660426344670739
8333314519707467e-24
11103303321719999e-21
9106338203237694e-21
9650258391952572e-20
10586407962377349e-21
0.31290172012593626
0.164728599619703
0.005156789313127382
0.0015484755546326552
0.041992570862682745
0.00588550451614351
6760420742532422e-20
0.028474583077421185
8323710746605803e-20
0.0007209928804689472
0.08163812547602287
9970379229141962e-22
0.3591985012338726
0.3596585898077218
0.0018283083898310252
0.000537099137117096
5829910095615112e-24
0.0010308491131702626
1039042130103012e-23
0.010286055887371746
0.029384947913720365
0.000903950725630171
0.0003376394932861406
0.00015455074757304187
26181812860479652e-22
0.006125946863803842
0.030708397064046013
0.02150512426346654
11257175950652722e-24
0.3610754025973214
0.06783407960564893
0
0
8177951688043223e-20
6661755461664271e-20
10336382388116388e-22
759660454044752e-21
0.0001934852618903566
0.009760130022042318
0.005392603062438663
1520423367933996e-23
0.0001314996592137695
7328732928958413e-21
0.05677398437830698
0.013419624341448043
0.10146502241681306
3845635887509783e-22
0.061071721013290434
0.0076929524679192635
0.00012014437539136241
0.12527679674241562
0.0002964309471114517
18549559457235866e-29
8514864970126904e-20
3736157381577855e-21
0.00012471670171958506
0.016365190962133288
0.0039048372832109785
0.00016355262546142676
0.000152116474539641
37998745114754955e-25
0.0005144954703173856
0.022982712580910343
13135133571648693e-24
0.0018060881677396585
0.0018010321529303944
4418748025926427e-20
0.10932208180917018
4337250344122442e-20
0.31950442993001626
0.0019109096023869356
0.18544979544568438
0.003303347865523803
0.0007009079547131402
0.0005693083077061235
4475133379680458e-20
0.3441880976082141
12101998907038489e-21
215676525737137e-19
0.008306146261321711
0.006446931036315849
2171598478832804e-23
8723055366358102e-20
0.003056225176335823
0.1339517668785586
0.03032682214587749
0.00010011336987950835
0.023059666858665312
0.0003541283451145543
0
0.11388863468633068
0.012349560784948494
0.33118545848118414
0.30939776965508736
0.32131840202363876
0.052540689758227524
0.029784343144252334
0.36088400712429325
0.3273991764955575
0.36110222277078374
0.30479451410814684
0.2154599254077228
0.0007652414325923549
0.015754834219182706
0.14251816307687365
0.2746241684303046
0.1383778660332783
0.00029923819151629003
0.02707407645597428
0.2585792089937235
0.11555281182274867
0.16863356849935293
