1.0210377250608988
3.316827091297563
13.826956104645403
0
13.869068313236202
0.00010156966590014918
14.363027736936555
0
15.288615887110877
0
30.035877865776172
0
10.998245982540928
0
15.062764117260464
0
30.817231834960445
14.454815897668123
12.84364239952012
3.077117644549676
21955782544105025e-35
13.947535949667154
2.3773765106759575
0.07882677148260744
0
0.1499443649518788
0.0026000047553084537
0.03696957142506101
0.006944233562294882
0.34936093026239384
0.32427281195999924
0.016764365257337377
0.0021099390697141246
0.062482285438555274
0.01863524311752651
0.005811182398809988
1582664511549574e-23
0.15471662597296965
0.15890070696003844
0.04050553697791082
0.03407593604282406
0
0.10641730000337
0
4.435574272692406
3.6765566837802863
4.1725298448440915
0
5.323571945093571
0
3.3209306116314754
0.17777923472543355
32.556142666031214
32.93543137974062
17.04003044216616
56.59573384668238
61.26309944830331
1.2358402909197395
0.06749542234876726
0.009673775904814498
15.786134006422257
34.44634826762982
0.08260273376659087
0.4145417775581898
1.8012351950578325
1.1935411596099061
28.669515136956466
0
28.331155617231303
0
14.793867130895544
0.008934665032502011
0.008938025558692641
11.098475377728443
5.565287502316941
1.2816298899864143
2.43856306988796
0
0.0003216101459823152
0.012724216433361246
0.07061431456620272
0.030770548943177885
0.007916409087387253
0.00023988345803707258
0.00017044523428890503
0.0012794191254788469
1.9839150882307768
0.44013872212034894
0.15209566767592342
0.17804795821009337
0.00433829254004817
0.07101388083722313
0.006729084686266263
0.0018007840305635156
0.07435797774156605
1.405901898020442
0.022391651853133104
905351348819945e-20
0.022411274358677263
0.0011831638812538957
0
0.9212700598999424
0.5211763156827922
0.03951336215044789
0
0.42021196875470673
0.00012061348564947337
0.06157503442828212
0
0.0004707579467905841
0
0.12695799518182802
0.7486901778072598
0
0
0
0
0.013556096275468927
0.3947027225171237
0.0030582327294043227
0.00513907449744862
0.3982221984738589
0.36901704915692624
0.18280155294908562
0.4366697945407489
0.04699271586859063
0.36397785436755814
0.0008163859540846686
0.3754582726792252
9621375132659845e-22
0.007574346715126882
0.33045352541642287
0.042970442695040634
4473404538047876e-25
0.002732841735197584
0.0888163775014481
0.21937249617021404
0.019514945370075018
0.029468645814586903
0.182177502408971
0.3311629826628154
0.258747155529158
0.15762708163850578
0.2672549509538714
2763580528861262e-26
0.21525915243256946
0.21526664246617544
0.4690845222500416
0.5655641677441627
0.0006174639105966213
0.6221916978480622
0.5172644143981687
11.57093464724085
2.085427757712111
2.7846059718169998
0.10477826482765652
0.4829353224761704
2.590769990553989
4.154803560089237
0.6388657490048958
5.186843479349017
7.331068726827193
5.204126739471057
2.46667440318096
2.9843875719492865
0.6019235908804921
31.328748882913562
619.2249267820478
4.0021191245565095
5186.182589366635
1.0999864076592294
23.218551552307513
1.1725544318919165
45.13429718972041
1.3040073540148256
1.3969475596631145
1.0999853974246103
0.9273991632281362
1.0891198020558308
47.05315534786649
0
0.0008636864894204815
0.0008563707211820707
0
0.009184739398962787
0.008297735327429294
0.008315019213081006
0.007791944175443965
0.007379037280121336
0.0100362487202782
0.007486092404427457
0.010474318562737997
0.006453182348487859
0.008040292166718732
0.009839614377971477
0.01809658566811064
0.008493230777923369
0.009333634910527702
0.008880391361356878
0.009744292976908844
0.005479456170602162
0.01259051412756451
0.01971579980574593
0.013309978490144824
0.008214015036273486
0.0019010854877193912
0.007446526019016355
0.022952681415418102
0.07233601690777791
0.04167397165237505
0.11503261501540701
9119930586942468e-20
0.010114012124039878
0.22801943493088297
48061039043516764e-22
0.07420262423583864
0.01093543222719463
0.0012696241250149398
548635148965595e-20
1204423352010911e-21
0.10292155099718629
0.08946973546201796
0.0041444233066059
0.040632646850411784
0.02028113535577394
0.005785099477343009
0.012115358475112905
0.00048288464845978836
0.3410507466257355
1569913000475175e-24
0.07908918846932676
0.000341914861553387
0.00963436238721922
0.01092349928425019
0.0001570617758423662
0.0001708751427801364
0.3537189752567325
0.00039350732252287643
0.0569230763827071
0.245464731431653
1317922842596837e-21
25861659702597875e-22
0.00014472639981053878
1257147352391792e-20
0.0005944861449602337
17003074157631295e-21
14432276815769813e-23
10044040829668888e-22
19076988236330633e-21
0.07687093712310099
0.07768548391855186
43499880416509565e-21
0.0002126833392182445
0.019651442446739883
0.00816494939764919
0.09194339331522781
0.020230869051935527
27828868439220467e-21
0.1387060848388638
0.038761153208262344
5573478492318219e-22
0.2818867777138094
4458963572200177e-22
0.0037652195627822633
0.0009825939837565369
22994565953050663e-28
0.2883550747802113
0.3521252435571719
0.01813041743218885
0.27561231524814145
0.3602209358617728
0.007408029979199936
0.1948089317666372
22332184593303813e-26
4630617723917479e-21
0.0006294338865723964
9120676935790645e-20
0.13262425630441305
8645600585967545e-22
0.00011181485214476101
0.1646941155793564
0.0009292000786204142
0.011862980885284114
12200748023375243e-21
0.1397339475736433
0.09765812446126465
0.021285831487017983
31469100730736476e-21
0.00015345010706992055
12006679620192039e-23
0.013694688883149807
0.1659643261384746
8333314519547277e-24
11103303037337493e-21
9106338011950837e-21
9650256243557764e-20
10586407703856547e-21
0.31250832462287137
0.16465168561399787
0.005156727647474507
0.0015484700149145788
0.04198831737431696
0.005885424130653901
6760419688216201e-20
0.02847265611248552
8323709148283696e-20
0.0007209916804879385
0.08162128715122224
997037920621126e-21
0.35846696742367745
0.3589160285165963
0.001828300664769382
0.0005370984713229727
5829910095536712e-24
0.001030846659366643
10390421300781088e-24
0.010285809234932903
0.02938289374252214
0.0009039488390167305
0.0003376392302294802
0.00015455069246638178
26181812702356973e-22
0.0061258597545498835
0.03070615047097679
0.02150403333437419
11257175950360404e-24
0.36024654524102034
0.06782264597597926
0
0
8177950145210704e-20
6661754437899043e-20
10336382363471257e-22
7596604527135836e-22
0.0001934851755179816
0.0097599080687551
0.0053925356116841525
1520423367880672e-23
0.00013149961932038023
7328732805063184e-21
0.05676607806560879
0.013419203142217739
0.10143835467650908
38456358840984043e-23
0.061062526710152686
0.007692814871747059
0.00012014434209064817
0.12523482780775488
0.00029643074435640034
18549559457235861e-29
8514863297547585e-20
37361573493786213e-22
0.00012471666583582734
0.01636456262657567
0.0039048019704231015
0.00016355256374782557
0.0001521164211553724
3799874511442187e-24
0.0005144948593976442
0.022981464624661233
13135133571250717e-24
0.0018060806294800857
0.001801024656856093
44187475755127584e-21
0.10929080447273266
4337249910170429e-20
0.31908279132993134
0.0019109011628235697
0.18534895022550152
0.0033033226093847367
0.0007009068206806192
0.0005693075596393919
44751329176981936e-21
0.34362643300491075
12101998569196889e-21
21567651500691156e-21
0.008305985753984535
0.006446834527366439
21715984787240225e-24
872305361098528e-19
0.003056203563133731
0.13390319663140468
0.030324631944626694
0.00010011334675769098
0.02305841042796825
0.00035412805573256716
0
0.1138544829272756
0.012349204478082467
0.3307061763780308
0.30901836056848725
0.3208885177724006
0.05253395134689503
0.029782231840307975
0.36009662603370307
0.32693985208099247
0.3602924493469367
0.304432556921113
0.21531618402506503
0.0007652400807409497
0.0157542522523159
0.1424624987797537
0.27435682844886045
0.1383257034171604
0.00029923798490222433
0.027072337013673505
0.2583518542758467
0.11551757607711088
0.16855246372029106
