1.0220832464210514
2.8439870454442735
13.09331466193697
0
13.132988412653994
9603410994545202e-20
13.61554521176132
0
14.522334409682713
0
28.51453337640805
0
10.861449926431176
0
14.953650998044202
0
30.792909292668806
14.567221964682513
12.382451042423174
3.142463224369299
12571457247256793e-35
14.144675628269798
2.3787383993740017
0.07488728404123546
0
0.14868086617727483
0.0025975901050762935
0.03663035719364334
0.0069441463724111965
0.34604617807598925
0.32130051499863993
0.01585753999504679
0.001970607111731286
0.0618695701431021
0.017623126898535964
0.005524071977659021
14546600515723709e-24
0.15384318620326234
0.15828976630970143
0.041652754803532595
0.034913654205905455
0
0.10620241621524715
0
4.447997551756277
3.675598484748496
4.176048466414243
0
5.323367446143103
0
3.391520676392699
0.18125105530238236
32.55513068917616
32.93506210294977
17.021325199685865
55.785047198913546
61.25087385116423
1.2586987346557752
0.06785115497216669
0.009733229895893945
15.616813501670938
34.466871588092495
0.08222271752225223
0.41684676791097036
1.8391541556039166
1.1991434146174842
28.847510042252686
0
28.501386476270078
0
14.796868029097375
0.008930222527599656
0.008934159910281531
10.917832740041531
5.624255715184588
1.2814258076716343
2.438041592956345
0
0.00032369918528848116
0.012988865414864603
0.0706504364472969
0.030763782726761797
0.007977838408770793
0.00023720264020713548
0.0001685666550578024
0.0012829746231932911
1.9852214715579126
0.44022929538090927
0.15271355161563543
0.1776885227390643
0.004405300181158578
0.07123492063067843
0.006772846613572262
0.0017663224558298746
0.07419411536456964
1.4189178418561303
0.022375166674935127
8816183251879528e-21
0.022186287284762334
0.0011797147290640113
0
0.9209085328870218
0.5212936859055733
0.03979747298156008
0
0.420112014028532
0.0001234253951459948
0.062329569120195695
0
0.00046263250138042094
0
0.1269508334080936
0.7482518502480308
0
0
0
0
0.013038862854605744
0.3946575113552441
0.00300258688329124
0.005092145665507811
0.39814911342569453
0.3687756653552329
0.18275298642741464
0.4449592366466367
0.04652940035867052
0.36662424776218305
0.0008162478116150915
0.3754101524109707
9620900356804275e-22
0.007488122848320594
0.3312993704766282
0.04258340338678729
43555985811194023e-26
0.0027650495674887724
0.08854019178541056
0.2193266325409232
0.019542471896305195
0.02950852644273342
0.1817167808808318
0.3305259721661005
0.25868999693970485
0.15778992438538733
0.26735460846127485
2691635761165247e-26
0.21522162955729932
0.21523363120167366
0.4689996593675802
0.5655037000040583
0.0006095004479867701
0.6223821106159118
0.5177912496261051
11.579380408699137
2.0856197718350264
2.785017559264801
0.1047598150546807
0.48324314923528666
2.5911818527961423
4.155815365061972
0.6387943102165704
5.187595697760616
7.332166203599837
5.204545810504733
2.466822466558276
2.984435383857083
0.6023708926197952
31.342184097753385
619.2245579906713
4.002118937294925
5182.344967123082
1.0999863937410417
23.218551028730648
1.1725441619030337
45.13399094939607
1.3040133077722607
1.3969474348842756
1.0999853835031577
0.9272563112961917
1.089084150608511
47.9531124577578
0
0.0008640776667397693
0.0008563911214836733
0
0.009183886466349454
0.008300320871537925
0.008315591142762006
0.007787565937832608
0.007379146942470098
0.01003818615164425
0.007483412343004498
0.01048112015013798
0.006449949800822466
0.008041336856700493
0.009843215970121812
0.01810677810894553
0.008493216399113372
0.00933751772110201
0.008881073353270978
0.009748673452484388
0.005486540339903997
0.012595591106098751
0.019720388739572627
0.013315097694093777
0.008216979824465852
0.001901081701721113
0.0074464675984119225
0.022952117232883026
0.07233009076372185
0.041672073316818284
0.11501679203713394
9119929717268642e-20
0.010113904052972314
0.22794451891802675
4806103880201442e-21
0.07419637426514514
0.010935305780790371
0.001269622437503694
5486351458185526e-21
12044233504942385e-22
0.10290908611161387
0.08946047663985501
0.004144405272036719
0.04063084429324533
0.020280696119441024
0.005785064278058779
0.01211520307808573
0.0004828844045474164
0.34080491797498846
15699130004725982e-25
0.07908204594322413
0.00034191473928323355
0.009634264372457449
0.010923373115228247
0.00015706175004689062
0.0001708751122473502
0.3534220657045684
0.00039350716056091756
0.05691947269441804
0.24537456226655197
1317922840780847e-21
2586165963267056e-21
0.0001447263779080947
1257147335867957e-20
0.0005944857752342071
17003073855361086e-21
14432276813592088e-23
1004404081912137e-21
1907698785582509e-20
0.07686420785816124
0.07767860447252686
43499878438044816e-21
0.00021268329191465109
0.01965103033822523
0.008164879108352997
0.09193358491347217
0.020230432013570058
27828867629497722e-21
0.13868230525548106
0.03875951628349865
5573478489070445e-22
0.2817561866936267
4458963570121434e-22
0.0037652046832686186
0.0009825929733013944
2299456595305061e-27
0.28821573246910875
0.35183662530793347
0.018130067215358238
0.2754896916346819
0.35984451399179723
0.007407972163370452
0.19475761943341585
223321845932986e-24
4630617701498656e-21
0.0006294334720840761
9120676065974463e-20
0.1326027052743297
8645600578152642e-22
0.00011181483907157441
0.16465924570728666
0.0009291991750466713
0.011862831934374747
12200747867738824e-21
0.13970977821983427
0.09764697802436854
0.021285347136126235
3146909969531892e-20
0.00015345008244724048
12006679618684812e-23
0.013694490002062099
0.16592884492701931
833331451947467e-23
11103302908440669e-21
9106337925249764e-21
9650255269794525e-20
10586407586681584e-21
0.3123301804093171
0.1646168360459073
0.005156699697661199
0.0015484675040349938
0.04198638961578415
0.005885387696163273
6760419210345737e-20
0.028471782755482962
8323708423841735e-20
0.0007209911365952774
0.08161365629732803
9970379195817881e-22
0.35813588939628227
0.3585799665314065
0.0018282971633835395
0.0005370981695509892
5829910095501177e-24
0.0010308455471781366
10390421300668214e-24
0.010285697441266931
0.029381962733422345
0.0009039479839074564
0.000337639110998694
0.00015455066748920607
26181812630687622e-22
0.006125820272548622
0.030705132253192446
0.021503538887238174
11257175950227912e-24
0.3598714912069012
0.0678174642996971
0
0
8177949445919485e-20
6661753973875863e-20
1033638235230081e-21
7596604521102293e-22
0.00019348513636957665
0.00975980746973366
0.005392505039799238
15204233678565032e-24
0.00013149960123864146
7328732748907472e-21
0.05676249487931141
0.013419012237344357
0.10142626978888604
3845635882552191e-22
0.06105835983338346
0.007692752506871629
0.00012014432699704902
0.12521580995160161
0.0002964306524573935
18549559457235856e-29
8514862539448432e-20
3736157334784267e-21
0.00012471664957145997
0.016364277840420775
0.0039047859649504768
0.0001635525357760444
0.0001521163969588731
3799874511427091e-24
0.0005144945824975295
0.02298089900880555
13135133571070332e-24
0.001806077212762194
0.001801021259258656
4418747371362055e-20
0.10927663091707711
43372497134809966e-21
0.3188918662558266
0.0019108973375902
0.1853032600300308
0.003303311162062752
0.0007009063066791627
0.0005693072205772685
4475132708304006e-20
0.3433721595735287
12101998416069643e-21
21567651014341978e-21
0.008305913004797771
0.006446790785005984
21715984786747173e-24
8723052815359848e-20
0.003056193766965522
0.13388118788947742
0.030323639284488512
0.00010011333627769189
0.02305784097128407
0.0003541279245697948
0
0.11383900696067893
0.012349042984809093
0.33048916948987783
0.30884654605674217
0.3206938615079806
0.05253089743576931
0.02978127493769667
0.359740310301799
0.32673187483931765
0.35992601655027046
0.3042686408411196
0.2152510645989965
0.0007652394680129165
0.015753988481979214
0.14243727600856065
0.27423574189979566
0.13830206710403437
0.00029923789125411423
0.027071548645464252
0.2582488712316653
0.11550160895766769
0.16851571569701365
