1.023128767781204
2.428754720399646
12.376361734335932
0
12.413925326719198
9063705286414853e-20
12.882558603429738
0
13.766203291287185
0
27.01747477959442
0
10.733875124729545
0
14.843423176132731
0
30.768999593515485
14.682994965646133
11.925007252672478
3.2093184203652565
7071672300556734e-35
14.343767692831266
2.37994716399617
0.07102333999604843
0
0.1473714643050699
0.0025947263992241306
0.03629033509794373
0.006944058816887605
0.34272445509822913
0.3183210821827803
0.014976713600658432
0.0018376861341841781
0.06125593296703213
0.016640643774709498
0.0052400200477812475
13353303247907313e-24
0.1529249203722348
0.15764113870371552
0.04284079607928936
0.035790851855357936
0
0.10600246755679645
0
4.460106761303493
3.676182548479786
4.180123803405988
0
5.323223492090622
0
3.4636869818328537
0.18478293233295176
32.55406578943782
32.934629644761586
17.000665424493665
55.03101520957246
61.236259255264294
1.281940380404549
0.06789532456809164
0.00980193549463401
15.422359458153364
34.48679759447603
0.08184765737728306
0.4190590253392252
1.877882551387167
1.2049544779471728
29.029064401754322
0
28.675904684180068
0
14.799513741898007
0.008915234080333616
0.008919887013070088
10.713704913740715
5.683278637458059
1.2812175345620842
2.4375202108021523
0
0.00032580418779873095
0.013260453263547703
0.07068222785207176
0.03075683146584763
0.008040504370258538
0.0002345404953930714
0.00016670593076657296
0.001286644227633317
1.986427699116186
0.44032236584814255
0.1532948350996774
0.17731593343336025
0.004472917773521258
0.07145331038011137
0.006816975474954445
0.0017314240339571514
0.07401867668571545
1.431785457132303
0.02235633309568016
8578238053969569e-21
0.02194751096444853
0.0011761331210526284
0
0.9205470335493832
0.5214000975301747
0.04008701911557833
0
0.4200193996757402
0.0001265309812578615
0.06308705051894527
0
0.00045512218347021924
0
0.12694367150220257
0.7478137695793198
0
0
0
0
0.01251735222314608
0.3946126548565677
0.0029460882747490346
0.005045015444986308
0.3980760077075044
0.36852418862716535
0.1827017912140159
0.45339068872409094
0.045980480414406784
0.36938045829942634
0.0008161349830525207
0.37537407959427577
9620425387142646e-22
0.007387147127933776
0.33217853404298714
0.04219319165800666
42407584391457225e-26
0.0028029167277587095
0.08826447019054881
0.21928071511085456
0.019568478680364668
0.029546841249040504
0.18125621023586663
0.3298888721571826
0.2586327857640757
0.15794526521733798
0.2674382878558984
26213777179596632e-27
0.215169253752762
0.21518561419809973
0.46891486632804447
0.5654432051659384
0.0006015262116900216
0.6223963875555651
0.5182959774796317
11.587105789140006
2.0858115909240214
2.7854281493487862
0.10474149919761827
0.48352467581597364
2.5915933474072292
4.156824902684584
0.638723464584688
5.188069536027249
7.332757143551643
5.204690311819778
2.466970521726009
2.984280232464179
0.6027911141208383
31.354128800118158
619.2241891995144
4.002118750033349
5178.510184606868
1.0999863798228542
23.218550505153793
1.172533892004102
45.133684711149606
1.304019306454442
1.3969473101008916
1.099985369581706
0.9271134619641305
1.089048500324493
48.81025616753383
0
0.0008644284819436792
0.0008564124732674267
0
0.009183045805167402
0.008302192729082431
0.008315450058305302
0.007782539104222373
0.0073786432444262655
0.010039542335507618
0.007480100533565593
0.010487027057060356
0.006446159905070758
0.00804169422675681
0.009845980602732318
0.01811542211874523
0.008492473848850868
0.009340615716524352
0.008881002949175836
0.009752239065300192
0.005493274966571423
0.01259960753726138
0.01972329209774948
0.013319101371798339
0.008219240559384758
0.0019010779157303745
0.0074464091782658216
0.0229515530642157
0.07232416510516644
0.04167017506773462
0.11500097123534485
91199288475949e-18
0.010113795983059521
0.22786962751890136
4806103856051208e-21
0.07419012482087689
0.010935179335848214
0.0012696207499946915
5486351426715102e-21
1204423348977566e-21
0.1028966227356706
0.08945121877584611
0.004144387237546015
0.04062904181604444
0.020280256892620818
0.005785029078988716
0.01211504768305175
0.00048288416063516765
0.3405592665170085
15699130004700215e-25
0.07907490406216135
0.0003419146170131239
0.009634166358692825
0.010923246947663588
0.0001570617242514193
0.00017087508171456943
0.3531254053764729
0.0003935069985990254
0.056915869234271416
0.2452844262242474
13179228389648569e-22
2586165956274325e-21
0.00014472635600565394
12571473193441221e-21
0.0005944854055084103
17003073553090887e-21
14432276811414364e-23
1004404080857385e-21
19076987475319553e-21
0.07685747918229985
0.07767172563571192
4349987645958016e-20
0.0002126832446110682
0.01965061823835286
0.0081648088196619
0.09192377755806407
0.020229994984645734
27828866819774998e-21
0.13865852974883786
0.038757879427864024
5573478485822669e-22
0.2816256561729632
445896356804269e-21
0.0037651898038137746
0.000982591962847291
22994565953050554e-28
0.2880764574926272
0.351548243623654
0.018129717005292603
0.27536712257811163
0.35946848547326266
0.00740791434799219
0.19470632061577367
22332184593293385e-26
46306176790798325e-22
0.0006294330575960286
9120675196158365e-20
0.13258115774622192
864560057033774e-21
0.00011181482599838934
0.1646243832180428
0.0009291982714738072
0.011862682985335597
12200747712102405e-21
0.13968561304652455
0.09763583285969692
0.021284862796255705
314690986599014e-19
0.00015345005782456438
12006679617177586e-23
0.013694291123862641
0.16589337130102766
8333314519402066e-24
11103302779543847e-21
910633783854869e-20
9650254296031385e-20
10586407469506619e-21
0.31215213774621225
0.1645819938539477
0.00515667174799938
0.0015484649931594803
0.04198446194575818
0.005885351261898196
6760418732475305e-20
0.028470909425269347
8323707699399838e-20
0.0007209905927030268
0.08160602615684981
9970379185424503e-22
0.3578051171506473
0.35824421920939387
0.0018282936620044024
0.0005370978677791753
582991009546564e-23
0.0010308444349908302
1039042130055534e-23
0.010285585648816011
0.029381031753821955
0.0009039471287989911
0.00033763899176794996
0.00015455064251203442
26181812559018267e-22
0.006125780790801829
0.030704114069172266
0.021503044451471092
11257175950095419e-24
0.35949682764294866
0.06781228301929702
0
0
8177948746628324e-20
6661753509852714e-20
10336382341130365e-22
7596604515068751e-22
0.00019348509722117962
0.009759706871749133
0.0053924744680876446
1520423367832334e-23
0.00013149958315690518
7328732692751761e-21
0.05675891191919179
0.013418821335186834
0.10141418634099958
38456358810059786e-23
0.06105419324095986
0.007692690142501786
0.00012014431190345176
0.12519679498345368
0.00029643056055841504
18549559457235849e-29
8514861781349347e-20
37361573201899125e-22
0.00012471663330709468
0.016363993059221902
0.0039047699595434566
0.00016355250780426803
0.00015211637276237765
3799874511411995e-24
0.0005144943055975637
0.022980333406870706
13135133570889947e-24
0.0018060737960507657
0.0018010178616676292
4418747167211361e-20
0.10926245919954217
4337249516791573e-20
0.31870105542286836
0.001910893512364488
0.18525758109760723
0.0033032997147804367
0.0007009057926780832
0.0005693068815153469
4475132498909828e-20
0.3431180742969906
12101998262942401e-21
21567650527992814e-21
0.008305840256248193
0.006446747042942323
21715984786254123e-24
8723052019734488e-20
0.0030561839708287126
0.13385918276497477
0.030322646656844515
0.00010011332579769387
0.023057271528663343
0.000354127793407071
0
0.11382353309769326
0.012348881493647603
0.33027230500000127
0.30867482707403426
0.3204993233252594
0.05252784370217398
0.029780318065830633
0.3593843471444308
0.32652402989883766
0.35955995643139615
0.30410481301870795
0.21518596486740507
0.0007652388552853738
0.015753724716058782
0.14241205770302134
0.27411470879190986
0.13827843482974772
0.0002992377976060335
0.027070760300212913
0.25814592923811785
0.11548564404523845
0.16847897568558717
