1.0266138389817125
1.4019975404309328
10.14066847541267
0
10.172335542292242
7389650123414948e-20
10.582452457470437
0
11.365903342248151
0
22.287804111831022
0
10.372372875830253
0
14.470453875250861
0
30.692686975168364
15.090165306694013
10.447353052219857
3.4398509016289025
9288663064581974e-36
15.010660453065292
2.3829672736016887
0.0588806039660669
0
0.14270530863594588
0.0025817561182420634
0.03515227014381098
0.006943764629969608
0.33161464022390524
0.30834840848753253
0.012263941592302489
0.001443301103167271
0.059206260753353515
0.013618414153458843
0.004330678672852831
9984778651453993e-24
0.1495428058125489
0.1551958972472207
0.047054704171772016
0.038997021696587385
0
0.1054446193107618
0
4.497010696394895
3.6887659914921684
4.199291743222816
0
5.323311140100646
0
3.7119599518817368
0.19668493895772216
32.549931698607075
32.93249047856275
16.913102439126696
52.90702884739748
61.15913706388608
1.3608691309514422
0.06524459045099401
0.010127571408757946
14.519379619456227
34.54824376315564
0.08063180685868343
0.4253095457678594
2.0108137334705347
1.2258432206840721
29.653348333109765
0
29.283056615853898
0
14.806093901600567
0.008749131300132601
0.008757781799019565
9.806916154709869
5.877127034153668
1.2804995361256144
2.435782963665714
0
0.0003328597405089225
0.014203190109661794
0.070759580008724
0.030732574830322008
0.008256537423307076
0.00022589611243812522
0.00016069953959600838
0.0012996888571139972
1.9897886924809651
0.4406488475869179
0.1548673822308016
0.17597616363339397
0.004699039414787673
0.07215164179243638
0.006965236083942873
0.0016123782759555993
0.07335171950627636
1.472484365753593
0.022277216765660423
778479603918861e-20
0.021046437948273065
0.0011632190313460428
0
0.9193423280365169
0.5216635330052114
0.0410823077400783
0
0.4197615320659803
0.00014004758516973872
0.06558945307863799
0
0.00043418044057984127
0
0.12691979940485099
0.7463553187731704
0
0
0
0
0.010778775963855649
0.3944640822861172
0.0027523167040582924
0.004886293327503822
0.39783217273015054
0.3676200111795061
0.1825112838769088
0.4820662625295084
0.04328239634264577
0.3793851979862985
0.0008159536256642919
0.37534646183478154
96188409715233e-20
0.0069028187727289
0.33535267622613385
0.040873029083215245
3878550228347292e-25
0.002991544427893227
0.08734872499667125
0.21912727004536756
0.019645113884953106
0.029664106872849243
0.1797219735172746
0.3277645113150562
0.25844173054504876
0.15841342926912036
0.267611771010993
23990334727190808e-27
0.21489690422336294
0.21492608577755049
0.46863266313897606
0.565241360574909
0.0005751795145447246
0.6210637769261123
0.5198318569802526
11.608093444403515
2.0864475305715904
2.786781813512455
0.1046808135222984
0.48428930446310303
2.5929578892686997
4.16015444762768
0.6384888978807195
5.187858165742285
7.331470807914078
5.203379446628028
2.4674620546112727
2.9824835192030736
0.6040129374378862
31.384256125787385
619.2229598972446
4.002118125828157
5165.748058393186
1.099986333428897
23.218548759897693
1.1724996596573
45.13266393200136
1.3040396260721219
1.3969468941230048
1.099985323176868
0.9266373171267356
1.0889296744480887
51.366393757907545
0
0.0008653275266530969
0.0008564891383274022
0
0.009180302226217251
0.008303760222915485
0.008310319302975162
0.007761560917326064
0.007372957774444375
0.010040281919832018
0.007464942529933355
0.010500846383924824
0.006429880606627662
0.008038391234795744
0.009849716633547044
0.018134091874240182
0.008485241614679197
0.009345805409907874
0.008875851785069841
0.009758789087476353
0.005513468573835574
0.01260605349842657
0.019721930696177604
0.0133251432819586
0.008222168156358454
0.0019010652958157002
0.0074462144477556
0.02294967260214283
0.07230441641586467
0.04166384819526652
0.1149482509445884
9119925948683025e-20
0.010113435758356718
0.22762016718383854
48061037755504285e-22
0.07416929714137342
0.01093475786326708
0.001269615124980882
5486351321813689e-21
12044233439219915e-22
0.10285508904972279
0.08942036614787806
0.004144327123143787
0.040623034136191616
0.020278792871920387
0.005784911750301938
0.01211452971400009
0.00048288334759522824
0.3397417064101079
1569913000461432e-24
0.0790511024498254
0.0003419142094464074
0.009633839653345579
0.010922826399639318
0.0001570616382665455
0.00017087497993867302
0.3521383348830881
0.000393506458726533
0.05690385934795927
0.2449842118139061
13179228329115569e-22
25861659329652203e-22
0.00014472628299754196
12571472642646741e-21
0.0005944841730907486
17003072545523584e-21
14432276804155284e-23
10044040773415452e-22
1907698620696782e-20
0.07683505451655476
0.07764880057881983
4349986986469862e-20
0.00021268308693253455
0.019649244634525834
0.008164574528394987
0.0918910939288919
0.02022853828974807
2782886412069943e-20
0.13857930749417366
0.03875242374164334
5573478474996754e-22
0.2811909910186242
44589635611135456e-23
0.003765140206055635
0.0009825885946744507
22994565953050376e-28
0.28761269345896096
0.35058867737904026
0.018128549687263625
0.2749589527666157
0.35821789267530024
0.007407721633323433
0.1945354221237813
22332184593276004e-26
4630617604350422e-21
0.0006294316759711753
912067229677197e-19
0.13250935793726878
8645600544288063e-22
0.00011181478242111681
0.16450822822090497
0.0009291952595706055
0.011862186502045272
12200747193314357e-21
0.1396050926520368
0.097598691497215
0.021283248409615072
31469095208509926e-21
0.00015344997574900593
120066796121535e-21
0.013693628217390156
0.1657751806441409
8333314519160048e-24
11103302349887782e-21
910633754954512e-20
965025105015496e-19
10586407078923415e-21
0.31155939487943013
0.16446590646609674
0.005156578583554068
0.0015484566236038401
0.041978037018168775
0.005885229815976913
6760417139574113e-20
0.028467998518022473
8323705284593969e-20
0.000720988779731821
0.0815805975068482
997037915077991e-21
0.356704747798195
0.3571273302559442
0.0018282819907890408
0.0005370968618743534
5829910095347187e-24
0.001030840727708475
10390421300179092e-24
0.010285213016088177
0.0293779287015266
0.0009039442784432826
0.00033763859433244054
0.0001545505592548247
2618181232012043e-21
0.006125649186816977
0.03070072036627624
0.02150139641435311
11257175949653779e-24
0.3582507639424073
0.06779501494338999
0
0
8177946415658223e-20
6661751963109118e-20
10336382303895546e-22
7596604494956945e-22
0.00019348496672658017
0.00975937155262271
0.005392372563634085
15204233677517706e-24
0.00013149952288446894
73287325055660606e-22
0.056746970352115754
0.013418185014275802
0.10137391857727339
3845635875851935e-22
0.06104030665290598
0.0076924822649203735
0.00012014426159147459
0.1251334326084798
0.00029643025422869287
18549559457235829e-29
8514859254352883e-20
37361572715420647e-22
0.00012471657909255906
0.016363043824351397
0.003904716608660535
0.00016355241456504803
0.00015211629210742065
3799874511361675e-24
0.0005144933825987543
0.0229784481676229
13135133570288664e-24
0.0018060624070593543
0.0018010065364104956
4418746486709116e-20
0.1092152334133474
4337248861160226e-20
0.31806584351059264
0.0019108807616674164
0.1851053992981149
0.0033032615574592186
0.0007009040793438735
0.0005693057513104004
4475131800929305e-20
0.34227248048443226
12101997752518272e-21
21567648906829012e-21
0.008305597765684746
0.006446601238206956
2171598478461062e-23
8723049367650475e-20
0.003056151317266125
0.13378585846817728
0.03031933813269774
0.00010011329086437513
0.023055373488159194
0.0003541273561983425
0
0.11377196874348272
0.0123483432050281
0.32955045059980276
0.3081031197152034
0.31985171460908457
0.052517665872221016
0.029777128714980297
0.3582003451814176
0.3258321678590131
0.35834244273331756
0.3035593570832537
0.21496910792352747
0.0007652368128637749
0.015752845528218228
0.14232802892635005
0.27371165076027154
0.13819968974266103
0.00029923748544597606
0.027068132648507038
0.25780308552637726
0.11543244360610314
0.16835656682177555
