1.026775747883987
1.3656878383406117
10.043363162751051
0
10.073212200867612
731732678728997e-19
10.482173556150395
0
11.26009776388559
0
22.08006350732944
0
10.357822664960858
0
14.452995184603246
0
30.689280363807665
15.109773567977458
10.381195295271958
3.450727934890094
8423887936719949e-36
15.041386667802408
2.383073294237896
0.05834869281134074
0
0.14247830458723304
0.0025810205691787127
0.03509926861072672
0.0069437508856095434
0.33109758151934277
0.3078839492874771
0.012147114718850929
0.0014265959554390262
0.05911096946693409
0.013488377747890237
0.004290275130558941
9848426283536623e-24
0.14937388227300163
0.15507144993134583
0.04725828376774455
0.039156209523012415
0
0.10542275235440464
0
4.498555848363382
3.689721086453654
4.200458093282551
0
5.323341770095736
0
3.7236450030420083
0.19723004274643643
32.54970808037744
32.93235342936874
16.90814605010617
52.82199133611747
61.153938135062326
1.364542826341277
0.06499637149853582
0.010147653426608998
14.464737312050769
34.550896575292754
0.08057656219280697
0.42554159895668825
2.017057711555053
1.2268702475993079
29.68282595259516
0
29.3120097011836
0
14.80632728839557
0.008735308605953989
0.008744232990187678
9.754008725573422
5.885915471307815
1.2804655196681964
2.4357022812089353
0
0.0003331862640822742
0.014247913299151716
0.070762198663927
0.030731415640533343
0.008266775216554136
0.0002255058905496674
0.0001604298012670576
0.0013003245647540758
1.989922432827455
0.44066455096367013
0.15492360341138092
0.17591020068411165
0.004709443721988183
0.07218266195635645
0.006972120693433714
0.001606763280354348
0.073317733345955
1.4742551806234239
0.02227295500777537
7748068554974136e-21
0.021000549099996747
0.0011625823010400123
0
0.9192863728135273
0.5216720632672005
0.041129340201342186
0
0.41975135640943073
0.00014084490847927585
0.06570338694005652
0
0.00043334767630881987
0
0.1269186904474082
0.7462876309816496
0
0
0
0
0.010698959100051541
0.3944571693204621
0.0027431395545042016
0.004878854488946459
0.3978208390843588
0.36757578376048733
0.18250166708378254
0.48340325543291424
0.0431140049640752
0.3798811441698024
0.0008159528656507648
0.3753488221885334
961876732589588e-21
0.006873073542363467
0.3355092868461666
0.04081109009715322
38624675181015773e-26
0.003003672982587958
0.08730630560391164
0.21912012689674765
0.019648331823163615
0.02966919575369042
0.1796507316735051
0.3276657916850991
0.2584328423341428
0.15843348643629068
0.2676162425963031
23891366311077753e-27
0.21488093267824543
0.21491065443842533
0.4686195665894766
0.5652319760288516
0.0005739745622790953
0.6209480267625934
0.5198982040001091
11.608906119378048
2.086476887958766
2.7868439242436693
0.10467799078366975
0.4843189067610159
2.593020891670281
4.160307261286721
0.6384779825567297
5.1877888639393355
7.331303016909413
5.203258153576006
2.4674847403024844
2.9823584266647605
0.6040636059121097
31.385329966841823
619.2229027865679
4.00211809682893
5165.155922619958
1.0999863312735336
23.218548678816855
1.1724980693204872
45.13261650936175
1.3040405820142928
1.396946874796309
1.0999853210209987
0.9266151972219766
1.0889241543681147
51.474350398093
0
0.0008653599709093562
0.0008564928650254393
0
0.009180176089502499
0.008303675256164498
0.008309923774284566
0.007760444482214285
0.007372558595824159
0.010040189283969466
0.0074640997677724264
0.010501289786115732
0.006429001161217723
0.008038086159560389
0.00984970513491702
0.018134616466831538
0.00848474527369387
0.009345873054273915
0.008875446714931377
0.009758913169568091
0.005514331619340745
0.012606118538440606
0.019721494495921903
0.013325177264626011
0.008222148569732418
0.0019010647095236803
0.007446205401119267
0.02294958524367006
0.07230349906538555
0.04166355428574969
0.11494580226100369
9119925814005845e-20
0.010113419023404714
0.22760858443469906
4806103771810536e-21
0.07416832967438261
0.010934738282953558
0.0012696148636554604
5486351316940196e-21
12044233436871205e-22
0.10285315989169752
0.08941893305992916
0.004144324330379322
0.04062275505391898
0.020278724859240774
0.005784906299521681
0.012114505650811805
0.0004828833098231769
0.3397037720734348
1569913000461033e-24
0.07904999685234437
0.00034191419051174735
0.009633824475588072
0.010922806862277416
0.00015706163427187458
0.0001708749752103855
0.3520925448418989
0.00039350643364523773
0.05690330145611276
0.24497027343434313
13179228326303335e-22
25861659318823297e-22
0.0001447262796057432
12571472617058015e-21
0.0005944841158353404
17003072498714178e-21
14432276803818043e-23
1004404077178207e-21
19076986148042933e-21
0.07683401287393812
0.07764773569454345
4349986955831465e-20
0.0002126830796071323
0.019649180822184358
0.008164563643890739
0.09188957580037958
0.020228470617390144
27828863995306196e-21
0.13857562809930896
0.03875217030087977
5573478474493805e-22
0.28117081372721836
44589635607916323e-23
0.0037651379018664908
0.000982588438196675
22994565953050368e-28
0.2875911661383975
0.3505441617204252
0.01812849545800906
0.27494000479004965
0.3581598987045189
0.007407712680336834
0.19452748619517696
223321845932752e-24
4630617600878655e-21
0.0006294316117839338
9120672162072745e-20
0.13250602321812313
8645600543077851e-22
0.00011181478039661099
0.16450283390254247
0.0009291951196443068
0.011862163437005972
12200747169212583e-21
0.13960135297639475
0.09759696633299099
0.021283173411665107
31469095048165715e-21
0.0001534499719359533
12006679611920092e-23
0.013693597420963176
0.16576969180808923
8333314519148803e-24
11103302329926885e-21
9106337536118636e-21
9650250899358557e-20
1058640706077776e-20
0.3115318846990102
0.16446051528690958
0.0051565742553755
0.00154845623477341
0.04197773855377137
0.0058852241739218835
6760417065571364e-20
0.02846786329077562
8323705172407307e-20
0.0007209886955051941
0.08157941633916156
9970379149170398e-22
0.3566537093470288
0.3570755267276951
0.0018282814485713222
0.0005370968151422275
5829910095341685e-24
0.001030840555476445
1039042130016161e-23
0.010285195704702335
0.02937778454836658
0.0009039441460221135
0.0003376385758684541
0.00015455055538687512
2618181230902175e-21
0.006125643072848
0.030700562711266977
0.021501319853168343
1125717594963326e-23
0.35819297960952706
0.06779421281267013
0
0
8177946307366389e-20
666175189125075e-19
10336382302165695e-22
7596604494022593e-22
0.00019348496066408426
0.009759355974698312
0.005392367829419454
15204233677480278e-24
0.00013149952008434206
7328732496869817e-21
0.05674641563370333
0.013418155452910195
0.10137204821240087
3845635875612489e-22
0.06103966158871387
0.007692472607512191
0.000120144259254089
0.1251304897086336
0.0002964302399972814
1854955945723583e-28
8514859136954088e-20
37361572692819906e-22
0.00012471657657386908
0.01636299972628215
0.0039047141301111338
0.00016355241023335596
0.0001521162883603661
3799874511359336e-24
0.0005144933397182577
0.02297836058722721
13135133570260729e-24
0.0018060618779530873
0.001801006010265171
44187464550944495e-21
0.10921303990127669
4337248830701008e-20
0.31803636372816424
0.0019108801692995594
0.18509833229904096
0.0033032597847629675
0.0007009039997461579
0.0005693056988035672
44751317685026356e-21
0.34223324671275096
12101997728805066e-21
21567648831513238e-21
0.008305586500267505
0.006446594464513127
21715984784534266e-24
8723049244440383e-20
0.003056149800260413
0.13378245295576874
0.03031918443456677
0.00010011328924144867
0.023055285313083217
0.00035412733588657976
0
0.11376957374255006
0.01234831819786851
0.32951695317678265
0.3080765851770746
0.31982165993224815
0.05251719308010116
0.029776980552911718
0.3581454339188663
0.3258000610975397
0.3582859799907919
0.30353404017071334
0.21495903853096776
0.0007652367179773985
0.01575280468423736
0.14232412633578526
0.2736929399652535
0.1381960325057456
0.0002992374709437
0.027068010579667994
0.2577871688188014
0.11542997262409964
0.16835088213196714
