1.0276598969994422
1.1823098335552358
9.523106765125794
0
9.551043466077893
6930162467887733e-20
9.94410267275108
0
10.692659727360091
0
20.966751239915077
0
10.281492619577781
0
14.357559999418923
0
30.670911846734747
15.217772635552079
10.023054215478245
3.5101752385298246
4908589549506754e-36
15.208141739939093
2.3836056933987537
0.055499561864826935
0
0.14122436541301434
0.0025767893697973667
0.03480971409621154
0.006943675725979991
0.3282734153508469
0.30534652163258413
0.011524255961866616
0.0013393533716493141
0.05859065123645306
0.012795248616040754
0.004073125981703568
9143204570274142e-24
0.14843346476300268
0.1543746309900216
0.04837902932385907
0.04004068464836099
0
0.10530960484828732
0
4.506662617638477
3.695436417975526
4.207396270877586
0
5.32356113152788
0
3.7874442744421226
0.20016874381730915
32.548414932893806
32.93151907498279
16.879312562205975
52.37646944290675
61.121504661885155
1.3845321062069136
0.06340867888375687
0.010267952840167415
14.139934525910501
34.56504992548755
0.08027676482642176
0.4266901085411376
2.051127786304349
1.232566128677298
29.844130450919067
0
29.470917578188057
0
14.807510293389837
0.00864651611803834
0.008657144040287815
9.443720311643277
5.9333922619330774
1.2802791088193275
2.4352617338724873
0
0.00033496292030972275
0.014492743518342332
0.07077517287229435
0.030725050918877
0.008322882598819206
0.00022339676147633175
0.0001589741832867434
0.001303840945357217
1.9906224458513875
0.44075100944249745
0.15519945953519612
0.17554410989006083
0.004765888114725762
0.07234940970077886
0.0070096442534268565
0.001575999557521475
0.07312762551037756
1.4836753426479266
0.022248822097873457
7547958178675301e-21
0.020743624859560238
0.0011590476746085898
0
0.9189808345260463
0.5217125155083525
0.04138684297846996
0
0.4196984231376117
0.0001455845723023736
0.06631951123348737
0
0.000428991380619378
0
0.1269126348861656
0.7459181108119103
0
0
0
0
0.010266045118268294
0.39441934018253694
0.002692802549560533
0.0048381259371975335
0.3977589397068774
0.36733128859902076
0.1824479219413721
0.49068300584368985
0.04210571911395823
0.3826388095937213
0.0008159613092638913
0.3753676923527751
9618365116507253e-22
0.0066958773619093335
0.33637882618517284
0.04047211930973888
37757729540028717e-26
0.0030775735667887836
0.08707485772530675
0.21908109721126293
0.019665440766974903
0.029696492752531934
0.17926174983966756
0.327126666434284
0.25838428814237346
0.15854071122888583
0.26763578879087613
23357558051193158e-27
0.21478921932906475
0.21482168107342003
0.46854806676317584
0.5651807176915201
0.0005674404614481539
0.6202296311158478
0.5202536836047336
11.613123126530954
2.08663683262108
2.787181591509864
0.10466254790932868
0.48447250880777865
2.593364154157342
4.161138100655502
0.6384182440599782
5.187331963811857
7.330244490765003
5.20251471309929
2.467608385450343
2.98162203186941
0.604332008983659
31.390758570876155
619.2225909177427
4.002117938470499
5161.923595767991
1.0999863195035662
23.21854823605214
1.1724893848769156
45.132357545574386
1.3040458203626426
1.3969467692554534
1.0999853092482708
0.9264944064859673
1.0888940109107117
52.047863929921206
0
0.000865524289462041
0.0008565134181108469
0
0.009179488168556307
0.008302998712316765
0.008307552560109852
0.007754158018751016
0.0073701972579519985
0.010039513330088031
0.007459311878142974
0.010503443168487302
0.006424032556178149
0.008036216232853584
0.009849393043465705
0.01813701928172382
0.00848181938182899
0.009346008883718802
0.008873011894305026
0.00975934797462075
0.005518946030659946
0.012606157996863054
0.01971861003648105
0.013325030417787691
0.008221832108507044
0.001901061507914335
0.007446155999610106
0.022949108204016355
0.07229848982029795
0.04166194934671291
0.11493243145548025
9119925078563246e-20
0.010113327637979244
0.22754534397066478
4806103751387798e-21
0.07416304677128589
0.010934631359760963
0.0012696134366154195
5486351290327114e-21
12044233424045409e-22
0.10284262581978838
0.08941110768511482
0.004144309079736389
0.0406212310804687
0.020278353460891605
0.005784876534093064
0.012114374247844922
0.00048288310355831544
0.3394966956605708
1569913000458854e-24
0.07904395969899299
0.00034191408711372706
0.009633741593594624
0.010922700173632189
0.00015706161245785194
0.00017087494939024367
0.3518426004543243
0.00039350629668179616
0.05690025502720224
0.24489417297917315
13179228310946346e-22
25861659259689e-19
0.0001447262610838732
12571472477323588e-21
0.0005944838031761717
17003072243098253e-21
14432276801976442e-23
1004404076286252e-21
1907698582626701e-20
0.07682832494045726
0.07764192085195207
4349986788521882e-20
0.00021268303960471672
0.01964883236059523
0.008164504206248807
0.0918812860749266
0.02022810107743305
2782886331056118e-20
0.13855553745166332
0.03875078634552116
5573478471747312e-22
0.2810606554884826
4458963559033735e-22
0.0037651253192182376
0.0009825875837061945
22994565953050323e-28
0.28747363856815866
0.35030117113257064
0.018128199326768193
0.2748365570643691
0.35784337189595633
0.007407663790225387
0.19448415553476617
2233218459327079e-25
4630617581920092e-21
0.000629431261271558
9120671426509762e-20
0.13248781452632774
8645600536469149e-22
0.00011181476934122798
0.16447337982952276
0.0009291943555377543
0.01186203748466045
12200747037598061e-21
0.13958093319245038
0.09758754612627168
0.021282763868919898
3146909417256108e-20
0.00015344995111370833
12006679610645496e-23
0.01369342924963057
0.1657397216802424
8333314519087405e-24
11103302220924803e-21
9106337462799545e-21
9650250075892419e-20
1058640696168831e-20
0.31138170046345154
0.1644310783534116
0.005156550620202739
0.0015484541114571678
0.04197610874238773
0.005885193363988364
6760416661458541e-20
0.028467124855677983
8323704559780495e-20
0.0007209882355621738
0.08157296654234933
99703791403812e-20
0.35637512832063006
0.3567927715155388
0.0018282784876417482
0.0005370965599483776
5829910095311634e-24
0.0010308396149554945
10390421300066156e-24
0.010285101171523207
0.02937699737195513
0.0009039434228994044
0.0003376384750406789
0.00015455053426484996
26181812248414284e-22
0.006125609685907826
0.030699701806012704
0.02150090177408676
11257175949521218e-24
0.3578775963778054
0.06778983271960246
0
0
8177945716008383e-20
666175149884793e-19
10336382292719366e-22
7596604488920305e-22
0.00019348492755812295
0.00975927090749779
0.0053923419769817595
15204233677275888e-24
0.00013149950479346228
7328732449381528e-21
0.05674338653339166
0.013417994025904777
0.10136183516749932
3845635874304928e-22
0.06103613915444999
0.007692419870731488
0.00012014424649013814
0.12511442039688891
0.00029643016228266705
1854955945723583e-28
8514858495864964e-20
373615725694022e-20
0.00012471656281985464
0.016362758918464063
0.0039047005953225192
0.0001635523865789347
0.00015211626789852204
37998745113465694e-25
0.0005144931055573043
0.022977882335723426
13135133570108185e-24
0.0018060589886221812
0.0018010031371033027
44187462824536734e-21
0.10920106238857939
43372486643698826e-21
0.31787542927452783
0.0019108769345114478
0.18505974572145542
0.003303250104473104
0.0007009035650805956
0.0005693054120753167
4475131591427689e-20
0.3420190789839238
1210199759931244e-20
21567648420230255e-21
0.008305524982556578
0.006446557474977681
21715984784117314e-24
8723048571617041e-20
0.003056141516237182
0.133763857726232
0.03031834513642253
0.00010011328037900258
0.023054803814220735
0.00035412722496850463
0
0.11375649605545059
0.012348181640130929
0.3293340911280026
0.3079317261729479
0.31965758772414266
0.05251461134078869
0.029776171485254084
0.3578457239793073
0.32562478889439606
0.35797780620282305
0.3033958272887084
0.21490406009952376
0.0007652361998238513
0.015752581646056106
0.1423028170295658
0.2735907869655247
0.13817606284180048
0.00029923739174995365
0.027067343998138052
0.257700268492351
0.11541648006469078
0.16831984266970723
