1.028594229732267
1.0136902955231528
8.994124390053319
0
9.018409442749432
6537656253083557e-20
9.396421334053677
0
10.112871706048898
0
19.830907187901538
0
10.206466148116823
0
14.25661123336956
0
30.651943523271544
15.333463677187643
9.65290852152267
3.572890662842324
27506960164355085e-37
15.381893742538075
2.384085585416477
0.0525933401300467
0
0.13987435825128816
0.002571919746807056
0.034503565888360864
0.006943596120894174
0.3252885388193143
0.30266363491875137
0.010894380293143045
0.0012520651703262092
0.058041021224644794
0.012094572318476526
0.0038504231098625314
8452285811403863e-24
0.1474072233453619
0.15360650572302567
0.04957689271649257
0.04100225136039662
0
0.10520142956676205
0
4.514562954793627
3.702367528098188
4.21592333239354
0
5.3238996448272
0
3.8546120963381165
0.203176164492064
32.54688740822155
32.930445225272756
16.845195945197723
51.93961102271211
61.07803687942799
1.405447359527623
0.06127079099542203
0.010417978132015742
13.741039397032635
34.57938628735537
0.0799633603916322
0.4276622912346358
2.0869556949835397
1.2387445308789504
30.01483406803921
0
29.640011217060916
0
14.808603982505362
0.008523981753176722
0.008536860995556932
9.072005723243898
5.982467540172188
1.2800812477632386
2.4347962591409726
0
0.00033682437444201694
0.014751809617683506
0.07078652243041984
0.030718267867184103
0.008382439525613019
0.00022121099472108743
0.0001574699809573659
0.0013076377764234825
1.9913082584005173
0.44084354335377507
0.15542961843958597
0.17514642504149439
0.004824665029770339
0.07252038953042614
0.0070491065415411265
0.0015433311529581793
0.0729185191661174
1.4931167660004743
0.022221759787578812
7337507689143572e-21
0.02046053918133731
0.001155207029753729
0
0.9186579913582947
0.5217438384730785
0.041659669763601595
0
0.4196471310640383
0.00015145585542852025
0.06695740263147856
0
0.00042472928383417767
0
0.1269062360590046
0.7455278153980988
0
0
0
0
0.00981496499830366
0.39437917478666146
0.0026392464442061944
0.004794887086324254
0.3976935107190033
0.36706763393395947
0.18238884810549627
0.498310240571005
0.040854545638280594
0.38564409419168094
0.0008159938442758798
0.37539884179262356
9617940001759754e-22
0.0064779336857554125
0.33732400938386403
0.04011269876549865
3686202372056362e-25
0.0031727965239359284
0.08683063328484905
0.21903981093446645
0.019682695172709524
0.029724459162592507
0.17885078964442888
0.3265568679490653
0.25833294693942227
0.1586499182467377
0.26764776976685833
22805498534588796e-27
0.2146843038890692
0.21471946555771826
0.46847253691793544
0.5651265290729628
0.0005606328484567605
0.619310971510131
0.5206171621595888
11.617185998634554
2.086805123446692
2.7875354599566045
0.10464615974918053
0.48462048849261474
2.5937253514319547
4.16200891387691
0.6383547980375635
5.186711024805632
7.328875723399104
5.201585364157845
2.467738431870857
2.980750957331715
0.6046008831197489
31.395720924888302
619.2222613476556
4.002117771123772
5158.51000277495
1.0999863070655447
23.21854776815645
1.172480207580973
45.13208388481829
1.3040513887299046
1.396946657720497
1.0999852968073323
0.9263667620477364
1.0888621574387443
52.625316225051556
0
0.0008656749085695906
0.0008565354688298861
0
0.009178761971957937
0.00830190678480362
0.008304672224534869
0.007747178865151764
0.007367380224030449
0.01003849808988976
0.007453923381568115
0.010505243307432122
0.006418487278467634
0.008033878505043652
0.009848621069681799
0.01813873910947746
0.00847834557898894
0.009345738215973584
0.00887004400011594
0.009759376831804353
0.005523647200648938
0.012605639844728716
0.01971467053396106
0.013324285599811013
0.008221126156236496
0.001901058124589988
0.007446103794465825
0.02294860409873841
0.07229319663149823
0.04166025337977015
0.11491830342366449
911992430137756e-19
0.010113231066485375
0.22747853312238622
4806103729805882e-21
0.07415746442364722
0.010934518368827195
0.001269611928579437
5486351262203495e-21
1204423341049163e-21
0.10283149501461093
0.08940283889233552
0.004144292963539792
0.04061962066960044
0.020277960989652594
0.005784845079368266
0.012114235388096592
0.00048288288558611634
0.33927800292957216
15699130004565515e-25
0.07903758038256638
0.0003419139778469494
0.009633654008058485
0.01092258743055477
0.0001570615894056856
0.00017087492210457488
0.35157866223804385
0.00039350615194446776
0.05689703586259678
0.24481377881266747
13179228294717707e-22
2586165919719829e-21
0.00014472624151071884
12571472329657942e-21
0.00059448347277089
17003071972973767e-21
14432276800030315e-23
10044040753436704e-22
19076985486227337e-21
0.07682231462188623
0.07763577643664374
4349986611715945e-20
0.00021268299733180328
0.019648464127312585
0.008164441395442704
0.09187252664381629
0.0202277105700114
2782886258695059e-20
0.13853430963986038
0.03874932389164361
5573478468844929e-22
0.28094429165549367
445896355717606e-21
0.0037651120224343362
0.0009825866807163055
2299456595305027e-27
0.2873494924194239
0.3500445716334855
0.018127886392604976
0.27472728002511865
0.35750918326636877
0.007407612125499829
0.194438375948789
2233218459326613e-25
4630617561885457e-21
0.0006294308908645838
912067064919686e-19
0.13246857504257964
8645600529485343e-22
0.00011181475765835122
0.164442259697383
0.0009291935480617902
0.011861904384810953
12200746898513202e-21
0.1395593576433661
0.09757759222406065
0.02128233108941072
31469093247257836e-21
0.00015344992910961197
12006679609298557e-23
0.013693251535268168
0.16570805635964445
833331451902252e-23
11103302105735848e-21
9106337385318922e-21
9650249205687058e-20
10586406856974621e-21
0.31122307056861875
0.16439997632842443
0.005156525643633651
0.0015484518676263084
0.04197438649294305
0.005885160805482224
6760416234408616e-20
0.028466344528393594
8323703912381513e-20
0.0007209877495134635
0.081566151214244
997037913109313e-21
0.35608097172328196
0.35649421066061543
0.0018282753586573216
0.0005370962902700547
5829910095279877e-24
0.0010308386210522375
10390421299965281e-24
0.010285001273658473
0.0293761655389438
0.0009039426587334404
0.0003376383684900302
0.00015455051194395816
26181812184366786e-22
0.006125574404148606
0.03069879206268034
0.021500459973995564
11257175949402819e-24
0.3575446140131055
0.06778520432339381
0
0
8177945091085402e-20
6661751084172656e-20
1033638228273687e-21
7596604483528417e-22
0.00019348489257309915
0.009759181012754818
0.005392314657314468
152042336770599e-22
0.00013149948863468595
7328732399197839e-21
0.05674018567941666
0.013417823438538376
0.10135104355630192
384563587292315e-21
0.06103241701045555
0.0076923641410449614
0.0001201442330017168
0.12509744124612676
0.0002964300801570536
1854955945723583e-28
8514857818388172e-20
3736157243897941e-21
0.00012471654828517467
0.016362504446432478
0.003904686292360796
0.0001635523615819106
0.0001521162462752826
3799874511333078e-24
0.0005144928581056727
0.022977376949852982
13135133569946986e-24
0.0018060559353001197
0.001801000100867979
44187461000139486e-21
0.10918840646909737
4337248488597938e-20
0.31770544880693113
0.001910873516125225
0.18501897774142184
0.0033032398747683336
0.0007009031057440466
0.0005693051090727504
4475131404302113e-20
0.34179290091099324
12101997462469913e-21
21567647985603182e-21
0.008305459973643316
0.0064465183861755725
217159847836767e-22
8723047860604826e-20
0.003056132762043627
0.13374420985477772
0.030317458225616226
0.0001001132710135318
0.02305429499678486
0.00035412710775484344
0
0.11374267772265433
0.012348037333123354
0.32914096025068884
0.3077787191057206
0.31948429437673503
0.052511883201885205
0.02977531651943445
0.3575292752983853
0.32543967084785075
0.3576524287706069
0.3032498379444156
0.21484597641615646
0.0007652356522606924
0.01575234595183271
0.1422803016909448
0.2734828772756246
0.13815496285122056
0.0002992373080612545
0.02706663959979735
0.257608467606087
0.11540222339203694
0.16828704765095978
