1.0286705043488844
1.0009745528318812
8.951897913006583
0
8.977800216380913
6506105948442386e-20
9.35230733015223
0
10.066462860603828
0
19.739901879559476
0
10.200565964076166
0
14.248369280255952
0
30.650415643676173
15.342973488658009
9.622789294511296
3.57799674942578
26216482477684054e-37
15.395940124306197
2.384121462123907
0.052360928974029775
0
0.13976308206813987
0.0025715039757581936
0.0344785693294758
0.006943589614722435
0.3250448814000271
0.30244457905242833
0.010844157408946575
0.0012454355648440854
0.05799616808762257
0.01203871515622273
0.003832568722422935
840003740973247e-23
0.14732199976904387
0.15354235706515765
0.04967514495156085
0.04108191958450361
0
0.10519310971128648
0
4.515174951474568
3.7029671856394155
4.216680953137751
0
5.3239326507065865
0
3.8600730081748003
0.20341580052320615
32.54675389573345
32.930347043203525
16.842226008424262
51.9052915364867
61.073971262804655
1.4071417936644275
0.06107388254769474
0.010431432530730854
13.705601336925579
34.58052820902418
0.07993792811799831
0.42772965998405016
2.089866651650631
1.2392560529700587
30.02876381247562
0
29.65385139983695
0
14.808687387309956
0.00851246405230803
0.008525551586323638
9.039458061179525
5.9864173055950305
1.2800650707300978
2.434758263489973
0
0.00033697544521628164
0.014772937449821067
0.07078735495382196
0.030717712480926238
0.008387308739055646
0.00022103464419356213
0.00015734882070959506
0.0013079513220970293
1.9913621089984754
0.4408511444338208
0.15544545836749013
0.17511346939752565
0.00482941519721564
0.07253410074877926
0.0070523175449328235
0.0015406583142045381
0.0729010892633486
1.4938617545365689
0.022219483827414507
7320383093810792e-21
0.02043690773622805
0.0011548887390694733
0
0.9186316375242217
0.521745871440972
0.04168195055940621
0
0.41964314554061055
0.00015198242602496376
0.06700878291062291
0
0.00042439493424049457
0
0.12690571371048373
0.7454959624717746
0
0
0
0
0.009778485005907734
0.39437588547069563
0.0026348600635797163
0.004791348168093175
0.39768816865827245
0.3670459024323137
0.1823839215221196
0.49892868196636925
0.04074288936002068
0.38589357598297397
0.0008159975922413385
0.3754019027809401
9617905294313715e-22
0.006458578614432926
0.3374023616273844
0.04008331284506973
3678981846175255e-25
0.0031815069040872826
0.08681071237220475
0.2190364386422774
0.019684071136604326
0.029726707040911002
0.17881724531134494
0.3265103492762183
0.2583287543238101
0.15865867010271517
0.2676484028551776
2276097418943487e-26
0.21467542133305773
0.21471077131943475
0.4684663721084399
0.5651221044164354
0.0005600820926178081
0.6192286986872166
0.5206463495465318
11.617502013653604
2.0868188265411116
2.787564205566279
0.10464481810032274
0.48463199820937775
2.5937547629152458
4.162079657043781
0.6383496011794433
5.186654957042871
7.328754256346862
5.201503823918456
2.467749032268719
2.9806763304745627
0.6046222452812708
31.396095765826537
619.2222344430809
4.002117757462357
5158.231432466045
1.0999863060501618
23.218547729959607
1.172479458392015
45.13206154448913
1.3040518447562348
1.3969466486151294
1.0999852957917111
0.9263563418493607
1.0888595571091975
52.67119423818004
0
0.000865686279774303
0.0008565372822667652
0
0.009178702688113374
0.00830180271650837
0.008304422277696602
0.0077465958772188455
0.007367137535201542
0.010038403333682114
0.007453470513431272
0.010505371428667771
0.006418022881962448
0.008033673359068282
0.009848540542058993
0.01813884707049594
0.008478046900646458
0.009345699727668163
0.008869786102636907
0.009759362138330384
0.0055240242965324884
0.012605575382226349
0.019714313644346334
0.013324201444258686
0.008221053822294676
0.0019010578483912531
0.007446099532694693
0.022948562946396557
0.07229276453707836
0.041660114931896204
0.11491715015296082
9119924237931706e-20
0.010113223182874565
0.22747307985891319
4806103728044034e-21
0.0741570087250749
0.010934509144819849
0.0012696118054704112
5486351259907611e-21
12044233409385161e-22
0.10283058640018347
0.08940216389997833
0.004144291647890572
0.04061948920590061
0.02027792895044547
0.005784842511557105
0.012114224052297217
0.00048288286779187527
0.3392601560841121
15699130004563637e-25
0.07903705962731586
0.000341913968926915
0.009633646858014279
0.010922578226781103
0.00015706158752381316
0.00017087491987709887
0.35155712428243835
0.0003935061401287819
0.05689677307288115
0.24480721696888272
13179228293392878e-22
25861659192096835e-22
0.00014472623991285686
125714723176032e-19
0.0005944834457981341
1700307195092205e-20
14432276799871444e-23
10044040752667223e-22
19076985458468065e-21
0.07682182398794767
0.07763527485637511
43499865972823226e-21
0.00021268299388083788
0.01964843406674979
0.008164436267879414
0.09187181160111478
0.020227678691118748
2782886252787836e-20
0.13853257684276848
0.0387492045060884
5573478468607993e-22
0.2809347943759168
4458963557024408e-22
0.003765110936948276
0.000982586607000411
22994565953050267e-28
0.28733936006752103
0.3500236323337757
0.018127860846341156
0.2747183610699667
0.35748191543041313
0.0074076079078457405
0.19443463919024942
22332184593265747e-26
4630617560249921e-21
0.0006294308606262758
912067058574062e-19
0.13246700454318486
8645600528915216e-22
0.00011181475670461509
0.1644397194532539
0.0009291934821432064
0.011861893519218828
12200746887158955e-21
0.13955759646225915
0.09757677967820262
0.021282295759675437
31469093171720345e-21
0.00015344992731329915
120066796091886e-21
0.013693237027588793
0.16570547161597568
8333314519017223e-24
11103302096332354e-21
9106337378993761e-21
9650249134647508e-20
10586406848426278e-21
0.31121012432376377
0.16439743756224412
0.005156523604667045
0.0015484516844504455
0.04197424589955851
0.005885158147563844
6760416199546229e-20
0.028466280827016122
8323703859530846e-20
0.0007209877098347023
0.08156559486741932
9970379130334895e-22
0.3560569688571916
0.35646984856183456
0.0018282751032216952
0.0005370962682547657
58299100952772845e-25
0.0010308385399146003
10390421299957046e-24
0.010284993118500209
0.02937609763297179
0.0009039425963504829
0.00033763835979172795
0.00015455051012178362
2618181217913824e-21
0.0061255715239174205
0.03069871779661925
0.021500423907873815
1125717594939315e-23
0.3575174445504099
0.06778482649641826
0
0
8177945040069572e-20
6661751050320479e-20
10336382281921944e-22
7596604483088248e-22
0.00019348488971708338
0.009759173674199016
0.005392312427068897
1520423367704227e-23
0.00013149948731555803
7328732395101075e-21
0.05673992438442725
0.013417809512668017
0.10135016262964519
3845635872810348e-22
0.06103211316180218
0.007692359591548117
0.00012014423190058434
0.12509605524827538
0.00029643007345269817
1854955945723583e-28
8514857763082092e-20
37361572428332293e-22
0.00012471654709863048
0.016362483672683777
0.0039046851247352566
0.00016355235954126896
0.00015211624451006114
3799874511331977e-24
0.0005144928379048676
0.022977335692971335
13135133569933825e-24
0.0018060556860412117
0.0018009998530039515
4418746085120411e-20
0.10918737336294006
4337248474248727e-20
0.3176915763989113
0.001910873237064204
0.18501565002802872
0.0033032390396637986
0.0007009030682459418
0.0005693050843370249
4475131389026044e-20
0.34177444338082713
1210199745129872e-20
21567647950122232e-21
0.008305454666637822
0.006446515195156449
21715984783640732e-24
8723047802561068e-20
0.0030561320473927326
0.13374260602055868
0.030317385823452538
0.00010011327024897798
0.023054253459771055
0.00035412709818606223
0
0.11374154973178416
0.012348025552639032
0.32912519893748277
0.30776623167128064
0.31947015165520837
0.05251166049546039
0.029775246725050542
0.35750345424531527
0.3254245633111396
0.35762587951795216
0.30323792314931114
0.2148412354251908
0.0007652356075601779
0.015752326710998663
0.14227846379979292
0.27347406990537504
0.13815324048752953
0.000299237301229296
0.02706658209677373
0.2576009748489369
0.1154010596207636
0.16828437069895008
