1.0293283572568404
0.8973972607511094
8.593748935153299
0
8.61842183856781
6240749729812962e-20
8.980689165865465
0
9.672257387719503
0
18.968401770236515
0
10.151288349862995
0
14.17729664281624
0
30.637369815274557
15.425368405903042
9.367675187862147
3.6218937450993898
17337085523122157e-37
15.516070271549669
2.3844079596777
0.050387125081991356
0
0.13879699906354978
0.0025678029077371395
0.034262972190979846
0.006943533455835671
0.3229436628034095
0.3005551934788199
0.010419854387154474
0.0011875456164481175
0.05760945478412365
0.011566876160927903
0.003680654237397693
7950424459893223e-24
0.1465780620618615
0.15298005430402312
0.05052460075862379
0.041776057727204996
0
0.10512451886591051
0
4.520231086186945
3.7083907767683493
4.223646853687134
0
5.324254312551339
0
3.9069668585549793
0.205436491888699
32.54553652000643
32.92942164061926
16.815329952151078
51.61899430749756
61.03486679961595
1.42165364643113
0.05922675507487799
0.01055614042850446
13.379715880554167
34.59019777193015
0.07971952515033329
0.4282298338008929
2.114850957307334
1.2437120841581004
30.148771230618888
0
29.773390899633565
0
14.809366497562129
0.008402238036499601
0.008417299780527859
8.743633261419324
6.020090050593883
1.279925479933004
2.4344305813145715
0
0.0003382714386794629
0.014954824137199991
0.07079387688063825
0.030712907728028302
0.008429322226100794
0.0002195274516063667
0.0001563145973004721
0.0013106775980125077
1.9918115248465904
0.4409169612408241
0.15556240185748535
0.17482616620678956
0.004870033075536411
0.07265067074224113
0.007079925508226767
0.0015175755932506846
0.07274845735477956
1.5001113536622712
0.02219941434804788
7173072435923164e-21
0.020229850816312615
0.0011521139150381492
0
0.9184043502462707
0.521760098639383
0.04187403230171648
0
0.41960998035869107
0.0001568776526212633
0.06744702580708763
0
0.000421606976689101
0
0.1269012087118719
0.7452212937506476
0
0
0
0
0.009466114368904174
0.3943474412232425
0.002596950969864116
0.00476076840479877
0.3976420898303473
0.36685700767717944
0.18234077555985834
0.504228935603522
0.039713385863160235
0.38807131471776013
0.0008160368736152149
0.37543160204618176
9617605933060334e-22
0.006280790719471507
0.33808559901375923
0.03982958483601054
361727169488493e-24
0.0032636270542042677
0.08663900239643631
0.2190073416076482
0.019695707646774054
0.029745847625939466
0.17852796120768996
0.3261091128277225
0.2582925856856315
0.15873300730131137
0.2676514445047975
2238030325327092e-26
0.2145965860143908
0.2146336740192186
0.46841320770515593
0.5650839367284161
0.0005553663348520388
0.6184732869684348
0.5208946786522821
11.620117712610254
2.086936780023486
2.7878111959916927
0.1046332193784606
0.484727264343968
2.5940079367206295
4.16268753185329
0.6383046544471693
5.186133538852548
7.327638206640419
5.200760773071146
2.467840135484339
2.980007542730819
0.604802368145672
31.399111727142056
619.2220023966966
4.002117639635461
5155.829445050412
1.099986297292694
23.21854740051965
1.1724729968109426
45.13186886419585
1.304055786767152
1.396946570082148
1.0999852870321891
0.926266470443444
1.088837130057918
53.059168605833904
0
0.0008657778705379611
0.0008565529972742338
0
0.009178191188780948
0.008300800765595875
0.008302162930473204
0.007741475090074099
0.007364955419559986
0.010037503097078435
0.007449473802666401
0.010506344682165972
0.006413936053499031
0.008031803881635513
0.009847723555118112
0.018139551186557346
0.008475365262148619
0.009345253075358996
0.008867452578098399
0.009759116137256782
0.005527227034205936
0.012604864428248137
0.01971098862056852
0.013323312312613184
0.008220327083569725
0.0019010554662355357
0.007446062775894939
0.022948208018960248
0.07228903791861509
0.041658920866505654
0.11490720391029231
9119923690724266e-20
0.010113155188605045
0.22742605200680507
4806103712848456e-21
0.07415307853467673
0.010934429589973283
0.0012696107436808355
5486351240106092e-21
120442333998421e-20
0.10282275012052118
0.08939634244100246
0.004144280300703506
0.040618355376140766
0.020277652620963288
0.005784820364760361
0.012114126283795284
0.00048288271432022695
0.33910626966629526
15699130004547427e-25
0.07903256836260808
0.00034191389199345924
0.009633585190571278
0.010922498846444806
0.00015706157129305077
0.00017087490066557685
0.35137141859308546
0.0003935060382209323
0.05689450661591571
0.24475062971304623
13179228281966481e-22
2586165914809784e-21
0.0001447262261316262
12571472213633522e-21
0.0005944832131637044
1700307176073052e-20
144322767985012e-21
10044040746030614e-22
19076985219050058e-21
0.07681759250101859
0.07763094896404041
4349986472795305e-20
0.00021268296411697225
0.01964817480247643
0.008164392043832463
0.0918656447356067
0.020227403744300168
27828862018392497e-21
0.13851763272319007
0.03874817484545318
5573478466564461e-22
0.28085289561401294
4458963555716441e-22
0.003765101574866862
0.0009825859712161834
22994565953050226e-28
0.2872519854406489
0.34984308715400847
0.018127640516554966
0.27464144893010745
0.3572468222496505
0.0074075715315448515
0.19440241339561537
22332184593262462e-26
4630617546143763e-21
0.0006294305998271379
9120670038443608e-20
0.13245346008113976
8645600523997997e-22
0.00011181474847883704
0.16441781199785296
0.0009291929136091483
0.011861799806130719
1220074678923091e-20
0.1395424075592649
0.09756977191783749
0.02128199105039666
3146909252022501e-20
0.0001534499118204706
12006679608240237e-23
0.013693111902470788
0.16568318040586108
8333314518971538e-24
1110330201522914e-20
9106337324440545e-21
9650248521945995e-20
10586406774698577e-21
0.31109848797009176
0.164375542852372
0.005156506019032164
0.0015484501045971374
0.041973033330028595
0.005885135223613355
6760415898865316e-20
0.02846573142163096
8323703403704716e-20
0.000720987367613623
0.08156079664778443
9970379123795275e-22
0.35585001621026313
0.3562597995512176
0.0018282729001433459
0.0005370960783774558
5829910095254926e-24
0.0010308378401194028
1039042129988602e-23
0.010284922782202948
0.029375511964420585
0.0009039420583104602
0.0003376382847706663
0.0001545504944059031
2618181213404313e-21
0.006125546682571005
0.030698077274547424
0.021500112847489736
11257175949309784e-24
0.35728319918878637
0.06778156790373668
0
0
8177944600068538e-20
6661750758352415e-20
10336382274893381e-22
7596604479291883e-22
0.0001934848650845355
0.009759110380890975
0.005392293191697038
15204233676890197e-24
0.00013149947593835118
73287323597673195e-22
0.05673767081873475
0.013417689405495254
0.10134256513589746
38456358718374536e-23
0.061029492592337156
0.007692320353183602
0.00012014422240354334
0.12508410193871927
0.0002964300156290153
1854955945723583e-28
8514857286078526e-20
3736157233650311e-21
0.00012471653686493096
0.01636230450446106
0.003904675054219207
0.0001635523419411549
0.00015211622928538952
3799874511322479e-24
0.0005144926636771043
0.02297697986391247
13135133569820326e-24
0.0018060535362357346
0.0018009977152290207
44187459566667086e-21
0.10917846344015374
4337248350489732e-20
0.31757195486656165
0.0019108708302218852
0.18498695166732654
0.0033032318370674043
0.0007009027448325699
0.0005693048709965163
4475131257273089e-20
0.3416152923379292
12101997354949472e-21
21567647644106322e-21
0.0083054088949458
0.006446487673337238
217159847833305e-22
8723047301945599e-20
0.003056125883682437
0.13372877407796535
0.030316761376832577
0.00010011326365485852
0.02305389521466138
0.0003541270156572999
0
0.11373182150641066
0.012347923948846956
0.32898929216990036
0.3076585511399075
0.3193481995680773
0.05250973973747394
0.02977464476960955
0.35728083035083896
0.32529429301437013
0.35739697944941745
0.3031351799163365
0.2148003496935826
0.0007652352220275264
0.01575216076373092
0.14226261335130616
0.27339811991690577
0.13813838634553172
0.00029923724230506294
0.02706608615007184
0.25753636040174616
0.11539102281957368
0.16826128430483905
