1.029384664336952
0.8890209569075367
8.563598849487267
0
8.587969853002024
6218459271038704e-20
8.94942662084691
0
9.639018479390163
0
18.90337348474269
0
10.147191973276913
0
14.171215116349149
0
30.636264272482297
15.432450855637246
9.346076462501879
3.6256370042630097
16731878841918339e-37
15.52626144333582
2.3844307441613446
0.05022074993961348
0
0.13871379473660184
0.0025674765062594367
0.03424451892286597
0.0069435286454900234
0.3227638455953605
0.30039347719426285
0.010384210421845652
0.0011826795761377307
0.0575763678677404
0.011527244051068359
0.0036678289091446924
791295718983622e-23
0.1465136521388477
0.15293117387741142
0.050597439633002214
0.04183604105858555
0
0.10511890989071832
0
4.52064467376645
3.7088732778275832
4.224281039592246
0
5.324285068579207
0
3.910960742093559
0.2056051769215559
32.54542633674053
32.929335289777676
16.812915859069495
51.595217176503034
61.03115026650158
1.4228863521355803
0.05905592205983228
0.010567586194840146
13.350040512297259
34.59101045361311
0.07970090981556181
0.42826568169389684
2.1169777651616086
1.2440971482524217
30.1590277699798
0
29.783632194838635
0
14.809421699356403
0.008391834770925866
0.008407081513296815
8.717000392468686
6.022937818134923
1.279913529935545
2.434402536158116
0
0.0003383817536387444
0.01497035496624779
0.0707943853208646
0.030712495605929417
0.008432918559801812
0.0002193996251685282
0.00015622699185952448
0.0013109127581105414
1.9918488589438959
0.440922614731794
0.15557073833989896
0.17480132022764955
0.004873478331568265
0.07266050732750293
0.0070822811117313405
0.00151559768193583
0.07273520645566672
1.5006310354317147
0.022197661519373954
716049819528653e-20
0.02021185973912152
0.001151873952910962
0
0.9183848969432219
0.5217610403995053
0.04189046017803963
0
0.41960724006291567
0.00015732880780871595
0.06748410493728427
0
0.0004213755807436939
0
0.1269008231320153
0.7451977889257789
0
0
0
0
0.009439580024960424
0.39434500005562334
0.0025937002904536815
0.004758146234710417
0.3976381454540041
0.36684072983341265
0.182337027944654
0.5046794853173736
0.03961943788990735
0.38825987913886734
0.0008160408195010174
0.37543442083421125
961758030877904e-21
0.006264624664958368
0.3381447004577186
0.039807847575553224
3612036649836898e-25
0.0032712913255377443
0.08662431404193721
0.21900485015415402
0.019696686296062374
0.029747467204297644
0.17850320316394375
0.32607476841545585
0.258289489262674
0.15873928340132293
0.2676515221090454
22347999015505223e-27
0.21458967026623946
0.21462690521781339
0.46840865768672363
0.5650806693778987
0.0005549656918568897
0.6184048009935025
0.5209156760482251
11.620333292644638
2.086946856117058
2.787832257108057
0.10463222421632522
0.48473511585646484
2.5940295643734648
4.162739368356028
0.6383007963677154
5.186086089320219
7.327537587088049
5.200694182056762
2.4678478982863505
2.9799484626871555
0.6048174737710023
31.399353692179268
619.2219825353392
4.002117629550397
5155.623905626666
1.099986296543123
23.21854737232216
1.1724724437516336
45.13185237230316
1.3040561249026204
1.3969465633602491
1.0999852862824426
0.9262587782074763
1.08883521049859
53.09174167548924
0
0.0008657852172065766
0.000856554348219867
0
0.009178147385776604
0.008300707138196856
0.008301961745986727
0.0077410298276310895
0.007364761946924642
0.010037419800909114
0.007449124885856972
0.010506418052658457
0.006413580093164827
0.008031636327320629
0.009847644398285107
0.018139594345740084
0.008475127784597452
0.00934520620378814
0.008867244622961746
0.009759086092596844
0.005527497525053602
0.012604791896799803
0.019710685416705967
0.013323223899308578
0.008220257129665105
0.001901055262341717
0.0074460596298078765
0.02294817764019385
0.07228871895805351
0.04165881866540755
0.11490635262945956
9119923643887577e-20
0.010113149368846915
0.2274220272410368
4806103711547834e-21
0.07415274215069681
0.010934422780725539
0.0012696106527999669
5486351238411237e-21
12044233399025288e-22
0.10282207942382056
0.08939584418711133
0.004144279329474202
0.04061825833062339
0.0202776289694889
0.005784818469171163
0.012114117915610408
0.00048288270118425266
0.3390931014320591
1569913000454604e-24
0.07903218395722156
0.000341913885408556
0.009633579912337273
0.010922492052133694
0.00015706156990382414
0.00017087489902122043
0.3513555281921125
0.0003935060294984161
0.05689431262906395
0.24474578689285248
13179228280988472e-22
25861659144331868e-22
0.00014472622495206034
12571472204734528e-21
0.0005944831932520151
17003071744451607e-21
1443227679838392e-22
10044040745462573e-22
19076985198557743e-21
0.07681723032955613
0.07763057871258122
4349986462140187e-20
0.00021268296156941763
0.019648152611634866
0.008164388258609956
0.09186511691922994
0.020227380211169696
2782886197478448e-20
0.13851635369796145
0.038748086715801495
557347846638955e-21
0.28084588682782474
44589635556044893e-23
0.003765100773546764
0.0009825859167980294
22994565953050226e-28
0.2872445080882738
0.3498276382214688
0.018127621658167437
0.2746348668510483
0.357226707290523
0.0074075684180253945
0.19439965536699316
22332184593262183e-26
4630617544936386e-21
0.00062943057750477
9120669991599253e-20
0.13245230084512805
8645600523577121e-22
0.00011181474777477459
0.1644159370260693
0.0009291928649470815
0.011861791785055389
12200746780849034e-21
0.13954110758438978
0.09756917213156731
0.021281964969860682
3146909246446209e-20
0.00015344991049440535
12006679608159065e-23
0.013693101192789317
0.16568127259138574
8333314518967629e-24
11103302008287336e-21
9106337319771215e-21
9650248469503525e-20
1058640676838806e-20
0.31108893462926474
0.16437366897138336
0.005156504513841707
0.001548449969374086
0.041972929545157814
0.005885133261506063
6760415873129375e-20
0.028465684397305954
8323703364689553e-20
0.0007209873383221743
0.08156038597070588
9970379123235535e-22
0.35583230826661455
0.35624182674482946
0.0018282727115771385
0.0005370960621254415
5829910095253012e-24
0.0010308377802224118
10390421299879942e-24
0.01028491676198661
0.029375461836301124
0.000903942012258444
0.00033763827834944914
0.00015455049306074635
2618181213018334e-21
0.006125544556350102
0.030698022451472667
0.021500086223355055
11257175949302649e-24
0.3572631567439291
0.06778128900088594
0
0
8177944562407879e-20
6661750733362226e-20
10336382274291791e-22
7596604478966944e-22
0.0001934848629761816
0.00975910496349633
0.005392291545302359
15204233676877177e-24
0.00013149947496455104
73287323567430265e-22
0.056737477935239325
0.013417679125307605
0.10134191487612533
3845635871754182e-22
0.06102926829724934
0.007692316994694813
0.00012014422159067072
0.12508307888167866
0.00029643001067975936
1854955945723583e-28
8514857245250741e-20
37361572328643245e-22
0.0001247165359890061
0.016362289169149193
0.0039046741922627525
0.00016355234043472245
0.0001521162279822764
37998745113216655e-25
0.0005144926487645688
0.02297694940797519
13135133569810612e-24
0.001806053352229265
0.0018009975322522713
4418745945672074e-20
0.10917770085400734
4337248339896927e-20
0.31756171828882535
0.0019108706242150883
0.18498449551821328
0.0033032312205820364
0.0007009027171509135
0.0005693048527362358
4475131245996063e-20
0.34160167369303834
12101997346702727e-21
2156764761791375e-20
0.008305404977257532
0.006446485317689541
21715984783303947e-24
8723047259096821e-20
0.0030561253561174674
0.1337275902379803
0.030316707929667817
0.00010011326309045332
0.023053864551931605
0.0003541270085934822
0
0.11373098888481989
0.012347915252393326
0.32897766221779734
0.30764933627646457
0.31933776358325766
0.0525095753388292
0.029774593247482207
0.3572617819230514
0.32528314531565244
0.35737739419610604
0.3031263875140887
0.2147968505552252
0.0007652351890289462
0.015752146560019796
0.1422612567585311
0.2733916201700678
0.13813711502098644
0.00029923723726160847
0.027066043701322894
0.25753083066185556
0.11539016378819837
0.16825930843664033
