1.0299482973220604
0.8091761722589784
8.266193754461225
0
8.289067332828461
5998554934810461e-20
8.640636872246485
0
9.310701590809915
0
18.26140999025544
0
10.107175844113241
0
14.11036392258757
0
30.625295468999326
15.503590610098703
9.131472617277774
3.662953606594262
11702569336469155e-37
15.627391468712498
2.3846447108591686
0.04857776692135483
0
0.13787663338614847
0.002564125198307605
0.03405981411738281
0.006943480464509039
0.3209642545802286
0.29877479667467327
0.01003333837059771
0.0011351744049879187
0.05724529914502041
0.01113715559588016
0.0035410285367743956
754947201833584e-23
0.14586262173444975
0.1524353606749896
0.05132715551661145
0.04244122458905805
0
0.1050650135432902
0
4.524608299447005
3.7138470500438667
4.230989366009199
0
5.324623128931717
0
3.9507263139500144
0.20724992754962204
32.544263275284024
32.928399156331224
16.78769652777539
51.36311361636653
60.99010349224387
1.4351312567122005
0.05723047237877396
0.010689629108281033
13.03603500359931
34.599015091467614
0.07951524440406038
0.4285608237583968
2.138144009367647
1.2479831144062035
30.261505434648868
0
29.88617750427989
0
14.809951810301362
0.008278316621789752
0.008295573414931178
8.438198980431144
6.051122048123247
1.2797939428086405
2.4341218210733464
0
0.0003394800824291999
0.015125366453789495
0.07079907056083849
0.030708364731939358
0.00846890369447045
0.00021813072811653725
0.00015535831001289347
0.0013132821504227728
1.9922134046487152
0.440979358850797
0.1556390725959052
0.1745504025177629
0.004907663312108808
0.0727577138357237
0.007105789736069053
0.001495783762514118
0.0726009747560675
1.5056920038370116
0.02217982032644755
7034956986016859e-21
0.020029454069776336
0.001149450706364003
0
0.9181901751563168
0.5217680622530529
0.04205470865987163
0
0.41958063088077113
0.00016216831231076324
0.06785118984148149
0
0.0004191180553298117
0
0.12689696360122893
0.744962546541732
0
0
0
0
0.009175858823327268
0.3943205021860584
0.002561116334842062
0.004731856750244891
0.3975986589285221
0.36667690234301803
0.18229903826287636
0.5091579747842816
0.0386239454424502
0.3901662487276727
0.0008160854534235718
0.37546507099921916
9617323800250194e-22
0.006093888615834106
0.33874170941438514
0.03959011068751357
35600374835267727e-26
0.0033543887992350395
0.08647735989067588
0.21897990228719777
0.019706342306649575
0.029763526858869398
0.17825539682184133
0.3257309672043102
0.2582584884754872
0.15880140419366187
0.26765081605085334
22027037738545463e-27
0.21451908085163943
0.21455772388973965
0.46836311525974933
0.565047958959421
0.0005509829974368162
0.6176858003176339
0.5211237658361754
11.622423828937867
2.0870475399684945
2.7880423685740463
0.10462224000528754
0.48481125325416025
2.594245679225178
4.1632565240138675
0.6382620735235155
5.18558855750058
7.326489677763139
5.200003453411873
2.4679256526377134
2.979342636640547
0.6049661518601269
31.401645517806706
619.2217837234998
4.00211752859907
5153.566910703088
1.0999862890399295
23.218547090065723
1.1724669076510363
45.13168728904909
1.3040595158397033
1.396946496073378
1.0999852787774893
0.9261817795348047
1.0888159959260262
53.41239173862982
0
0.0008658547320799891
0.0008565679174644281
0
0.009177708626249288
0.008299706295030428
0.008299884852421687
0.007736516610898336
0.007362771143163379
0.010036535636742052
0.0074455771267679625
0.010507072152911337
0.00640996703323354
0.008029898152819674
0.009846777402452028
0.018139888019648182
0.008472686414403782
0.009344667154144995
0.008865096553966246
0.009758712652800063
0.005530176070751382
0.012603971425228738
0.01970749987012424
0.013322239310257878
0.008219494229495208
0.0019010532213690073
0.00744602813759918
0.022947873551436695
0.07228552624540628
0.04165779564784135
0.11489783166925017
9119923175053069e-20
0.010113091113344247
0.22738174332379882
4806103698528619e-21
0.07414937503644205
0.010934354620496538
0.0012696097430842637
5486351221445761e-21
12044233390849014e-22
0.10281536600148146
0.08939085682653418
0.004144269607496712
0.04061728691929944
0.02027739222012296
0.00578479949438736
0.012114034150530133
0.0004828825696933762
0.33896131578941074
1569913000453215e-24
0.07902833616838496
0.00034191381949378555
0.009633527077457382
0.010922424041419358
0.00015706155599768803
0.00017087488256123956
0.3511965051230966
0.00039350594218617695
0.056892370860179835
0.24469731561902472
13179228271198605e-22
2586165910663455e-21
0.00014472621314462537
12571472115655737e-21
0.0005944829939363557
17003071581499954e-21
14432276797209926e-23
10044040739776483e-22
1907698499342999e-20
0.07681360509301266
0.07762687259861276
43499863554826244e-21
0.00021268293606843734
0.019647930483041382
0.008164350368688986
0.09185983365271869
0.020227144646412974
27828861538268917e-21
0.13850355132634234
0.038747204550421466
55734784646387e-20
0.2807757386259633
4458963554483855e-22
0.0037650927523546
0.0009825853720733311
22994565953050194e-28
0.28716967063355386
0.34967303223866014
0.018127432887086358
0.27456898903531635
0.35702541926674597
0.007407537251816781
0.19437204970001565
2233218459325937e-25
4630617532850561e-21
0.0006294303540582623
9120669522688003e-20
0.13244069746996912
8645600519364161e-22
0.00011181474072712085
0.16439716976623617
0.0009291923778407003
0.011861711494516534
12200746696946579e-21
0.1395280955236952
0.09756316848361934
0.021281703905867522
31469091906276134e-21
0.00015344989722051354
12006679607346525e-23
0.013692993989508042
0.16566217660904636
8333314518928487e-24
11103301938799999e-21
9106337273031295e-21
9650247944555233e-20
10586406705219888e-21
0.3109933220025624
0.1643549126293231
0.00515648944693315
0.001548448615794123
0.041971890674376996
0.0058851136208790235
6760415615513013e-20
0.028465213688833875
8323702974148409e-20
0.000720987045115299
0.08155627521356457
9970379117632543e-22
0.355655100580169
0.3560619691921328
0.0018282708240334425
0.0005370958994430619
5829910095233854e-24
0.0010308371806546667
10390421299819088e-24
0.010284856499910086
0.029374960059328513
0.0009039415512786149
0.0003376382140731727
0.00015455047959574887
26181812091546908e-22
0.006125523272953023
0.030697473678752946
0.021499819718002987
11257175949231223e-24
0.3570625941314918
0.06777849725098073
0
0
8177944185425303e-20
6661750483210828e-20
10336382268269884e-22
7596604475714307e-22
0.00019348484187159339
0.009759050735626974
0.005392275064945253
1520423367674688e-23
0.00013149946521682717
7328732326469893e-21
0.05673554721062101
0.013417576221225165
0.10133540601596064
384563587092063e-21
0.061027023152376854
0.0076922833763557194
0.00012014421345382877
0.12507283855789575
0.0002964299611377901
1854955945723583e-28
8514856836565267e-20
37361572249966136e-22
0.00012471652722101243
0.016362135663710906
0.0039046655641027024
0.00016355232535535805
0.00015211621493813513
3799874511313528e-24
0.0005144924994903474
0.022976644546747173
13135133569713367e-24
0.001806051510328437
0.0018009957006589151
44187458356159494e-21
0.10917006767220157
4337248233863117e-20
0.31745926848781175
0.0019108685620915166
0.18495991130124387
0.00330322504957955
0.0007009024400580303
0.0005693046699511473
4475131133113215e-20
0.3414653811857619
12101997264152946e-21
21567647355726484e-21
0.0083053657613615
0.006446461737740623
21715984783038154e-24
8723046830181221e-20
0.003056120075205448
0.13371574059585883
0.030316172929582604
0.00010011325744076637
0.023053557620736808
0.00035412693788478553
0
0.1137226546916974
0.012347828201366975
0.32886126923301273
0.3075571108461016
0.31923331833057367
0.05250792973934685
0.02977407751671174
0.35707116341464123
0.3251715780764434
0.35718140525140235
0.3030383897578345
0.21476182737629188
0.0007652348587137564
0.015752004381800883
0.14224767799904797
0.27332656632103425
0.13812438972703922
0.00029923718677671383
0.02706561879368301
0.2574754845949794
0.11538156525005304
0.16823953130560723
