1.0303412469891389
0.7576129671666412
8.063584094275381
0
8.086114755636931
5848839420569268e-20
8.430018383093083
0
9.086578582917694
0
17.82327910510942
0
10.080322190880922
0
14.067974875597805
0
30.61775451640907
15.553435596613248
8.983745339093353
3.6887753109518124
9105250775685413e-37
15.696862559700303
2.3847790721840325
0.04745652142069402
0
0.13728853572594937
0.0025616979750369287
0.033931065323589624
0.006943446843713751
0.3197101296828351
0.2976464827600832
0.009794930972169085
0.0011032046921759873
0.057014645443811206
0.010872144702143562
0.003454354772465821
7307236147778603e-24
0.14540206162589778
0.15208269154907453
0.05183603867966682
0.04286806256569554
0
0.10502983392277408
0
4.527172958962775
3.717464368465359
4.236082017338712
0
5.324893322041854
0
3.9781834549363526
0.2083429031028644
32.54337940016368
32.927659361767226
16.768904071262376
51.20753175651789
60.95673555237219
1.4435548079257365
0.055829714673087304
0.01078349517107002
12.797509206669064
34.60445540185737
0.07938652306379428
0.428695386306598
2.152748238659567
1.25072584438431
30.332693577102113
0
29.957658487529166
0
14.810298742316988
0.008188157595471417
0.00820700288637352
8.229982690377327
6.070404091606766
1.2797106491806653
2.4339261319661096
0
0.00034023885462577345
0.015232834331324871
0.07080191195478626
0.030705479613606656
0.00849396140204136
0.0002172578981138881
0.00015476181243163084
0.0013149503634364527
1.9924579255428756
0.44101906408425245
0.15566991301170569
0.17437309962861672
0.004931144573853988
0.07282409391789912
0.0071220964836004146
0.0014819574383260795
0.07250569753288369
1.5090608401459409
0.022167067495149236
6947806727410323e-21
0.01989981202167818
0.0011477385825038138
0
0.9180544254819225
0.5217703667446003
0.042168935371275265
0
0.4195629325080882
0.00016593542754669383
0.06810242793106566
0
0.0004176060090025776
0
0.12689427297149744
0.7447985854384885
0
0
0
0
0.008994125232790176
0.394303352525184
0.0025383577265604518
0.004713483680419793
0.3975711263462156
0.36656175695926096
0.18227204002231895
0.5122422933177679
0.03786662287562047
0.39151559352989673
0.0008161221500353693
0.3754890829081543
961714495998491e-21
0.005964659503009522
0.33916374640364544
0.03943816980219963
3524215881011448e-25
0.003420062180018128
0.08637498987397349
0.2189625002191145
0.019712926865926347
0.029774562790639416
0.17808265610641982
0.3254912629391711
0.2582368696473344
0.15884397404910278
0.2676487649692341
21805841721876508e-27
0.21446843586502742
0.21450801328090982
0.46833136717329116
0.5650251495252353
0.0005482377193944726
0.6171483187379567
0.5212666371207645
11.62381039415262
2.087117538369551
2.7881880723172023
0.10461525346457709
0.48486175131626513
2.594395932583981
4.163615172020919
0.6382349590951794
5.18521815600759
7.325716674444913
5.199496578931391
2.4679796224707027
2.9789053338312783
0.6050671465619453
31.403106524219318
619.2216451173025
4.002117458218539
5152.133315054201
1.099986283808906
23.218546893284167
1.172463048046954
45.13157219782823
1.3040618864582263
1.3969464491619639
1.099985273545239
0.9261280986722394
1.0888026002460989
53.63021485530758
0
0.0008658989483471064
0.0008565774235564683
0
0.009177402342675698
0.008298941800267452
0.008298370818489392
0.0077333113353959225
0.0073613264465695605
0.010035866475546327
0.0074430460032967475
0.010507443916305542
0.006407395751539192
0.00802862242470685
0.009846094682005896
0.018139947658659106
0.008470917044053054
0.00934421808071944
0.008863529337650363
0.009758376063240839
0.0055320128855904345
0.01260330039763082
0.019705121170185032
0.013321448448163586
0.008218896648193814
0.0019010517984593526
0.007446006182162155
0.022947661551366804
0.0722833004559568
0.04165708244253651
0.11489189146017156
911992284819435e-19
0.010113050499382523
0.22735366268823903
4806103689451974e-21
0.07414702766594101
0.010934307101280445
0.001269609108855475
548635120961789e-20
12044233385148739e-22
0.10281068584439378
0.08938737993829478
0.004144262829610545
0.040616609691352015
0.02027722716650602
0.005784786265718311
0.01211397575212525
0.00048288247802151616
0.33886946870703527
15699130004522467e-25
0.07902565370494714
0.00034191377353979857
0.009633490242580098
0.010922376626440014
0.00015706154630270685
0.00017087487108578716
0.3510856811244247
0.00039350588131445766
0.05689101715065906
0.24466352843774664
13179228264373372e-22
25861659080353013e-22
0.00014472620491280178
12571472053552416e-21
0.0005944828549789104
1700307146789447e-20
14432276796391448e-23
10044040735812295e-22
19076984850420473e-21
0.0768110777773989
0.07762428890090485
43499862811238585e-21
0.00021268291828984567
0.019647775622481788
0.008164323952965298
0.09185615048201586
0.020226980418661233
27828861233942084e-21
0.1384946265592777
0.038746589540469084
5573478463418054e-22
0.28072684356364885
44589635537025785e-23
0.003765087160206562
0.0009825849923061887
22994565953050178e-28
0.28711750752043425
0.34956528555601263
0.018127301282159152
0.2745230701537359
0.35688515380754404
0.007407515523656971
0.19435280609515176
22332184593257408e-26
46306175244246505e-22
0.00062943019827745
912066919577578e-19
0.13243260851214006
8645600516426998e-22
0.0001118147358136876
0.16438408700782206
0.0009291920382434618
0.01186165551844678
12200746638452055e-21
0.1395190245848895
0.09755898312126307
0.021281521901009667
31469091517124e-18
0.00015344988796631604
12006679606780047e-23
0.013692919250777461
0.16564886470896042
83333145189012e-22
11103301890355308e-21
9106337240445488e-21
9650247578575504e-20
1058640666118075e-20
0.3109266808520573
0.1643418374813362
0.005156478942718214
0.001548447672115496
0.04197116641698938
0.005885099928004043
6760415435909862e-20
0.028464885528227932
8323702701873701e-20
0.0007209868406994692
0.0815534094274852
997037911372629e-21
0.3555316083888087
0.35593663109712886
0.0018282695080902016
0.0005370957860253375
5829910095220498e-24
0.0010308367626524636
10390421299776666e-24
0.010284814487029729
0.02937461023907049
0.0009039412298960897
0.0003376381692614991
0.00015455047020831767
26181812064610637e-22
0.0061255084347881916
0.03069709109506462
0.021499633919636697
11257175949181427e-24
0.35692283391983837
0.06777655098650986
0
0
8177943922603261e-20
6661750308812047e-20
10336382264071576e-22
7596604473446656e-22
0.0001934848271580469
0.00975901292960196
0.005392263575315985
15204233676656045e-24
0.00013149945842097824
7328732305364282e-21
0.056734201200525955
0.013417504479750052
0.10133086846208368
38456358703394997e-23
0.06102545794698232
0.0076922599386462336
0.00012014420778104306
0.12506569977721088
0.00029642992659847445
1854955945723583e-28
8514856551640824e-20
37361572195114595e-22
0.00012471652110820482
0.01636202864472471
0.003904659548794246
0.00016355231484243397
0.00015211620584411347
3799874511307854e-24
0.0005144923954204248
0.02297643200814063
13135133569645573e-24
0.0018060502262061268
0.0018009944237226865
4418745758887799e-20
0.10916474634010731
4337248159939215e-20
0.31738786281293174
0.0019108671244360735
0.18494277378329127
0.003303220747330405
0.0007009022468764342
0.0005693045425183639
447513105441435e-19
0.34137039390933854
12101997206601474e-21
21567647172936615e-21
0.008305338421209391
0.006446445298489263
21715984782852846e-24
8723046531152883e-20
0.0030561163935018715
0.13370747996718374
0.030315799947584127
0.00010011325350195769
0.02305334363902994
0.0003541268885886038
0
0.11371684467906629
0.012347767512109802
0.3287801475567308
0.3074928301280636
0.3191605221369115
0.05250678250242291
0.029773717968457538
0.3569383295213836
0.3250938190552514
0.35704483065316
0.3029770552167479
0.21473741354208067
0.0007652346284270277
0.015751905259752765
0.1422382120221213
0.2732812216957931
0.13811551868993682
0.0002992371515800163
0.027065322563519557
0.25743690585168943
0.11537557096097839
0.16822574460023218
