1.0338858730177158
0.41538689084724356
6.409715133482032
0
6.426027446469531
46326599733573414e-21
6.707575950556136
0
7.2453747545768055
0
14.230823950341309
0
9.872611232888383
0
13.688151155559668
0
30.553839235490823
16.00988911190709
7.7277068410005505
3.909050818055352
900376519793362e-37
16.268704532183218
2.385512952239383
0.038238200451683343
0
0.13184434669285836
0.002536359351541679
0.03277217646788069
0.006943142662182005
0.3084329600225168
0.28748997786784314
0.007875101716885522
0.0008508499805867679
0.05494304920712297
0.008739286194095194
0.0027399538693355617
5470567353016889e-24
0.1410149940607788
0.1486454261631676
0.05633542110370421
0.046861882021823474
0
0.10479590429299179
0
4.541128804700951
3.754509014154519
4.303055519472354
0
5.329038942214552
0
4.208492887514115
0.21438666112767785
32.53010012756966
32.914653658998276
16.537972552689784
50.00900971563129
60.257221438118236
1.5130173287952564
0.03801410212237884
0.012123073372760352
9.64333564419337
34.64834286885658
0.07825118783629079
0.42685685422214753
2.274823771402741
1.276638380859139
30.955497083614404
0
30.59388044528658
0
14.812876315693186
0.00675298593098972
0.006796787918020815
5.723205912564757
6.2266262831808445
1.2789705047403876
2.432161592068232
0
0.0003467176111461634
0.016158435072410084
0.07081373247798954
0.03067940571665911
0.008716020684704682
0.00020989069907382786
0.00014976707314302091
0.001330548437285249
1.9943527377078758
0.4413788544158287
0.1552213410906609
0.17268813996019888
0.005124785511158311
0.07336570239950468
0.007265046902597111
0.001357387857702149
0.07158701752860412
1.5319950838970373
0.02204109608860798
6179201900880886e-21
0.018641435295111797
0.0011314860073912078
0
0.9168298314888633
0.5216952366007684
0.043174799740891584
0
0.41942902155972045
0.00022860440228808073
0.07013669881367204
0
0.00040598478201430343
0
0.12687000740764967
0.7433211593027026
0
0
0
0
0.007447613434926816
0.3941454687933644
0.0023325638938492916
0.004546112124269431
0.39732263011325303
0.3654934091556353
0.182009559660481
0.5378441057906387
0.02792773438834093
0.4044370481614758
0.0008166693282710587
0.3758079129558153
9615531568480711e-22
0.004312378625064979
0.3431888153449546
0.03806555556548906
32165497779521855e-26
0.0045716310792560865
0.08545480283360163
0.21880518750242753
0.019767572168630048
0.029868860943529366
0.17652536184049672
0.3233284215231844
0.25804166177801263
0.1592039836937144
0.26757968877635135
19903362479620017e-27
0.2139652134681086
0.21401179224416433
0.46804498302669006
0.5648192243540033
0.0005248954814800164
0.6108812240463657
0.5224836061652399
11.634013210045167
2.0877410572146404
2.789471105187963
0.10455106101623163
0.48523332820722165
2.5957344506481923
4.166774065547434
0.6379850400363253
5.18114455585501
7.317429694090097
5.19411526357842
2.4684593487108506
2.9745178900444524
0.6058917127465948
31.411887577065148
619.2203948131923
4.002116823346789
5139.21948973827
1.099986236622148
23.21854511820444
1.1724282328311706
45.13053402383555
1.3040834875130631
1.3969460259637145
1.0999852263474132
0.9256438874350377
1.0886817711456929
55.39552226976506
0
0.0008661572700001498
0.0008566643051232819
0
0.009174613339205598
0.008289906119036367
0.008282600242665266
0.007702530052869335
0.007346476984736341
0.010028151881611576
0.007418375281070667
0.010508097031519684
0.0063825169269515385
0.00801506654995665
0.009837426555389914
0.01813583242771066
0.008452804960333068
0.009337819916673672
0.008847165857256225
0.009752895349183287
0.005547580191021223
0.01259407611121323
0.019678603000238493
0.013310964647590202
0.008211401064465275
0.0019010389630656475
0.007445808134752123
0.02294574928054176
0.07226322568604725
0.041650649483162785
0.11483832132607878
9119919899746208e-20
0.010112684146077609
0.227100516310637
4806103607575558e-21
0.07412585642787707
0.010933878460676295
0.0012696033877709857
5486351102923868e-21
12044233333729078e-22
0.10276847783413794
0.08935602257086919
0.0041442016897830485
0.0406105012263647
0.02027573835117864
0.005784666937083346
0.012113448978536516
0.000482881651090793
0.33804208058194046
15699130004435096e-25
0.07900146049742249
0.00034191335900938294
0.00963315797772675
0.010921948926078945
0.00015706145884857543
0.000170874767570816
0.35008756583506695
0.00039350533221789034
0.056878807388450546
0.24435895991407686
13179228202805948e-22
25861658843278786e-22
0.00014472613065716455
125714714933457e-19
0.0005944816015064128
17003070443109434e-21
1443227678900832e-22
10044040700053088e-22
19076983560394613e-21
0.076788283733235
0.07760098638706926
4349985610366217e-20
0.0002126827579170609
0.019646378748683736
0.00816408567220893
0.09182293289359536
0.020225499052643592
27828858488743773e-21
0.13841414614979003
0.03874104224748966
5573478452407137e-22
0.28028616737109335
44589635466550246e-23
0.0037650367162753223
0.000982581566600547
22994565953050012e-28
0.2866473950602871
0.34859484942834046
0.018126114175205
0.27410920305215747
0.3556223687746676
0.0074073195263693135
0.19417930408728967
22332184593239701e-26
4630617448418226e-21
0.0006294287930490352
9120666246845013e-20
0.13235966390795856
8645600489932167e-22
0.0001118146914917784
0.16426612024559978
0.0009291889748918237
0.011861150594892338
12200746110798712e-21
0.13943722628549418
0.09752123692305285
0.02127988018562545
3146908800675403e-20
0.00015344980448829778
12006679601670096e-23
0.013692245084014431
0.16552883225089776
8333314518655049e-24
11103301453357084e-21
9106336946503282e-21
9650244277234053e-20
1058640626392307e-20
0.3103261853899442
0.164223939326797
0.005156384189784752
0.0015484391596318652
0.04196463377461682
0.005884976412044306
676041381578908e-19
0.028461925506787434
8323700245803772e-20
0.0007209849967568422
0.08152756298312656
9970379078489677e-22
0.354419575838387
0.3548080034720412
0.0018282576375881167
0.0005370947629350384
582991009510002e-23
0.0010308329920461928
10390421299393994e-24
0.010284435515080204
0.029371454852737573
0.0009039383308509195
0.0003376377650353802
0.00015455038552845737
2618181182163038e-21
0.006125374587857266
0.03069364019146087
0.021497957986901524
11257175948732237e-24
0.3556645883638899
0.06775899711682934
0
0
8177941551801656e-20
6661748735637597e-20
10336382226200477e-22
7596604452991174e-22
0.00019348469443366935
0.009758671904706133
0.005392159933532842
15204233675836643e-24
0.0001314993971186316
732873211497986e-20
0.05672206087891525
0.013416857348809279
0.10128994636707642
3845635865097379e-22
0.06101134073209364
0.007692048520610267
0.00012014415660935147
0.1250013223906497
0.0002964296150346892
18549559457235823e-29
8514853981463229e-20
3736157170032293e-21
0.00012471646596727106
0.016361063305179235
0.003904605287762526
0.00016355222001000283
0.00015211612381097026
379987451125667e-23
0.0005144914566524002
0.02297451487975229
13135133569034018e-24
0.0018060386427451122
0.0018009829050838041
4418745066756977e-20
0.10911675666625303
4337247493104285e-20
0.3167444690992275
0.0019108541560278504
0.18478825552263076
0.0033031819388873286
0.0007009005042726722
0.0005693033930045911
44751303445065786e-21
0.3405147488075135
12101996687454985e-21
21567645524069723e-21
0.008305091801795865
0.006446297009131543
21715984781181256e-24
8723043833750294e-20
0.003056083182674505
0.13363298753144023
0.03031243564849473
0.00010011321797170484
0.02305141349397884
0.00035412644390975115
0
0.11366444852536434
0.012347220074508279
0.328049288408296
0.3069135889174673
0.31850460949837334
0.05249643491577086
0.02977047483810261
0.3557423245631684
0.32439322900298084
0.35581520907870695
0.3024243440668974
0.21451731248148284
0.0007652325511149179
0.015751011151565374
0.14215285207430817
0.2728725276240403
0.13803552271333225
0.00029923683408628315
0.02706265054810051
0.2570891651301596
0.11532151318962489
0.1681014318476164
