1.0363082404501491
0.2740497947576112
5.4522341605802875
0
5.465199753418054
3933247876180278e-20
5.707970432464391
0
6.1713762044774745
0
12.1391470647827
0
9.760687199105572
0
13.43293086390521
0
30.51460430310919
16.325543380258566
6.9497011920058585
4.037920358735534
17749357445384784e-39
16.569807003699456
2.3856133036122773
0.03283761018596041
0
0.1280162055701343
0.002515282498551804
0.031985545573585676
0.006942934157397135
0.30079185690052634
0.28059556605236224
0.006793130827847307
0.0007122406331288579
0.053541918546109776
0.007538126165670902
0.002323979224659065
4522310187063851e-24
0.13780119117672598
0.14604091147418188
0.059151041357021754
0.04966367080914728
0
0.10470847329600674
0
4.537328764226978
3.7826438771187547
4.376806832715943
0
5.334466834911279
0
4.332372680247544
0.2077593089738383
32.50406847597271
32.88553406431074
16.28255920232389
49.36623017665329
58.23823865288222
1.5489969412580615
0.021498169424448453
0.013769708553128255
6.126776750836278
34.673072943898674
0.07750049392184769
0.42198344710854263
2.339953565012707
1.2953721460815615
31.342654885149344
0
31.005068191482057
0
14.814513915533212
0.0047185668194563
0.004790850125274431
3.3525172648659285
6.3067792622736984
1.2784913317619258
2.430956469911264
0
0.0003505680099627005
0.016711871280210754
0.0708100353658181
0.030661685755518264
0.008858251668716436
0.00020551710895269266
0.0001468487674623013
0.0013416515350223178
1.9953862769168285
0.441619592532573
0.15395465733509778
0.1714563199958822
0.005228384765173284
0.07366886928014739
0.007356747162774192
0.0012733642304105497
0.07090572652633717
1.536831941299556
0.02194499727679457
5677303816461131e-21
0.017692150964111992
0.001119641528925275
0
0.9159919793153636
0.5215464580988604
0.04381041486345808
0
0.4193529356563074
0.00036319017925804954
0.07116884469571805
0
0.0003997714486454792
0
0.1268534306260566
0.7423131068131905
0
0
0
0
0.006503118757559901
0.3940335908684146
0.002193044402180203
0.00443013166801968
0.39715266551325973
0.36473884314288474
0.18181162363712372
0.5513792808662794
0.017262563053147956
0.41401332680894515
0.0008172803478045311
0.3761374456764016
961442913892207e-21
0.002613514570919327
0.34616639047849285
0.03713034329196635
30215491441852497e-26
0.007115421701774507
0.08483001198401256
0.2186973350036288
0.019800932576798255
0.02992879900716406
0.17546221967275863
0.32184979877878805
0.2579080971077053
0.15942969217367162
0.2674896182617864
1869551871683349e-26
0.21358197617437372
0.21363217740735377
0.4678490844193833
0.5646783193618572
0.0005108343234684882
0.6048590358520105
0.5232540063034505
11.639026098857329
2.0881582446463582
2.7903129112760516
0.10450572761373687
0.4854159064443659
2.5966301241451517
4.168847285190423
0.6378075812655541
5.1777842552032975
7.3107422710966015
5.189769510699411
2.4687785109301954
2.971203187864604
0.6063816805844404
31.41421195099974
619.219540367396
4.002116389480866
5130.412914345454
1.0999862043751176
23.218543905130055
1.172404441001974
45.129824558251045
1.3040984204590513
1.396945736721107
1.099985194092819
0.9253130033239223
1.0885992052594098
56.404051288520385
0
0.0008662107966877733
0.0008567241198284098
0
0.009172665903746722
0.008281954469585582
0.008270075685519605
0.007679967233618652
0.007334816102128213
0.010021503876155762
0.0074000058707713754
0.010506307097315102
0.00636410729841704
0.008004101572931006
0.00982941858971406
0.018129154690071182
0.008438650138795138
0.009331500582993391
0.008834143546720246
0.009747119197915361
0.005557308821717219
0.012585145206217894
0.019656276440164978
0.013301015730172998
0.008204532877230655
0.0019010301915160534
0.0074456727938580205
0.022944442542503947
0.07224950996518119
0.0416462538245961
0.11480172631795803
9119917884802248e-20
0.010112433790963066
0.22692768036848868
4806103551621907e-21
0.07411139166019584
0.010933585540980126
0.0012695994780450878
54863510300100764e-22
12044233298589313e-22
0.10273964320480602
0.08933459953899402
0.00414415990786115
0.04060632728151938
0.02027472097026099
0.005784585390319883
0.012113088999099799
0.0004828810859741491
0.3374778128511561
15699130004375394e-25
0.07898493132459966
0.0003419130757230938
0.009632930917329592
0.010921656648905098
0.00015706139908319006
0.00017087469682959671
0.34940709498153566
0.00039350495697038356
0.056870464847598674
0.24415103847587052
13179228160731295e-22
25861658681264266e-22
0.00014472607991151233
12571471110505191e-21
0.0005944807448954353
17003069742780042e-21
14432276783962754e-23
10044040675615554e-22
19076982678801912e-21
0.07677271036730658
0.07758506567019854
43499851519761805e-21
0.00021268264831972647
0.019645424194076187
0.008163922837156634
0.09180023918462465
0.02022448676204817
27828856612698626e-21
0.1383591734218734
0.038737251731245766
5573478444882373e-22
0.2799854109616955
4458963541838787e-22
0.0037650022437083304
0.0009825792255091705
22994565953049875e-28
0.2863265670199951
0.3479332116835393
0.01812530296107529
0.27382672872955943
0.3547619632601801
0.0074071855864645065
0.19406082338459676
22332184593227614e-26
46306173964760784e-22
0.0006294278327296326
912066423157123e-19
0.13230983729494217
8645600471825827e-22
0.00011181466120257081
0.16418555145724023
0.0009291868814290463
0.011860805546771266
12200745750204899e-21
0.13938135360702825
0.09749544989143288
0.02127875832407309
3146908560779712e-20
0.00015344974744015263
12006679598178004e-23
0.013691784383246164
0.16544685311899449
8333314518486833e-24
11103301154716204e-21
9106336745625671e-21
965024202112589e-19
10586405992440543e-21
0.30991647910146475
0.16414341738022298
0.005156319437433363
0.0015484333422995044
0.04196017000696924
0.005884892003773783
6760412708612473e-20
0.028459902830239074
8323698567346785e-20
0.0007209837366247673
0.08150990445370009
9970379054409267e-22
0.3536616235627548
0.35403876810538487
0.0018282495254317757
0.0005370940637649066
58299100950176896e-25
0.0010308304152537083
10390421299132474e-24
0.010284176536889232
0.029369298683386995
0.000903936349673331
0.00033763748879094956
0.00015455032765898414
26181811655579723e-22
0.006125283119679605
0.030691282096291194
0.02149681274379924
11257175948425263e-24
0.3548072663645461
0.06774700356602266
0
0
8177939931616296e-20
6661747660543704e-20
10336382200319682e-22
7596604439012069e-22
0.00019348460373100524
0.009758438858032925
0.005392089106761124
1520423367527666e-23
0.0001314993552251431
73287319848727605e-22
0.056713765780202825
0.013416415122953641
0.10126199006006587
38456358615149595e-23
0.0610016950254503
0.0076919040426559416
0.000120144121639063
0.12495734649181713
0.00029642940211482334
18549559457235816e-29
8514852225026057e-20
37361571362186487e-22
0.00012471642828443757
0.016360403633063295
0.003904568206666348
0.00016355215520235354
0.00015211606775023982
37998745112216925e-25
0.0005144908151072614
0.022973204822447746
13135133568616082e-24
0.0018060307267486106
0.0018009750333858414
4418744593760691e-20
0.10908397306475273
4337247037394996e-20
0.3163055296594342
0.0019108452935780373
0.18468273331605717
0.0033031554177880016
0.0007008993133944997
0.0005693026074379415
4475129859361681e-20
0.33993124214590326
12101996332674678e-21
21567644397248115e-21
0.008304923268387955
0.006446195671401458
21715984780038913e-24
872304199036867e-19
0.0030560604868837154
0.13358210390488218
0.030310136729724872
0.00010011319369063795
0.023050094542139663
0.00035412614002030743
0
0.11362865532467945
0.01234684597424466
0.327550760185909
0.3065183681378469
0.31805713988743556
0.05248936463561262
0.02976825871346304
0.3549272908527647
0.3239153203357638
0.3549773328049873
0.30204720603390456
0.21436702705937366
0.0007652311315006447
0.015750400154788978
0.14209454727587445
0.27259358117924226
0.1379808807928052
0.0002992366171139464
0.027060824667112262
0.2568517922896326
0.11528458513576564
0.16801653040866776
