1.0363082404501491
0.274049795023179
5.452234160299202
0
5.465201261374672
3933247599817135e-20
5.707970041069426
0
6.171376154872077
0
12.139145958396949
0
9.760687183300414
0
13.43293086387522
0
30.51460430312897
16.325543381443577
6.9497008312940896
4.037920234031438
1774934494205248e-38
16.569806621988775
2.385613303801463
0.03283761018220491
0
0.12801620557031793
0.0025152824983014294
0.0319855455737949
0.006942934157397103
0.3007918568962757
0.280595566054196
0.006793130386297815
0.0007122408304123592
0.05354191854532966
0.007538125674965807
0.0023239792250461266
452231114399516e-23
0.13780119117682046
0.14604091147400727
0.05915103954557652
0.04966367087216377
0
0.10470847328597133
0
4.537328646276746
3.782643873968626
4.376807961267888
0
5.334466822128528
0
4.332372503346335
0.207759342476733
32.50406790500023
32.88553338313898
16.282559364499207
49.36623003654285
58.23878134504944
1.5489968854210763
0.021498199257080637
0.01376983428999825
6.126783789727895
34.67307294395857
0.07750049392218694
0.4219834472137438
2.33995347025793
1.2953721459367546
31.342654896249268
0
31.00506818780636
0
14.814513915795253
0.004718571355367631
0.004790867106938842
3.352521543535214
6.306779149486382
1.278491331753912
2.4309564699112043
0
0.000350568010109024
0.016711870761907582
0.07081003537101267
0.030661685755224096
0.008858251671895726
0.00020551710850154112
0.00014684876713358215
0.0013416515349471377
1.9953862770450104
0.4416195925394794
0.1539546539507664
0.17145632000369657
0.005228384680262238
0.07366886928930855
0.0073567471639219275
0.0012733642303378188
0.07090572653581778
1.5368318971289057
0.021944997279009667
5677303816550057e-21
0.01769215070950173
0.0011196415290060742
0
0.9159919793105705
0.521546458100728
0.04381041487956785
0
0.4193529356581966
0.00036319324448574
0.07116884312503433
0
0.0003997714477855351
0
0.12685343062605647
0.7423131068131935
0
0
0
0
0.006503118759937919
0.3940335908683889
0.0021930444020546737
0.004430131668022787
0.39715266551325973
0.364738843156342
0.18181162363864603
0.5513792613763957
0.01726258375289247
0.4140133264575356
0.0008172803477971893
0.3761374456727167
961442913892206e-21
0.0026135177963186973
0.3461663902289099
0.037130343293663985
30215491442564596e-26
0.007115480690608472
0.08483001198784013
0.21869733500363148
0.0198009325786967
0.029928799009296805
0.1754622196727043
0.3218497987816515
0.2579080971077047
0.15942969218371816
0.2674896182829158
18695518718240892e-27
0.21358197619257316
0.21363217741660293
0.46784908441941797
0.564678319361857
0.0005108343232730525
0.6048590223904309
0.5232540063333317
11.639026099819757
2.088158244646326
2.790312911275928
0.10450572761372734
0.48541590647938726
2.5966301241450815
4.168847285190116
0.6378075812655112
5.177784255567201
7.310742271756468
5.189769511057496
2.4687785108172773
2.971203188144015
0.6063816806205535
31.414211953325612
619.219540367396
4.002116389480866
5130.412914345454
1.0999862043751176
23.218543905130055
1.172404441001974
45.129824558251045
1.3040984204590627
1.396945736721107
1.0999851940928196
0.9253130033239223
1.0885992052594098
56.40405054045125
0
0.0008662107967422306
0.0008567241198283862
0
0.009172665903746196
0.008281954470504184
0.00827007568643689
0.007679967234444417
0.007334816102862095
0.010021503876893934
0.007400005871580647
0.010506307098476293
0.006364107299172749
0.008004101573819878
0.009829418590794163
0.01812915469208205
0.008438650139731158
0.009331500584008749
0.008834143547687287
0.009747119198965353
0.005557308822335839
0.012585145207584058
0.019656276442344914
0.013301015731611477
0.008204532878140684
0.0019010301915160534
0.0074456727938580205
0.022944442542503947
0.07224950996518119
0.0416462538245961
0.11480172631795803
9119917884802248e-20
0.010112433790963066
0.22692768036848868
4806103551621907e-21
0.07411139166019584
0.010933585540980126
0.0012695994780450878
54863510300100764e-22
12044233298589313e-22
0.10273964320480602
0.08933459953899402
0.00414415990786115
0.04060632728151938
0.02027472097026099
0.005784585390319883
0.012113088999099799
0.0004828810859741491
0.3374778128511561
15699130004375394e-25
0.07898493132459966
0.0003419130757230938
0.009632930917329592
0.010921656648905098
0.00015706139908319006
0.00017087469682959671
0.34940709498153566
0.00039350495697038356
0.056870464847598674
0.24415103847587052
13179228160731295e-22
25861658681264266e-22
0.00014472607991151233
12571471110505191e-21
0.0005944807448954353
17003069742780042e-21
14432276783962754e-23
10044040675615554e-22
19076982678801912e-21
0.07677271036730658
0.07758506567019854
43499851519761805e-21
0.00021268264831972647
0.019645424194076187
0.008163922837156634
0.09180023918462465
0.02022448676204817
27828856612698626e-21
0.1383591734218734
0.038737251731245766
5573478444882373e-22
0.2799854109616955
4458963541838787e-22
0.0037650022437083304
0.0009825792255091705
22994565953049875e-28
0.2863265670199951
0.3479332116835393
0.01812530296107529
0.27382672872955943
0.3547619632601801
0.0074071855864645065
0.19406082338459676
22332184593227614e-26
46306173964760784e-22
0.0006294278327296326
912066423157123e-19
0.13230983729494217
8645600471825827e-22
0.00011181466120257081
0.16418555145724023
0.0009291868814290463
0.011860805546771266
12200745750204899e-21
0.13938135360702825
0.09749544989143288
0.02127875832407309
3146908560779712e-20
0.00015344974744015263
12006679598178004e-23
0.013691784383246164
0.16544685311899449
8333314518486833e-24
11103301154716204e-21
9106336745625671e-21
965024202112589e-19
10586405992440543e-21
0.30991647910146475
0.16414341738022298
0.005156319437433363
0.0015484333422995044
0.04196017000696924
0.005884892003773783
6760412708612473e-20
0.028459902830239074
8323698567346785e-20
0.0007209837366247673
0.08150990445370009
9970379054409267e-22
0.3536616235627548
0.35403876810538487
0.0018282495254317757
0.0005370940637649066
58299100950176896e-25
0.0010308304152537083
10390421299132474e-24
0.010284176536889232
0.029369298683386995
0.000903936349673331
0.00033763748879094956
0.00015455032765898414
26181811655579723e-22
0.006125283119679605
0.030691282096291194
0.02149681274379924
11257175948425263e-24
0.3548072663645461
0.06774700356602266
0
0
8177939931616296e-20
6661747660543704e-20
10336382200319682e-22
7596604439012069e-22
0.00019348460373100524
0.009758438858032925
0.005392089106761124
1520423367527666e-23
0.0001314993552251431
73287319848727605e-22
0.056713765780202825
0.013416415122953641
0.10126199006006587
38456358615149595e-23
0.0610016950254503
0.0076919040426559416
0.000120144121639063
0.12495734649181713
0.00029642940211482334
18549559457235816e-29
8514852225026057e-20
37361571362186487e-22
0.00012471642828443757
0.016360403633063295
0.003904568206666348
0.00016355215520235354
0.00015211606775023982
37998745112216925e-25
0.0005144908151072614
0.022973204822447746
13135133568616082e-24
0.0018060307267486106
0.0018009750333858414
4418744593760691e-20
0.10908397306475273
4337247037394996e-20
0.3163055296594342
0.0019108452935780373
0.18468273331605717
0.0033031554177880016
0.0007008993133944997
0.0005693026074379415
4475129859361681e-20
0.33993124214590326
12101996332674678e-21
21567644397248115e-21
0.008304923268387955
0.006446195671401458
21715984780038913e-24
872304199036867e-19
0.0030560604868837154
0.13358210390488218
0.030310136729724872
0.00010011319369063795
0.023050094542139663
0.00035412614002030743
0
0.11362865532467945
0.01234684597424466
0.327550760185909
0.3065183681378469
0.31805713988743556
0.05248936463561262
0.02976825871346304
0.3549272908527647
0.3239153203357638
0.3549773328049873
0.30204720603390456
0.21436702705937366
0.0007652311315006447
0.015750400154788978
0.14209454727587445
0.27259358117924226
0.1379808807928052
0.0002992366171139464
0.027060824667112262
0.2568517922896326
0.11528458513576564
0.16801653040866776
