1.0374051906097022
0.226793683646596
5.06165873671938
0
5.073377107293948
36489563019456336e-21
5.299848802291438
0
5.731941939679393
0
11.283805619156013
0
9.716742564164072
0
13.319004664925515
0
30.498064397502063
16.468544382474803
6.618804538640367
4.088717873777331
8432358521783163e-39
16.66815421347811
2.385573148605768
0.030617538679945103
0
0.12626407969528622
0.0025046036867742093
0.03163170860593727
0.0069428396539832505
0.29735927431452874
0.27749426935999744
0.006362119013146261
0.0006573564701259016
0.05291316146660904
0.007059794567816322
0.002154970368413037
4160386820754144e-24
0.13629626483296034
0.1447971772547307
0.06031305119105476
0.0509239627786717
0
0.10468050842390927
0
4.530294162459008
3.7956293337595066
4.4139091131776365
0
5.3378517511658075
0
4.372640800237065
0.1966591316630834
32.47715181697658
32.85430410777884
16.129659445234413
49.11384769402035
55.934535068394325
1.5601390853555428
0.014427942109412473
0.014513939206565267
4.346321442796187
34.68291124825129
0.07716671194202446
0.4187420237037453
2.3608955904748177
1.304022422720805
31.500262024115145
0
31.179300010909117
0
14.81536654806528
0.00351283935672686
0.00358943364107594
2.284946062826149
6.332275393539988
1.2782873756888629
2.4304109521224864
0
0.00035207920523693936
0.016934619212223872
0.07080574094308503
0.03065367874825014
0.008917915800884293
0.00020377744180424983
0.00014570402598948444
0.0013467338659543505
1.9957978088467063
0.44172479053904046
0.15303171696722287
0.17088256997538975
0.005263459785629869
0.07378609755884614
0.007396080374360346
0.0012359040502049428
0.07058684917775064
1.5347450898297337
0.021899349359488493
5457739143693948e-21
0.01723793010566939
0.001114141144501682
0
0.9156115680510336
0.521453871495275
0.0440737330355234
0
0.4193181288107202
0.0005054251135603572
0.07148827783954013
0
0.00039733935258612287
0
0.12684592560094343
0.7418570310391639
0
0
0
0
0.006109054444591969
0.3939817009761001
0.002130672194621983
0.004377229826111492
0.3970756589814229
0.36439201824637085
0.18171794582993567
0.5557186170700991
0.012063277025715646
0.41851460999189344
0.0008176242434154917
0.37631803941338726
9613930047372283e-22
0.0018094496409610046
0.347567573676297
0.03670915766853192
29370990957565006e-26
0.009786519148084745
0.0845487262421999
0.21864840308300906
0.019815175137327046
0.02995495417426862
0.1749811386535427
0.3211801783209972
0.2578475826185653
0.15952751125411502
0.26743952213454375
18172032365633777e-27
0.21339975611415574
0.21345142860493196
0.4677602519678373
0.564614464145866
0.0005051236248595328
0.601496574829728
0.5235894751046107
11.640868820270796
2.0883446187285535
2.790684206668091
0.10448474709816907
0.4854830299016949
2.597030272504303
4.169761867192396
0.6377251664825221
5.1761496364516875
7.307516610489054
5.187661330903068
2.4689204707263133
2.9696492543232735
0.6065875149371185
31.414474882817185
619.2191534386831
4.002116193008089
5126.429891294214
1.0999861897723022
23.21854335579882
1.17239366721689
45.12950328597483
1.3041052062784255
1.3969456057310792
1.0999851794865794
0.9251631710939077
1.0885618179991323
56.802206686105855
0
0.0008662072227679389
0.0008567511367803849
0
0.009171769363983647
0.00827797837855989
0.00826403724303279
0.007669434209750767
0.007329209187275532
0.010018207878736906
0.007391373447149671
0.010505028083425034
0.006355473252529798
0.00799877591215332
0.009825351981160245
0.01812531391463072
0.008431867474880266
0.009328228395208972
0.008827860561390516
0.009744074113025913
0.005561474332611982
0.012580548656203689
0.0196452775745698
0.013295921518650793
0.008201054625435607
0.0019010262194016883
0.007445611506601145
0.022943850820876632
0.07224329976457086
0.04164426343757419
0.11478515839088503
9119916972350771e-20
0.01011232042164496
0.22684945623875258
4806103526283733e-21
0.07410484233174924
0.010933452897166487
0.0012695977075602323
5486350996991637e-21
12044233282676546e-22
0.10272658832977204
0.0893248999760758
0.0041441409873829394
0.04060443728434125
0.02027426027405692
0.005784548462883542
0.01211292598874438
0.00048288083006571114
0.3372225985519608
15699130004348353e-25
0.07897744735554912
0.0003419129474391891
0.009632828096563913
0.010921524296044162
0.00015706137201890985
0.00017087466479499813
0.3490993843167392
0.00039350478704260067
0.05686668739570104
0.24405694108431136
13179228141678113e-22
25861658607897254e-22
0.0001447260569317462
12571470937138863e-21
0.0005944803569862551
1700306942564136e-20
14432276781677906e-23
10044040664549209e-22
1907698227957956e-20
0.07676565912927491
0.0775778571725012
434998494439785e-19
0.00021268259868944875
0.019644991946739184
0.008163849099644235
0.09178996436095983
0.02022402837083041
27828855763146288e-21
0.13833428663426733
0.03873553534759227
5573478441474842e-22
0.2798493219536911
445896353965779e-21
0.003764986633179619
0.0009825781653660724
2299456595304982e-27
0.2861814006958496
0.3476340074447231
0.01812493562103954
0.27369890821508586
0.3543730204324283
0.007407124933622135
0.1940071941078894
22332184593222144e-26
46306173729544826e-22
0.0006294273978569786
9120663318970395e-20
0.13228727987333053
8645600463626511e-22
0.00011181464748634257
0.1641490795116177
0.0009291859334223407
0.011860649297728341
12200745586912813e-21
0.13935605946650975
0.0974837746788621
0.021278250317292895
314690845214483e-19
0.0001534497216063529
1200667959659664e-22
0.013691575763603093
0.1654097428667844
8333314518410657e-24
11103301019479017e-21
9106336654659815e-21
9650240999465115e-20
10586405869501803e-21
0.309731124789008
0.16410696663475952
0.005156290115104601
0.0015484307079732002
0.04195814878087068
0.005884853780546431
6760412207236259e-20
0.028458986924258224
8323697807270768e-20
0.0007209831659845304
0.08150190918488252
9970379043504641e-22
0.3533189242204812
0.3536909747045403
0.0018282458519170183
0.0005370937471514762
5829910094980407e-24
0.00103082924837549
10390421299014045e-24
0.010284059262784794
0.029368322331017577
0.0009039354525139724
0.0003376373636958925
0.0001545503014532526
26181811580384987e-22
0.006125241699479537
0.030690214310919308
0.021496294149480673
11257175948286254e-24
0.35441971489906726
0.06774157307863422
0
0
8177939197928126e-20
6661747173695896e-20
10336382188599765e-22
759660443268174e-21
0.0001934845626570267
0.009758333326499124
0.005392057033717138
15204233675023075e-24
0.00013149933625400861
73287319259547776e-22
0.05671000980864181
0.013416214869226024
0.10124933280327492
3845635859892688e-22
0.06099732754423899
0.007691838617836189
0.00012014410580304454
0.12493743743926244
0.00029642930569577644
18549559457235816e-29
851485142963733e-19
37361571209064042e-22
0.00012471641122006465
0.016360104914450817
0.003904551414897596
0.0001635521258547245
0.00015211604236358298
3799874511205854e-24
0.0005144905245888225
0.022972611597810146
13135133568426823e-24
0.001806027142062877
0.0018009714687602589
4418744379568037e-20
0.10906913050730492
43372468310306215e-21
0.3161069595099511
0.0019108412803004258
0.18463496823364867
0.0033031434079854954
0.0007008987741152923
0.0005693022517005803
44751296396676224e-21
0.3396673347380769
12101996172015193e-21
21567643886975776e-21
0.008304846950476402
0.006446149781926448
2171598477952161e-23
8723041155607836e-20
0.0030560502093276817
0.13355906802622008
0.030309095739681883
0.00010011318269514851
0.0230494972899333
0.0003541260024064337
0
0.11361245036146825
0.012346676569592681
0.32732525486169217
0.3063395629527058
0.3178547136225491
0.05248616322775016
0.029767255213008333
0.35455882372202785
0.3236991348011125
0.3545985564006446
0.30187657676872753
0.2142990061192886
0.0007652304886402825
0.01575012347747073
0.14206815227080163
0.27246735628243735
0.13795614374201867
0.0002992365188597712
0.027059997871701345
0.2567443719625572
0.11526786644531171
0.1679780975625736
