1.03752807401485
0.22202920368671214
5.019499982375505
0
5.0310895746609186
3618305147076426e-20
5.255786036322505
0
5.6844694783529075
0
11.19141670203805
0
9.71206765934096
0
13.306316284959088
0
30.496259738067888
16.484549038129657
6.582560280691279
4.094110934710814
7755456355145234e-39
16.677339821906603
2.385565596895206
0.030377216371956433
0
0.12606726827181086
0.0025033581265528682
0.03159218611468293
0.006942829065790456
0.29697606601686016
0.2771478603255557
0.006316076002831175
0.0006514932396348605
0.05284299369025181
0.007008701842441795
0.002136781414065123
4122221038205016e-24
0.1361259220823271
0.14465545201260202
0.06043828790197078
0.05106421663590626
0
0.10467755386866726
0
4.529256406550551
3.7970839356260404
4.417861888159443
0
5.338267174921685
0
4.376354265938147
0.1949243643159824
32.47305694247395
32.84951854129613
16.1109943912665
49.08697018880439
55.597296515556096
1.5611322474721747
0.01372197572891788
0.014579046898935143
4.157387742224043
34.68396143156262
0.07712954605030924
0.4183389155460672
2.36281228283927
1.3049940278467753
31.517027619419903
0
31.19820328291171
0
14.815469604831156
0.0033773440134992113
0.0034533284888291584
2.1762227392057247
6.334612788672514
1.2782651925398663
2.430349850119361
0
0.00035223739865846576
0.016958488169147884
0.07080516206637559
0.030652780007644608
0.008924355242979255
0.00020359389084376032
0.0001455840137784166
0.001347303133892961
1.995841854229744
0.44173637363027396
0.15291231808960445
0.17081789407057177
0.005266820458675069
0.07379841243690276
0.007400386879794649
0.001231736683264442
0.07055085974466056
1.5343088338697546
0.02189416972195594
54334709622073326e-22
0.017186072762018143
0.0011135219241057586
0
0.9155688799874521
0.5214425371438767
0.04410198853395234
0
0.41931409621480986
0.0005271028443340781
0.07151691726920753
0
0.0003970808170471174
0
0.12684508492806995
0.7418059558036966
0
0
0
0
0.006066271479948108
0.39397583779625234
0.002123727188055774
0.004371290109107619
0.3970670309487057
0.3643529839381028
0.1817073339896611
0.556115832600491
0.01151953224193416
0.4190233971506403
0.0008176654485545572
0.37633951116915193
9613874144983771e-22
0.0017262201240878536
0.34772593339209934
0.03666209991674004
2927784120300153e-25
0.01019066906579881
0.08451730637872158
0.21864291805160488
0.01981673871248652
0.029957848528928688
0.17492726202427103
0.3211051720245006
0.257840802678824
0.1595383115700924
0.267433574359175
18114277316286756e-27
0.21337902252420035
0.21343085757769478
0.46775029412788455
0.5646073090595933
0.000504513332810495
0.6010904215960057
0.5236265703844385
11.64105979570555
2.0883653955274806
2.7907254073051515
0.10448237827280718
0.4854899868623617
2.597074881102998
4.169863358612921
0.637715849890162
5.175962642726867
7.307148552917434
5.187420186066873
2.4689362691941286
2.9694735061883146
0.6066099927468305
31.41447580753063
619.2191100938684
4.002116170998663
5125.9838946311465
1.099986188136454
23.21854329426121
1.1723924603137128
45.12946729630413
1.3041059667618125
1.3969455910568702
1.099985177850347
0.9251463867110467
1.0885576298541657
56.84414020791417
0
0.0008662058004857955
0.0008567541572657597
0
0.009171668299784582
0.008277519613050155
0.008263347784174294
0.007668243159267691
0.007328569084539901
0.010017828580053706
0.007390395327929539
0.010504868257883096
0.006354495621615346
0.007998166451772684
0.009824880760051042
0.018124854580147363
0.008431094438483002
0.00932784723638763
0.008827143034441896
0.009743717689463404
0.005561930808312706
0.012580014151522411
0.01964401382249586
0.013295329876321543
0.008200651895151718
0.001901025774434916
0.007445604641063743
0.022943784535526125
0.07224260411389011
0.041644040474814084
0.11478330255458921
9119916870135427e-20
0.01011230772177807
0.22684069503405233
4806103523445281e-21
0.07410410869382736
0.010933438038138116
0.0012695975092257526
548635099329282e-20
12044233280893952e-22
0.10272512598971999
0.08932381346968164
0.004144138867863773
0.04060422556708461
0.020274208666239954
0.00578454432618419
0.012112907728008018
0.0004828808013981452
0.33719402076104454
15699130004345324e-25
0.07897660902470861
0.00034191293306847257
0.009632816578364374
0.01092150946960879
0.00015706136898709428
0.00017087466120639376
0.349064930596256
0.0003935047680068228
0.05686626425067067
0.2440464022921288
13179228139543721e-22
25861658599678476e-22
0.00014472605435748918
12571470917717885e-21
0.0005944803135316066
17003069390114602e-21
14432276781421952e-23
10044040663309525e-22
19076982234857562e-21
0.07676486927033523
0.07757704969827472
434998492114435e-19
0.00021268259312972782
0.01964494352578371
0.008163840839404673
0.09178881341829294
0.020223977021219516
27828855667977074e-21
0.13833149902599487
0.03873534307826273
5573478441093121e-22
0.2798340810054678
4458963539413469e-22
0.0037649848844488448
0.0009825780466059678
2299456595304981e-27
0.28616514334567345
0.3476005057846898
0.018124894471051655
0.2736845931227112
0.35432947654445046
0.00740711813915312
0.19400118733047522
22332184593221532e-26
4630617370319528e-21
0.0006294273491413542
912066321673832e-19
0.132284753167829
8645600462708001e-22
0.00011181464594981268
0.16414499432758153
0.0009291858272240554
0.011860631794404565
12200745568620381e-21
0.13935322623252253
0.09748246687619258
0.02127819340971711
31469084399752486e-21
0.00015344971871237916
1200667959641949e-22
0.01369155239364894
0.16540558619170678
8333314518402122e-24
11103301004329372e-21
9106336644469568e-21
9650240885015843e-20
10586405855729864e-21
0.3097103677898693
0.164102883825167
0.005156286830346237
0.0015484304128689263
0.04195792236357083
0.00588484949868975
6760412151070705e-20
0.028458884323761025
8323697722124945e-20
0.0007209831020598535
0.08150101358150114
9970379042283074e-22
0.3532805547774995
0.35365203520800065
0.001828245440400147
0.0005370937116835715
582991009497623e-23
0.0010308291176586316
1039042129900078e-23
0.01028404612549702
0.02936821295933369
0.0009039353520117433
0.00033763734968239947
0.000154550298517614
26181811571961465e-22
0.00612523705949107
0.030690094696948635
0.02149623605588325
11257175948270681e-24
0.3543763266822118
0.06774096476746003
0
0
8177939115738341e-20
6661747119157854e-20
10336382187286869e-22
7596604431972599e-22
0.00019348455805580603
0.009758321504634536
0.0053920534408175074
1520423367499467e-23
0.0001314993341288096
73287319193546214e-22
0.056709589069763894
0.01341619243643315
0.10124791500074237
38456358597109567e-23
0.06099683830633394
0.007691831288800734
0.00012014410402904988
0.12493520736945389
0.0002964292948946488
18549559457235816e-29
851485134053568e-19
3736157119191084e-21
0.00012471640930846633
0.016360071451501472
0.0039045495338414964
0.00016355212256712187
0.0001521160395196994
3799874511204079e-24
0.0005144904920441499
0.022972545144091888
13135133568405622e-24
0.001806026740496863
0.001800971069441435
4418744355573582e-20
0.10906746792856938
4337246807913111e-20
0.31608472289590833
0.0019108408307224405
0.18462961822590132
0.003303142062616765
0.0007008987137037628
0.0005693022118499065
4475129615056884e-20
0.33963778386133453
1210199615401767e-20
2156764382981365e-20
0.008304838401175555
0.006446144641280284
2171598477946366e-23
8723041062095612e-20
0.003056049058009448
0.13355648773052084
0.03030897912731139
0.00010011318146340331
0.02304943038504537
0.0003541259869905485
0
0.11361063518040959
0.012346657592557589
0.32730000280056365
0.3063195391968271
0.3178320452958652
0.052485804609307234
0.02976714280020586
0.3545175708432833
0.32367492608548587
0.3545561499973918
0.30185746840903627
0.214291387569051
0.000765230416625312
0.01575009248361142
0.14206519573439297
0.27245321985976323
0.13795337290509088
0.00029923650785306747
0.027059905253355297
0.25673234123756866
0.11526599372217071
0.16797379275596594
