1.0381424910405894
0.1996508177721754
4.81340357921981
0
4.824377168096436
34685653378573485e-21
5.040359155634654
0
5.452292784457709
0
10.739637842904388
0
9.689432690927985
0
13.24311361630748
0
30.48738267984389
16.564503680247526
6.403813984715688
4.120092426989778
50994842586203536e-40
16.717428011586783
2.385518872360167
0.029200285403978087
0
0.1250818699933643
0.0024969700993953924
0.03139496101636294
0.00694277612212851
0.29506442749921935
0.275419198829646
0.006092457527627846
0.0006230076127378014
0.05249303818015877
0.006760572418548991
0.00204806486932924
3938178923191433e-24
0.13526915943711826
0.14393974069993298
0.061047468377367985
0.05176175623368983
0
0.1046627594288569
0
4.523304525069359
3.8043432225101603
4.4362377083030395
0
5.340443269649584
0
4.392328386222662
0.18472255371313032
32.4484386157895
32.82065243032286
16.013312214872354
48.95670751081135
53.72898774579205
1.5652741559862806
0.010569838728327145
0.014822927745870374
3.2866755468163142
34.68905666467756
0.07694437353878945
0.4162045577107966
2.371001542944528
1.309851689513422
31.597820820859134
0
31.29059134025945
0
14.816012777818068
0.0027330330075651544
0.0028018346931256563
1.6857689873948267
6.344639979756613
1.2781565561907902
2.430044365600359
0
0.00035299138983991115
0.01707422861502483
0.07080197070283985
0.03064827363449418
0.008955711046676291
0.00020271346618716654
0.00014501089445680744
0.001350144844328092
1.996055945175387
0.441793606468734
0.15226519844275452
0.17049376004178746
0.005281784571887445
0.07385747338365416
0.0074215939360539294
0.0012109970586522852
0.07037037991442349
1.5314854242061613
0.02186810532827793
5313163341121122e-21
0.016923961608309245
0.001110421360354753
0
0.9153551343136307
0.5213829811284602
0.04423901687580301
0
0.41929331849581525
0.000657288217480527
0.07163723144826818
0
0.0003958294692082956
0
0.12684088174012473
0.7415506262529002
0
0
0
0
0.0058565363380718855
0.3939463660078104
0.002089146008552327
0.0043415529968681
0.39702388608251693
0.36415727793037106
0.18165400596568454
0.5578143492792349
0.009033258360466473
0.42157632614320284
0.0008178796660421276
0.37645064049948124
9613594657985283e-22
0.0013476761733202702
0.34852000723038945
0.03642724382662716
2881642061241591e-25
0.01259996524863555
0.08436054503055611
0.21861548223547617
0.019824459914224147
0.029972215285132282
0.17465792823767726
0.32073018262354175
0.25780690054157157
0.15959184897165268
0.2674028434127409
17828146522419846e-27
0.21327438747241584
0.21332703426752814
0.4677004817625138
0.5645715280374617
0.0005015575502435686
0.5989714502946066
0.5238106134077508
11.641968990048372
2.0884689698933676
2.7909302124293447
0.10447047675231985
0.4855231090044957
2.597297260451863
4.170367879408721
0.637669005950783
5.175016436453537
7.305288916761474
5.186199842406839
2.4690149413052915
2.9685900703305106
0.6067206656840888
31.414396132416762
619.2188933698409
4.002116060951535
5123.7544932703695
1.0999861799572144
23.218542986573155
1.1723864258164625
45.12928734838114
1.3041097690776036
1.3969455176847903
1.099985169669189
0.9250624655291365
1.0885366893705513
57.0451257593332
0
0.0008661956487786002
0.0008567692366307203
0
0.009171160981057008
0.00827518658243077
0.00825986231804689
0.007662255428432469
0.0073253323809866575
0.010015902621407136
0.007385472264910301
0.010504020766345224
0.006349577412493935
0.007995081286865947
0.009822478649753845
0.018122472499380364
0.008427190477882835
0.009325898586131916
0.008823515259077007
0.009741890577587274
0.00556418037501774
0.012577284227373437
0.019637602177417113
0.013292310057187317
0.008198599830103735
0.0019010235496026173
0.007445570313471688
0.022943453111646073
0.07223912596096421
0.04164292567891948
0.1147740238231754
9119916359058721e-20
0.010112244222682873
0.22679689408581705
48061035092530184e-22
0.0741004406131617
0.010933363743299167
0.001269596517553819
5486350974798733e-21
1204423327198099e-21
0.10271781460170581
0.08931838113594398
0.004144128270284203
0.04060316699736013
0.020273950629125643
0.005784523642731802
0.012112816424739145
0.0004828806580603413
0.33705116812955643
15699130004330178e-25
0.07897241750398497
0.00034191286121489924
0.009632758987573275
0.010921435337733845
0.00015706135382801724
0.0001708746432633729
0.3488927129923252
0.00039350467282794725
0.05686414857274767
0.2439937151570666
13179228128871769e-22
25861658558584592e-22
0.00014472604148620469
12571470820612995e-21
0.0005944800962584115
17003069212480822e-21
14432276780142175e-23
1004404065711111e-21
1907698201124758e-20
0.07676092009754067
0.07757301245321041
4349984804876848e-20
0.00021268256533112548
0.01964470142279656
0.008163799538332225
0.09178305892142773
0.02022372027512071
2782885519213102e-20
0.13831756182721672
0.03873438174593025
5573478439184517e-22
0.27975788871406737
4458963538191862e-22
0.003764976140807157
0.0009825774528056603
2299456595304977e-27
0.2860838704469203
0.34743304590687224
0.0181246887225136
0.27361302889074685
0.35411183734880075
0.007407084166901537
0.1939711562329827
2233218459321847e-25
4630617357144756e-21
0.0006294271055632885
9120662705577957e-20
0.13227212036420938
8645600458115448e-22
0.00011181463826716351
0.16412456993237207
0.000929185296232811
0.01186054427817314
12200745477158216e-21
0.13933906092659595
0.09747592812601444
0.021277908874121138
3146908379127343e-20
0.00015344970424251118
12006679595533745e-23
0.013691435544476521
0.16538480438309788
8333314518359453e-24
11103300928581142e-21
9106336593518329e-21
9650240312769502e-20
1058640578687017e-20
0.30960660365813564
0.16408247130079415
0.0051562704065858
0.0015484289373484004
0.04195679029539852
0.005884828089453075
676041187024294e-19
0.028458371326823464
832369729639584e-19
0.0007209827824365539
0.08149653571221528
9970379036175242e-22
0.3530887700557479
0.35345740202133785
0.0018282433828171784
0.0005370935343440834
5829910094955347e-24
0.0010308284640745883
10390421298934448e-24
0.010283980439309896
0.02936766610702396
0.0009039348495007662
0.000337637279614943
0.00015455028383942187
26181811529843853e-22
0.006125213859601458
0.030689496634088098
0.021495945590251093
11257175948192819e-24
0.35415946525899894
0.06773792329352649
0
0
8177938704789435e-20
6661746846467649e-20
10336382180722382e-22
7596604428426894e-22
0.0001934845350497043
0.009758262395526414
0.005392035476355261
1520423367485263e-23
0.00013149932350281496
7328731886353842e-21
0.0567074854221966
0.013416080273031424
0.1012408262858781
38456358588022995e-23
0.06099439217566815
0.007691794643728215
0.00012014409515907697
0.12492405761748106
0.0002964292408890167
18549559457235816e-29
851485089502744e-19
37361571106144826e-22
0.00012471639975047513
0.01635990413778141
0.0039045401285745913
0.00016355210612910973
0.0001521160253002823
3799874511195207e-24
0.0005144903293208177
0.022972212878384083
1313513356829962e-23
0.0018060247326681315
0.0018009690728486433
4418744235601305e-20
0.10905915541503289
4337246692325563e-20
0.315973563287087
0.0019108385828341004
0.184602870512413
0.003303135335781332
0.0007008984116461931
0.0005693020125965788
4475129492003195e-20
0.3394900680368067
12101996064030059e-21
21567643544003025e-21
0.008304795654803335
0.0064461189381109585
2171598477917391e-23
8723040594534512e-20
0.0030560433014247845
0.13354358699975605
0.030308396072188784
0.00010011317530467751
0.023049095863518745
0.00035412590991113245
0
0.11360155971012299
0.012346562707819636
0.32717377171361084
0.30621944004838747
0.3177187279095697
0.052484011553846854
0.02976658074256119
0.3543113784349088
0.32355390966235925
0.3543441940396576
0.3017619447520302
0.2142532988803799
0.0007652300565505609
0.01574993751522972
0.14205041397523752
0.272382548747231
0.13793951955520972
0.0002992364528195549
0.027059442166380114
0.256672196068272
0.11525663056283952
0.16795227037767257
