1.0382653744457373
0.19545044843421358
4.773112160878093
0
4.783968763338596
34393109732408985e-21
4.998239427747043
0
5.406883317480087
0
10.651296425533122
0
9.685052651330773
0
13.23052240494439
0
30.48563656614899
16.58047863757678
6.368557730681556
4.125069048435249
4688539887435968e-39
16.72428724800075
2.385507758975021
0.028969774758625007
0
0.12488454682843388
0.0024956593126919144
0.031355597250581214
0.006942765533063607
0.29468301959972865
0.27507417642848453
0.006049022044360571
0.0006174738103554815
0.05242323084818198
0.006712378629804999
0.002030764721194625
3902683358332332e-24
0.1350968216284134
0.14379519738705135
0.06116548775179743
0.051900420817923565
0
0.10465973983764283
0
4.521968523720093
3.8057910994480197
4.4395731551330675
0
5.340896725790574
0
4.395004621572199
0.18240885760164913
32.44262889980034
32.81382363524335
15.992955794119556
48.931473108444855
53.3352272746695
1.5659381694434533
0.0100226690956376
0.01485581550687156
3.1308433807556546
34.69004470570085
0.07690746812452832
0.41575423989629245
2.3723607006943324
1.3108223205241043
31.613341945644923
0
31.308616410260544
0
14.816127444988092
0.0026141741573344557
0.0026807838316194256
1.5997792961285007
6.346315371807832
1.2781353090583263
2.429983273791457
0
0.0003531344948283187
0.0170965629374742
0.07080127279523647
0.030647369009194143
0.008961804737356206
0.00020254504053659014
0.00014490178414950015
0.0013507118159791173
1.9960975420990938
0.44180491045650067
0.1521259045634875
0.17042882993969966
0.0052844068810521914
0.07386878047977814
0.007425768112311584
0.0012068694468596942
0.07033420571768031
1.5307936866216219
0.02186286263205737
5289312219544534e-21
0.016871008674868883
0.0011098008419385538
0
0.9153123151660532
0.5213704958669209
0.04426552881681294
0
0.41928901983171346
0.0006879486550456838
0.07165674435716389
0
0.00039558739598398874
0
0.12684004113695757
0.7414995696067553
0
0
0
0
0.00581542974029113
0.39394044012696067
0.0020822600722015723
0.004335598097617683
0.3970152561661809
0.3641180313115841
0.1816432956684309
0.5580966524365194
0.008591660631009057
0.4220881910922863
0.000817924154611032
0.37647362133745943
9613538765865004e-22
0.0012807850134119204
0.3486790539061432
0.03638036441268401
2872499613710842e-25
0.013162870570196713
0.0843292671972063
0.21860999294531738
0.019825984753910363
0.02997506788350026
0.17460407161508973
0.3206551957426185
0.2578001196639695
0.1596024647795993
0.2673965009863121
177714457954432e-25
0.21325326702641834
0.2133060760856697
0.4676905143461174
0.5645643707141087
0.00050098612800619
0.5985312863599233
0.5238471384097434
11.642141788482046
2.088489622539678
2.79097093289685
0.10446808484234694
0.48552940440776965
2.5973416029240775
4.170468193887593
0.6376595843895416
5.174824993297415
7.304913207179749
5.185952890610176
2.4690306114489258
2.968412477642003
0.606742460627058
31.41436356618106
619.2188500250445
4.002116038942111
5123.308729365502
1.0999861783213662
23.218542925035546
1.1723852189207395
45.12925135888265
1.3041105294178836
1.396945503010167
1.0999851680329575
0.925045681439922
1.08853250132207
57.083565565536816
0
0.0008661930149747236
0.0008567722474432947
0
0.0091710591094775
0.008274712244294762
0.00825915770020666
0.007661051490463694
0.007324677798111579
0.010015511628300186
0.007384481258063497
0.010503841750520902
0.006348587906396998
0.007994456777195876
0.009821989153965925
0.018121979235316898
0.008426402041761117
0.009325500404230143
0.008822781791969367
0.009741516274534272
0.005564623523102224
0.012576726931561361
0.019636301526459534
0.013291693940022893
0.00819818184164757
0.0019010231046364698
0.007445563447972269
0.022943386827444557
0.07223843035047417
0.041642702723321705
0.11477216816690229
9119916256843383e-20
0.01011223152291168
0.22678813491113173
4806103506414565e-21
0.07409970701881682
0.010933348884391958
0.0012695963192195252
5486350971099916e-21
120442332701984e-20
0.1027163523865501
0.08931729470884195
0.004144126150771542
0.04060295528672694
0.020273899022096874
0.0057845195060502
0.012112798164167956
0.00048288062939278554
0.33702260486644103
15699130004327149e-25
0.07897157922653539
0.00034191284684418634
0.009632747469456372
0.010921420511419238
0.00015706135079620202
0.00017087463967476897
0.34885827966888755
0.0003935046537921749
0.056863725446608684
0.24398317909508674
13179228126737377e-22
25861658550365815e-22
0.00014472603891194793
12571470801192018e-21
0.000594480052803782
17003069176954068e-21
1443227677988622e-22
10044040655871426e-22
19076981966525584e-21
0.07676013028736194
0.07757220502941053
4349984781623348e-20
0.00021268255977140545
0.019644653002557168
0.00816379127814281
0.09178190806534726
0.02022366892629208
27828855096961807e-21
0.13831477455596997
0.03873418948232677
5573478438802796e-22
0.27974265274541404
44589635379475407e-23
0.003764974392081256
0.0009825773340456417
2299456595304976e-27
0.286067618637228
0.347399563613601
0.018124647573086263
0.2735987182900616
0.3540683255539177
0.007407077372469918
0.19396515057135957
22332184593217859e-26
46306173545098006e-22
0.0006294270568476866
9120662603345887e-20
0.13226959394825658
8645600457196938e-22
0.00011181463673063374
0.16412048535830673
0.0009291851900345985
0.011860526775004345
12200745458865782e-21
0.13933622803820434
0.09747462042861106
0.021277851967458527
3146908366957762e-20
0.00015344970134853776
12006679595356596e-23
0.013691412174761707
0.16538064833471355
833331451835092e-23
11103300913431497e-21
910633658332808e-20
9650240198320239e-20
10586405773098231e-21
0.30958585500392843
0.16407838910061986
0.00515626712183999
0.001548428642244464
0.04195656388542941
0.005884823807615086
6760411814077387e-20
0.02845826872854562
8323697211250021e-20
0.0007209827185119109
0.08149564016788159
9970379034953674e-22
0.3530504256068622
0.35341848823990923
0.0018282429713008625
0.0005370934988761927
582991009495117e-23
0.0010308283333578295
10390421298921184e-24
0.010283967302122816
0.029367556737783945
0.0009039347489986041
0.0003376372656014535
0.0001545502809037836
2618181152142033e-21
0.0061252092196340795
0.030689377022914546
0.021495887497595647
11257175948177246e-24
0.3541161089020185
0.06773731501512692
0
0
8177938622599656e-20
666174679192961e-19
10336382179409485e-22
7596604427717753e-22
0.00019348453044848427
0.009758250573747754
0.0053920318834699945
15204233674824224e-24
0.00013149932137761615
7328731879753686e-21
0.056707064702047436
0.013416057840463605
0.10123940860246301
3845635858620568e-22
0.060993902961306655
0.007691787314734661
0.00012014409338508247
0.12492182778649552
0.00029642923008789147
18549559457235816e-29
8514850805925796e-20
37361571088991625e-22
0.00012471639783887697
0.016359870675242732
0.003904538247523929
0.0001635521028415075
0.00015211602245639904
3799874511193433e-24
0.0005144902967761574
0.022972146425819212
13135133568278419e-24
0.0018060243311026531
0.0018009686735303506
44187442116068496e-21
0.10905749298835114
4337246669208054e-20
0.315951336056831
0.0019108381332567498
0.18459752143473354
0.0033031339904158893
0.0007008983512346948
0.0005693019727459216
44751294673924576e-21
0.3394605325821726
12101996046032535e-21
215676434868409e-19
0.008304787105555295
0.006446113797489393
21715984779115962e-24
8723040501022295e-20
0.0030560421501091527
0.13354100700314261
0.03030827946251022
0.0001001131740729324
0.02304902895979602
0.00035412589449525125
0
0.11359974470306379
0.01234654373095955
0.32714853133890637
0.3061994241442915
0.3176960692809284
0.052483652950105514
0.029766468332305784
0.3542701543463952
0.3235297118077876
0.3543018180555723
0.3017428436483832
0.21424568195508167
0.000765229984535631
0.01574990652173635
0.14204745780797504
0.27236841672462586
0.13793674905217723
0.0002992364418128536
0.027059349549936083
0.25666016872535696
0.1152547580222446
0.16794796623294309
