0.25864756712098824
0.6504501483238982
0
0.6530976863004767
4809147875131886e-21
0.6714136265528907
0
0.7053554368827619
0
1.4073687665677568
0
35.001308303544334
0
31.337518871722896
0
72.6143651159851
53.04806682894266
0.6499971999647336
0.7182213664205459
4336808689942018e-34
22.004381744449656
1.32188538500328
0.0037018122740899717
0
0.013490758422798899
0.00028894767736595967
0.006676187272975309
0.013724044328970548
0.05095765615235681
0.05859839749402518
0.0008369960860253323
0.00010646941254391362
0.008968398127645938
0.0009319121754169934
0.00027193754513470114
8698379293503866e-25
0.014687720346681754
0.015906831819563205
6.160419559579505
6.127811356632537
0
2.0405573443664506
0
7.740139082691839
7.696213650626228
8.303016153411365
0
10.061952172601247
0
8.747071253563895
0.9057077031294991
35.87817906486902
34.50054187611396
1.7755459624980752
75.200244880964
60.70190188326488
2.1399953860476693
0.002601360921631356
0.02797022646831005
1.0332361433621067
66.6319666469594
0.8730103010432521
0.5567228352066531
3.9461945003979286
1.1707089245520526
46.34438829442273
0
46.34128765767403
0
30.898536074293727
0.0009930325858583076
0.0009936760872623074
0.4585366115335656
10.673866763720364
0.7290924940221728
1.076315610656299
0
0.0010975023638822644
0.9489782175679314
0.11799630402934315
0.047804556366006196
0.05077805625399384
0.0006335346127089676
0.00029504417946643905
0.0020523302941526794
3.765745520051421
0.8697857127398492
0.025835872971178786
0.06334048953948415
0.004377542609138291
0.03915443084507811
0.01171789726607552
0.00010711419268438771
0.12604210430484053
3.5356612849263382
0.03422981531493921
4858835058680136e-22
0.00137524236291095
0.00042429869051627245
0
1.4919507359021256
0.6662787888252911
0.15124266435716555
0
0.603940062867568
0.02315302317563463
0.12391325197635546
0
0.0020445725613934492
0
0.24116168371347885
0.8464458955715011
0
0
0
0
0.0006434446573124475
0.6509142411523878
0.00018449082991639498
0.0004663024926475634
0.6343652978005088
0.3591687764132886
0.35391140279078886
0.9558763585581601
0.0031075540411020924
0.8065776051446535
0.001792707518193421
0.821742489647804
18543391603980148e-22
0.00045459135657640107
0.9895082342793898
0.006177067260692004
29455216044027566e-27
0.3036795934744024
0.028720316569701088
0.34030970677467365
0.04008121846164761
0.07758048826709232
0.057980928376107244
0.14468056970042054
0.42516732009335045
0.38507385340537725
0.41039594762304
1812737460138436e-27
0.21334007410204903
0.21339215961191027
0.7747080857394895
0.9875688612792394
0.000537512744770971
0.9901885118562221
1.3070405030947685
21.371740904807417
4.2323370855718725
5.556171759749253
0.16018073657251908
0.9004065650808886
5.313027206095013
8.277926453635546
1.0540928545075787
9.980790330324934
13.895400202621293
6.739595377359213
4.8370158794966684
5.63513116583283
1.2979175370656257
57.252232142648936
1235.9881797803996
7.992428534130385
5626.032710230961
2.196797034971055
46.3696394477114
2.3226752559232335
89.56982065666314
2.6078894990314456
2.7896591899250804
2.1967950112851677
1.601618827073237
2.109885408632203
34.29691466285403
0
0.0013218257188062684
0.0013987854942188892
0
0.010722017520160918
0.008675409273287173
0.008450108556854045
0.005579249891159904
0.00860019307581802
0.014443113054054168
0.005893441608426014
0.014431693902667169
0.0047514768143042795
0.008222013242302876
0.01201266393547891
0.026261228187505058
0.007823564813695314
0.012292790677429681
0.009294424698896913
0.013115332670921543
0.013969935809590831
0.0170933688442449
0.022104785299726166
0.017119288069219807
0.010272975054623008
0.0037896649677765623
0.014763153276333625
0.044802029788131
0.13394613334980954
0.07978261471284467
0.2025848198790584
0.00018212122263300322
0.019998568674055632
0.3404265263687484
9598400536861303e-21
0.13711488023173635
0.021605095847498517
0.00253246356296243
1095693416245909e-20
24053950331708177e-22
0.18394595838650288
0.1624643464227621
0.008243387885731614
0.07787439294393833
0.039694903355187106
0.011488142500030402
0.023908118050283204
0.0009639311549174369
0.37512179206113766
31353305869161327e-25
0.14533906316764866
0.0006826223439241131
0.01905924078708536
0.021581776576880773
0.0003136256354322241
0.00034120396855805363
0.3577713074615646
0.0007855854261821653
0.1072129817915941
0.35485504899444953
26320684521630882e-22
5164913454264732e-21
0.0002889974754053502
25106640311911674e-21
0.0011865797215118872
3395689586218561e-20
2882322307649376e-22
2005930108322851e-21
3809863929660997e-20
0.14161851128971714
0.1429871851316042
8687150484555336e-20
0.00042466932756640404
0.038486977549767196
0.016175947265165823
0.16647525373991073
0.03959853682343402
55576537262645855e-21
0.2370318979154001
0.07443371556225312
1113099139320414e-21
0.37702175435763907
8905155123829806e-22
0.007491935892594567
0.0019604883153251525
459232875032843e-26
0.37961327179159937
0.3610697171151307
0.03556269874413436
0.37407865566054
0.31787584862233764
0.014687392656566552
0.307323628307166
4460042148771253e-25
9247933910333947e-21
0.001256291580195482
0.0001821361255798878
0.2284386906235018
17266430100543165e-22
0.00022328510992751803
0.27166966729874253
0.0018540528322939344
0.023415981564011687
2436626880805805e-20
0.2384663395636775
0.17563722645917007
0.0416189071998285
6284615660507648e-20
0.0003064148299243082
23978975578566066e-23
0.026982084406641165
0.2732735052619107
16642766651933827e-24
22174571285352718e-21
1818643830600168e-20
0.00019271060610423464
211422826289258e-19
0.3845380305409522
0.2716159458498878
0.010246664641848126
0.0030878212079391673
0.08035777653315082
0.011686210855935401
0.00013500588588057007
0.05526365667186217
0.00016622230575328545
0.001438903465903105
0.14955987811786328
19912189052542708e-22
0.3424103825698628
0.33994152582290726
0.003644834333501913
0.0010720955500551155
11643126313266395e-24
0.0020566656765933977
20751089661951213e-24
0.02033478863822595
0.05697697382650213
0.001803713095093135
0.0006740889992028875
0.00030861218722175095
5228852053790368e-21
0.012160735620975147
0.05946173196580313
0.04203623230469267
2248211699276928e-23
0.31868426134050176
0.12622246731153397
0
0
0.0001633117691718436
0.0001330356647408219
20643145874229896e-22
15171445085670203e-22
0.0003863432021415374
0.0193051924642768
0.010712733651418515
30364929938062335e-24
0.00026258892400341264
1463637507269255e-20
0.10693550566615476
0.02644659812365807
0.18161727713012277
7680256991753521e-22
0.11449158363750304
0.015247714275748475
0.0002399164654039309
0.2177574934668787
0.0005918410588657153
37046002684067036e-29
0.00017003928651713695
7461589041445354e-21
0.00024904583375910954
0.03215614828006996
0.007768606031730442
0.00032658456095610295
0.00030375207293630745
7588868142747315e-24
0.0010269994804646535
0.044856898242248186
26232654657299926e-24
0.0036006157407319087
0.003590553920973594
8824460886988499e-20
0.193832167262044
866171285786488e-19
0.38425387634693786
0.003809195069259853
0.29666881429646913
0.006575852513501575
0.0013988470477497971
0.0011363518875615024
8937060320362327e-20
0.3727700517427629
2416905735281756e-20
4307263618783101e-20
0.016453059288431444
0.012793858515003337
4336978543820437e-23
0.00017419643048187437
0.00608539621466839
0.23026068503111657
0.05874605871221242
0.00019992044895964807
0.04500356110088438
0.00070699715694894
0
0.20080134494841562
0.02436389286861386
0.3813610763382886
0.3843652868464216
0.3840216770664567
0.0994168270342142
0.05772758104481583
0.32932893733169477
0.3826863634231519
0.32368083457336705
0.3838332595170562
0.32859128327657744
0.001527145091940784
0.030975898610595326
0.24224893782466972
0.37344173376664475
0.23649973856451598
0.0005974442356305176
0.05262134115879198
0.3640281806581788
0.20331708797943532
0.2765149619350304
