2696.9737018784895
1070.52894811965
9143.65211024697
21711.022851065685
9096.503249930638
3118.2096513698775
7103.402209262509
2877.626410636352
8553.327081479854
4355.305100122554
7571.306024277013
291.8065523571396
4652.730717352778
93.87871575418652
5865.476996651883
1261.1991368758618
2099.212620204674
1412.2130870531369
1060.146162420383
1000.464430246827
5204.344930297563
9049.24157606403
152.4682291062225
5483.608782691834
253.48449213332677
88.71975936599432
7350.739262734488
6763.699638638257
6279.239245347422
353.81370720602723
3800.527561079912
834.8546021137068
7133.084464012495
5564.054296841975
32.24868329130845
4232.006033328876
9645.624926866098
260.6030234618322
2520.158084570319
6644.135580641627
9214.909778022464
152.40548175638645
4264.675926625522
1925.0499774200896
236.89997087878746
.9774319515855509
4200.143444513349
6124.434273207107
5570.6195968366565
1393.6138087082497
6953.082939977555
8532.897804297883
1677.9921270521463
7419.469803002096
9569.607504470394
4773.981418691388
10172.38878627272
1610.4008908228861
5983.1446188381005
10069.356559346808
8035.328113174816
3370.9838964571163
589.1178493250097
278.71561672456323
2467.77331814651
6658.628240273448
2202.3887875598434
9890.758398921613
5441.961907441606
4636.29663583234
2690.5733049922715
3679.8883541492773
316.1818931804588
3173.659184799793
3677.8959327166913
9429.939136442603
5234.185377768979
4432.704172515346
463.76278851568674
1152.6884372591626
443.4909910259025
3678.321479160363
199.31660382484952
6037.52769946575
7101.835565961756
2218.3868688888933
8815.292271454022
10182.777916217952
7657.938469707178
10979.228032175872
10226.278770163142
8954.064534725292
668.6236680674273
9896.928876737375
5950.174222423527
5311.16047255113
10500.453637061617
2539.4992646462565
988.7300794375435
10490.622163714424
8232.935931573682
10462.06726653416
10051.262392341094
3001.899631192972
649.8861060441363
9371.269136804554
6158.522849924812
8726.435628130852
6132.715904556912
8913.08063634564
9108.709827028279
1293.825508933504
501.694029120267
8493.991090886246
6422.775019677719
678.2227253035742
3775.6807620469262
6470.803101483101
9833.734681202415
7499.673433266886
6819.227796262829
2986.8691667815447
112.43807317234352
9967.843324901029
8299.129235333803
8364.554766168585
5675.737434779355
2611.1498329211977
2948.0065357835883
4408.436293925992
1365.302478002552
6948.374810848942
2340.0688027092315
10055.62242469547
1293.4224005515628
3739.722456802315
5522.585391025348
3139.3609480317464
6518.3904331227095
9909.954476430517
1337.2841389125103
8220.977856735093
5572.663358514468
303.35035208637333
10310.496780888465
1223.9122245977676
7237.641524904304
208.68244010806725
1674.4443209979877
9649.155259060462
10126.285398931872
9259.588879893314
2116.1973167671813
2603.1095024959495
7041.713523445674
6444.94121939472
4855.212936871428
6692.597045163345
5097.872663382397
7961.751011091234
5882.412678852336
9067.71581513388
8529.801681190564
5438.749410798379
6996.8542001135165
8120.927011713815
612.7771039304621
1351.9431754646457
4428.108313127926
10365.634766343803
6592.575853531786
199.30739249750417
5323.994407999899
1567.157452582552
916.4358503204974
6199.119187348002
4455.128399768304
4012.3001980553554
5554.925930547985
0
5995.796446972069
.020603177881871607
0
248.40810665701287
20098.698437161864
1182.4247341257571
13683.982779029324
18997.960654362792
20799.747346915658
10168.135339662389
2105.98897518122
2800.8385533865626
19904.190441010185
9702.457579715932
722.3661415804218
12592.559882095315
2531.988600959986
19406.460457609952
4560.001182393288
14894.55301833331
6078.66898720461
19222.620478287165
14603.038281212534
17177.489060035747
.8191923708224012
.7645490520802398
.7814799859361943
.9576185515934048
.7476228331986523
.6610977852577082
.6921334867711131
.14299398292355558
.8689404190225318
.0971874978855698
.7806221265299813
.6802887896229366
.6803568097351704
.9004749385729474
.7573310040410857
.5916609557661676
.9999607885398805
.17826111341732176
.48891429183879254
.4944493753295762
.27347191216115596
.3870333146683931
.7487042843195539
.6434079957685881
.5569485944490673
.8652766612876179
.028068697647674057
.3092707719110699
.8426329307242206
.2983462670930739
.18524624403622392
.2116644593025021
.24001019061439588
.20734394250380306
.13836663479637434
.4051461062883437
.6830096831719705
.02241487592407365
.9251440220378544
.41711653685517147
.39662150812622987
.7094316749324177
.6965749843400812
.1330934376597399
.04079918863504761
.42813696779318855
.4891946951306003
.5470513472338512
.5219879376970198
.6805998261933226
.1633957767051024
.6496467433357322
.4875730737667776
.5709045759590508
.8365952157117706
.23830330858263893
.42220206957894124
.23485180789770155
.24689934934408897
.31960589260076167
.9645740607648028
.07433806966665668
.29657867668623017
.6000186800142275
.3625956204415688
.8738268409028953
.21932835073990153
.9464620876774887
.2329128863071357
.2834544585209424
.13469069298403036
.1426992137838372
.551891657776689
.23906985634729394
.1681429118548774
.3727193196619112
.6088155305195113
.9635095316939408
.8772771858859634
.6613030037887153
.18210843225735918
.6071557297387475
.44983053963990893
.3004459427743509
.3945732175398724
.12351185581599711
.05536400284896725
.48668620450958766
.5254650259844655
.5728548355004619
.07001598738868386
.2914286822937433
.3502705004813811
.4980027667374798
.8400342715749132
.7089345566646408
.7748580000725478
.8740009543684872
.2662133659695798
.9900115596914969
.3334805376419221
.0775009133059017
.024308984558431
.5956731063061422
.6673949161485979
.8450262571181419
.04317847904199734
.14695286425988097
.25421317474422267
.765623845442776
.7723977354054541
.916228637531932
.9864747387523545
.001300394434402552
.08118118844258526
.1811363722995214
.21493365494954353
.8684938521485968
.9269389150494476
.1795574253550669
.024833911813356035
.9715875334322184
.7989039448365007
.5211580759055983
.6128089048777039
.2861854825457206
.3638615197543944
.690788852590585
.5018346476491953
.01855625348517398
.8146392578034933
.5381845868511126
.8633987146741078
.3396307876592344
.23670979240891832
.5484308885308546
.5754687265086706
.6807603455156324
.46377531748439416
.17292782129588047
.569016031534959
.10277892329828475
.9232234538495716
.8862217785737774
.2418341172114553
.10577472651059328
.5516756911130174
.047649889646174115
.5230590731604503
.3808452281466388
.5730009988302276
.3091184361942545
.8553115097840793
.947858638998937
.4753816051127733
.5148636701537912
.3786213540791836
.7763878204353583
.28015155502557954
.8833219874112916
.5595185266306557
.03189231643983681
.8861864857770234
.9838681949556809
.09892987201401304
.8889894177010504
.755205873180224
.25672220411608393
.6749880410370519
.2373036382803917
.7592827602962067
.017826192849836886
.6432900795392704
.6393970872719259
.46102078705092975
.2568848808020816
.4442099415099936
.26039444175623405
.9407722143775714
.40433818370018404
.04017472410337253
0
.7100484283243438
.854282541332009
.4660083255153249
.36367286349257366
.5757824362156236
.6285518411892452
.7680888635740153
.8231655518513068
.2772105565263119
.00940519141750129
.5528038118526337
.7466738749977346
.8333444002329784
.756678889595205
.3833160209611499
.4624756221689603
.23572935391658456
.5430620452505821
.06268157211543413
.3498675484050955
.16797291938531833
.40240685039342106
