8.630370247998052	9.58506536970245
6.046864334631951	.4463319424385584
3.369424244351808	5.0253808348671765
1.4480450097074817	6.643427593950536
8.23005214938314	8.556171183272289
1.3662290440030995	.6945996411378086
2.499844008776946	4.680232947497552
.917906493959438	2.2516232241703236
4.610660627567121	.9702868972758197
6.515715785552677	7.554644612888246
6.348510872519322	6.76818441038004
4.361494418974814	7.536369363588502
2.6905684534381296	6.144266632041928
7.444961833405059	7.186934207710981
6.628894639271694	.06212989563024923
7.385265854465424	8.415838880722358
7.575554652000636	.4503654368241318
