7215.481121651812
7257.395311474335
6678.589615539973
43026.063337240535
748.4285820016
5740.994651050315
5958.209418352577
5168.309802614585
4047.535135700328
4646.764436179926
2571.153062911107
303.98719687307073
6316.531616962361
49.338361485765766
9169.261190893252
474.2449326209409
8616.7964719231
711.5951153130184
4927.274759346722
2551.0160747153764
723.7707419286147
7621.769510743975
145.36775862728962
3470.8667696264565
116.23284848438146
306.14377276250394
2286.3547099566886
981.624927783265
7928.055982098843
9860.096467794361
119.14017858374234
2226.042118343042
3563.179990494812
5025.412597234577
3517.1844453975746
1388.972808777054
8739.962553963735
7061.538789789482
3181.2789020091345
3825.3856867853387
9393.943527553723
247.52748643443746
2578.01492987601
6693.824480012632
68.66855060747012
7.303357706385002
6312.444872921496
5790.878733694954
2815.444701171337
2964.274828338651
6030.06018781358
10641.100522416447
9934.225772836808
3709.576943755212
5859.247682740843
10683.66654950274
4888.872200765655
727.3378218778375
23.94665931313692
1629.4716154881087
5972.2738562222285
9502.699296646764
2896.8087472558113
250.6700566544173
1798.9747404437185
2149.7572384035966
1890.7924715168601
9714.134303281255
6344.931913564602
7279.915947928097
9854.064515337295
6333.948113350415
403.1184082271657
6211.016754584398
1650.3220490953631
8359.301897653368
3180.969386523595
788.3801609256905
1202.3487022935522
9855.639928270126
7547.517463652476
3180.96364885059
6041.541333381716
10153.823085497193
392.0141166324607
2597.006821334092
7661.883170657926
4582.428463786536
4502.3566347820615
990.5078652933068
3844.5915367982643
2135.4120786551143
866.8388157240059
822.8832400895617
7599.399537714605
5047.148413248028
3152.8852870445794
1900.8966302041342
10097.381395775597
7105.057439134014
2978.7503824780742
1699.2868315095918
112.68345119221878
7726.433584803631
530.2792997096208
10686.682546249825
8598.818657102662
7377.033693087746
6137.790361306251
9353.897760931039
2422.6733795765153
2364.6875978431212
5735.505023584764
5423.298342022473
267.362796029385
9349.615145119275
820.559506655551
4397.691672512756
302.07747373705723
5015.5680931551715
1752.3982843340466
6873.0365842953115
5034.892478096547
7804.125955687608
10393.99852590486
7820.079612473689
10811.015492762928
4797.234119381598
10533.640678576465
10962.551946243277
1251.5305908511282
2333.8623433616963
785.5258267401198
10785.941455685444
9750.744412297103
1254.8507431826304
72.60141977974958
2944.4520726630026
3371.6542069437583
7984.226118091693
7959.162922848443
5176.204365205414
7207.999998798807
5282.017835756062
7466.317003241749
7293.668304088665
183.62254496010672
9753.897622155353
10734.903202020801
7390.321830876054
7322.1080131662175
7800.329827147541
666.9661786527454
2838.2478030726747
8842.976284390956
10428.244691118496
9272.173129098666
819.8475957649425
4358.590237720501
9578.592303872505
9290.366034527888
9623.533526772697
9490.74022040927
4352.761405045153
4764.49895399247
9890.145201095072
10863.039639336046
9081.964042027124
583.0362469723309
4878.530148781056
10183.602291001467
2946.0018978304274
10616.146161260722
4509.090665057143
6189.84823640663
9966.280394908235
6434.259196929491
1404.2127463207241
1463.541396971637
0
3134.399432174026
.01849768786207266
0
132.0537232847224
12662.980636859256
3473.653570854742
5375.419113625579
8083.682999885751
17700.929795922188
12974.751957289454
50.32696191058769
16576.046233312554
13329.567412874925
10177.093464241896
20032.422954547987
13676.728436003365
2657.346838624305
14200.847588044247
7922.9117086770775
8591.013608580512
20942.34926777587
3404.1556763179137
14150.405820438245
16340.349183604383
.04010530950638369
.9142141368321783
.5810098898298328
.08334876061030028
.029396879128001263
.1421089895182044
.09315998609615672
.4862557302383461
.4424021096924251
.39081428021490483
.42277441768416235
.2893781827690953
.09029136172878816
.5525319630870078
.4232165132203165
.2962404569000239
.2686601323529785
.009627014413326584
.26123261346377324
.873685318019312
.2035739778149992
.49889503773343247
.46531931919492786
.11808529887041597
.5683295840298621
.751577644268971
.45902172672790553
.668591720240038
.8033679533027038
.7306495994913431
.09081334052069523
.09312950365240624
.4553464968805063
.3768462256930094
.48562686293402724
.37668740295191117
.4138029946225512
.0013226271079251894
.8010742795005763
.8791342719546567
.7167819961817077
.1314489943661965
.9902328810309482
.9306386946449292
.834919196319073
.39571858629671963
.6714159526182328
.8331540634257795
.2070721654530674
.9069850881799715
.10228758876135857
.6024874136487866
.7510810394643352
.4644989905170831
.6567456570161274
.7870475449841323
.5201268709378537
.18537057321288763
.8047737603079297
.9827426538143251
.9421905574187095
.3079287582536572
.14287020119537064
.0895967002413387
.007642720260808478
.22110484976113698
.6045094698983615
.4853643571689037
.35381015104479796
.16995185927159628
.046005933031447954
.42636436273361156
.3356730458449666
.33855878254142446
.8653905536589122
.27085972412227566
.9255437306463783
.9522616901117231
.39580172724456064
.7938444634601172
.9697182917190739
.7113323074161293
.42987349621948145
.4794157980013689
.27216981011127794
.48066886419826416
.24441094113584105
.11121651514734654
.400741416932175
.6095417350917574
.420142083371319
.3146164783926795
.8025129018163646
.5054334414503348
.8800109717040254
.10585925423189346
.46935469335905355
.07113653389004404
.3146337629191167
.7337127149630307
.4240868735102512
.36223673350000984
.23135676289224172
.6099963946787008
.9363507734757213
.3617114608549583
.08491163340251218
.5937095259911336
.1028712295260461
.09770580172891052
.2625137024333499
.6396252899343222
.5714239313801841
.07445940761581005
.5600755260140391
.26055607249431434
.8509958192488383
.5491938524763482
.801679689898892
.3687213078708247
.7638546763079523
.34155955594979925
.9704786846508262
.4498771378402797
.663164010847739
.008248848129337683
.4708119906064989
.23460008401506105
.34361914192990906
.10649375946967399
.4522629138103149
.45233181427511715
.3109766453505667
.739020924356375
.2441890068427206
.5701958112032115
.03707307758710843
.45924028901686986
.5192249108161651
.5196045011366264
.13853735987546267
.38485148544930503
.8865131987791979
.12348286511309947
.08892969388170235
.9046786554791484
.8186511577351339
.24631940094254734
.4752313567232047
.3377831125819615
.6240658725313202
.21640883918381726
.7990005355292924
.15782293077836718
.794695150883981
.9210625142935402
.9218216297577175
.8741686414971335
.3054261093920756
.9699348227696862
.47964453021657283
.46621607230183537
.9174849531050824
.9321430117881009
.43006946966230797
.4059805369639462
.5403068323727958
.35356896080249056
.6106747191225914
.10554959502274608
.2628902130158981
.8527925308433293
.5902648151795802
.35056991147680683
.480431897600774
.13264186736753736
.29916297553539817
.05596864921620659
.8527617699495451
.07026035669883646
.08247443093843976
0
.2350684613685896
.3903345384681485
.7814967256732295
.8991654121808386
.5967503541904566
.5945730294760028
.6684039413428686
.6178311115993311
.37161438101280764
.024340432139351886
.8531305174134947
.5840731768613197
.346397852011187
.08720612569976227
.06548265414923504
.4533205452193825
.4302562534851344
.43628854924824156
.26632867272867355
.651948328591299
.13084221422336118
.5469044114219841
