7479.850710626971
1852.630830386028
10549.120510387142
28716.739667914495
9063.001533145005
6298.282165898398
1187.1737823297005
9271.279142126092
5347.5874425698075
6383.867359321136
7820.302245686892
54.293384451809864
9665.208818501229
84.83087980827518
10336.12371095992
469.8006081558364
8000.865129025036
2301.1707865855437
1292.8279753406262
2930.2358222238895
4114.42095521755
8055.388854524962
187.8250066948309
1123.039325202543
255.21910462058898
212.5527589283074
10163.253739048181
6943.56921936427
10793.67226893091
4055.999242595143
7397.5516232461705
4916.9028510348535
6234.56008363884
9940.074602057863
1134.4812631498442
1340.7255467201896
5715.798551060744
2084.3263412612546
1846.2292338357133
1758.3191141366015
1296.5145147660492
252.89561532015023
6116.455550909085
10268.831907716536
223.25781971907182
4.225901580271456
1636.1453931152137
8770.573049366922
4328.016977731715
3067.4689833392467
2627.671971531998
10515.482233944125
6063.875461169924
7284.527493370116
436.9198577266052
5204.338349155963
439.66291566613785
9721.317871500632
1311.728030574083
8719.972921996898
635.5923412264032
3091.349517235187
7123.783539148665
3445.599703695894
2633.963605201405
4396.956785901602
1552.4125581642193
306.7214872009017
9855.77347017157
1528.4180822579076
7605.832223819047
10588.418119794955
376.30458521876625
1378.4914186404892
2570.396153667377
5273.736171832428
1367.1990345785052
3430.495451994858
581.3318218977874
3889.1143833349843
9841.248537436442
588.9065442033917
2994.8897205600274
234.72019342883607
439.23818395176164
9176.329645158972
5025.887194206618
1452.0931779798968
7730.8355986962615
247.6096629380555
3165.5906273258224
6977.439796305489
244.74846863882098
2322.4359966070992
4323.329908452858
2368.807490783193
5482.919698376971
640.6142030909938
9478.918887435617
8915.662824152289
7096.93807666536
3093.6879950428884
1826.3768370337098
3919.3186589685965
25.41258362274351
6097.902818194792
7445.801017502907
10819.822566216637
7722.199933133947
7495.562729829224
9655.826602053958
2068.6962447872183
5099.2764298805305
1408.7071460715708
9456.278430930352
2253.2885377915204
2192.658137383976
6659.415994841879
10477.968883927251
9539.53915043359
6413.228618804089
7861.3326178513225
8302.21690381187
5070.180685537961
3062.0484768883593
7817.229669161854
2514.6122784548506
10333.612409405372
3338.5791855618795
768.1893685066483
3419.8855135001604
1160.0495754023523
1418.2342708583985
2063.361374059873
8486.79971760411
1734.0892976502735
158.71341838303618
1429.7509673776012
10099.295759642757
7289.576658416636
6169.761173405233
9296.798807695348
3257.939373657538
4243.541355671314
1194.2039369973118
1314.2877321183366
3479.0025876515433
6469.642762636563
10483.520862222922
2594.2205830321577
5167.578709241788
5901.337701071806
6536.534200479993
4146.648339401528
3481.4928924792316
10300.676504624595
522.9766971365289
2735.3359338630366
1045.2097739926585
2517.3510665070844
3044.956268956725
2163.7226328709366
7573.39811461106
9641.66810955408
10451.019796708182
9035.017339544942
9654.48791291341
5865.561133879171
1724.1105328226292
5969.931773690687
5305.159956785659
3775.1595664799497
7987.9722881827565
5646.5414180979915
6106.3241229541845
5690.951093788444
5943.915802026693
5213.067438826365
9249.202108660313
0
4911.880719128409
.03313117434538239
0
32.659093748425065
10154.941639562894
10328.69597382175
18466.414883077916
14629.42502916127
294.0150421925891
5949.679637498488
7096.740792766051
1977.582914031199
12458.569094579365
5821.641590479898
4381.371905707515
2110.571499883639
1646.3269292769646
5837.335356136411
6751.623389253843
466.260469908675
1935.872461457329
5849.771209942674
19379.928261205387
5697.751626934917
.41756652794182836
.16649671343412953
.6750096338249496
.2886357496303549
.30649155996993227
.51560121471164
.10976404556858421
.08137824982466046
.21026989857771516
.13376569191659415
.23188561955397824
.14482796149535404
.9557908286546997
.4417318440321041
.6845192275875296
.7996524439982229
.19120828586933225
.6212792026723883
.8084094235683206
.0856614725976701
.861596872685511
.46203884347892754
.929838002781828
.645055128261425
.6146154430420925
.8973174707896594
.402580793952233
.21434417307760323
.17836342831151164
.21081063099651698
.4647599849608328
.5582861388327482
.6301704046525183
.008050102371478074
.9381214284917088
.2921644962255565
.5093038047481642
.23545845351448413
.8851881171576119
.7564055161547132
.4580235054505475
.432222731541841
.4824029610100651
.4831617430791757
.6460162540122474
.9079309080958422
.5169910608413255
.512979423605906
.059172639424939444
.2209770961058659
.5851791789131078
.8952137826257116
.5868353287611383
.521908470760837
.4602772865780942
.5582299840244322
.830446447894696
.6367952110947466
.1970050736665645
.4882683416377094
.43974062680400583
.26134389732823604
.13864712051556927
.7324917812973883
.15485832199978167
.1132943986740449
.6954387337018619
.6451681342726174
.9761216146034437
.980995075455946
.35610761418733383
.13279112741473642
.026470509006560672
.7085242901099706
.02568909258219687
.5631337189096677
.4538152820991206
.4518431599003203
.5129434896577687
.8332936021182564
.3847641425763879
.650253982681549
.891248684428777
.5149699294414414
.446457291571158
.13242705680956512
.2824608693223438
.012458242436391265
.17611993242074186
.1638748683488631
.10411300717091221
.7836522231950367
.9103006149032558
.7741488978387996
.8051975474402702
.03511902272218581
.14944467206515832
.5936776115130971
.31500374360297734
.5017621843422504
.3037327182366498
.6420645373719249
.9757984693217758
.9928863686961746
.8133739206321209
.10468601199509431
.7885208430264106
.27975239496189275
.153848874068526
.10181319742049322
.7308305961094987
.807118792821079
.9284249847344299
.046018401360695016
.958920806945111
.054823362253889174
.5754623353994839
.6678595398126479
.0536385127313983
.238590875901445
.2784856565620537
.28171379575594235
.34606868868773333
.5915946040978175
.3094483996702784
.8823818572577111
.9092433899854031
.1555193956276455
.556212427646356
.20809035600355852
.8981904767784181
.6543242265264153
.5692066217165574
.6867981067418134
.45209089209511966
.5847315674483136
.19718182670988194
.43921671421618447
.8922111852040326
.7666672601277755
.1501079951513391
.2451788106360837
.2877025470983918
.7165077663050732
.541083536669771
.20838080436838724
.4207629493336209
.5106350529186323
.6360753750315464
.46394603623244435
.673270052381552
.5850395961427932
.30515965712763515
.17447796916261593
.7161842874061852
.47365996357044504
.48442085351678177
.9087502369634659
.6141300678556927
.7087416525191506
.8368145704028918
.37174324654114743
.37004836927975315
.8605116152728545
.9975005334523301
.027432973230623547
.8826335625203143
.8732066668270568
.8360637248041372
.33939403089029385
.3950557777962329
.45746943323982303
.8057289808695081
.8774015806794582
.9367793990491258
.5955267220603335
.09489277526032858
.8636367061431796
.9737902814462052
.22661177038278923
.7553681236293952
0
.27066834099923565
.15920668839962948
.20750782114930155
.9275324838011887
.630554219909137
.04190574338112785
.7285610232600124
.5383579669363112
.18966958760848618
.11012853486589003
.30244098748450465
.5917144705216264
.5645807601288642
.5609705594063699
.4615499991754999
.4440595684524211
.9895636041701461
.715014547349663
.7438424147897944
.549468636668931
.20093914686631353
.8362114550417539
