6320.258293735803
4464.030301637629
7128.488359710648
5753.810171672495
10925.65387368306
6065.845973271623
5379.742381129444
5091.671809892818
8558.999730669771
52.966782862573595
1808.690957581099
58.12267836681576
9346.418542238493
57.24601119543953
538.3190604496573
173.7912974213418
9760.527620579755
632.686532831821
9360.862081638157
223.6243497509111
9465.163672547598
1138.0935504990464
71.49707347846666
4300.139301987707
110.72112679861097
212.24920586510308
1156.958206868393
10944.033702374933
2556.315381068171
10995.512682041543
251.57121130447348
6594.233573135909
1758.521276228583
9053.280308940486
2694.417560386253
2349.4236374490342
10168.548095976614
10278.541705012552
2646.566017323703
6905.453013343937
8392.13923401434
146.31838903468628
7959.119028398405
3701.102437165399
189.19100335904344
2.899937875346456
9210.189482338546
9544.063276021247
10032.876705993296
1455.5226069371267
7234.587825677804
2195.7856120855863
7977.121508163581
7298.766114915972
7234.121289392196
7100.855565190219
2455.29863223102
9192.554741481954
10948.970725198467
1147.0133738588245
9683.716580121449
1787.739674395394
10781.250149107338
2934.707076538105
985.7256136612478
4502.620567186274
1907.1780155471108
4777.800443458079
7761.001417562491
4764.8129693893525
8806.64977132726
6116.130814944389
359.2395880810582
2062.119370917999
10796.119712783826
743.0886864179537
9662.269970309675
7090.34536001326
508.7239202321563
4552.246105737907
8074.246428904418
2293.0311360495843
2758.3115942448203
599.5984469480936
10823.36050021811
10023.873672001448
8690.91484906387
348.7973913078346
5602.6739220929685
5874.293312563496
7114.2341644672615
10692.707717677356
1080.7202187475807
3479.7101449608936
9022.08162499604
10495.79819868699
6220.831446991027
1401.4943900665648
321.9718232748678
5016.569032452463
6139.639649211085
9100.928446960128
1918.2929917372944
1015.9337313235917
90.20811524422453
1055.9818949080864
8246.63453085532
975.480899480417
1305.657293984068
4098.2790255300815
7294.244340393237
6534.119175903696
4220.593418685291
1039.1564619711105
5345.953011029263
6488.943679594432
5908.763401664585
6381.059280747372
3659.563289729169
8455.403075882916
2135.0135832189744
857.7447971184697
2437.571186371349
2302.0766836685884
4915.85422706032
5534.304824997223
4009.2826073861697
758.5773594600424
2528.2187681873106
2783.171035264944
2578.6888393841778
5076.794011426121
10217.0786380187
93.93359696588823
10819.61347962098
6125.720219681487
10903.324393325338
10383.531728087164
4338.623004355256
3447.843595967911
2336.466166254483
6787.85490896923
4877.339517077555
3887.3501626789307
3606.364135757815
3644.5137541353765
1560.7923940290057
283.7015754938209
10683.861286691816
5498.762535567892
7507.0555099986295
6067.111096569285
8980.043593739376
8933.193174288983
1430.3124074526506
1829.3854670578328
7477.073090517955
7864.493326617272
3555.928456721099
7564.813338249349
7950.540357971406
9275.77205207892
1980.3853575147198
1835.264074309267
10375.777548457238
2504.1519588718775
723.5263012669056
7056.11203122212
5789.670963534334
7576.136448463039
6074.87535707318
8292.973892221366
2586.1147126227725
5389.932841082709
10170.520014188776
9742.251422573054
318.8037705136111
1456.864602467639
7010.8834968290075
0
2777.774961475764
.02769524348101839
0
271.6409879832489
3780.0734456129626
3917.9840517870894
8170.616017641596
18026.56426261392
17708.21257206525
14522.93176228418
8331.367922507736
6845.825324844746
11912.592473410605
5839.631029447967
15088.807287738542
15424.812814665824
15740.067314447726
14631.263889504204
9024.838665726229
5105.219323049099
2571.6514420444196
14265.528665500167
9535.317975119304
954.1534034965101
.43474623467521045
.009542224028936896
.7536221170478525
.337779244666059
.15411478532187672
.9381533793377681
.9532453056756225
.9067761403080041
.9661128059461555
.33124597778006004
.7353584570295477
.0012289870420756355
.15088361172370002
.7818679507537294
.6922146722782605
.2182635282712444
.05631773618353386
.5860091265250582
.17157236442628854
.010037312721919323
.42138830838719454
.24441288612419432
.5523620506230427
.021117657329917883
.3067772172775811
.8731497059423365
.10682423993060741
.17849079485335628
.4503453609668413
.9575621872914637
.023128848527858015
.6177631732025111
.003417757269249533
.36584252065248535
.6293050655567667
.29461049574298825
.5690871191305209
.6082672930578117
.4148795322964256
.6336946498995
.8585160125753399
.7057003095686141
.4935932986334526
.8769655142536943
.003352666212185218
.07067628046453311
.5051610310774894
.47895064863186176
.5056106716270763
.10734211224844614
.43655457921955465
.5406721572291555
.49653378383639346
.7778651775483627
.48287289894010543
.7705585102475205
.7778013114217781
.7846813603653782
.8239517631973259
.13680773198275853
.7350180054205793
.3455117294856931
.7097476632564585
.20929558340542131
.3840608792216089
.0675743215782203
.2926951390882755
.7077758026817067
.13739310877788236
.9525883623823146
.8277661525420794
.27573044541437564
.7112038979390545
.4186745967223344
.5416844521564717
.24713798232656448
.614517352452937
.9562814987795165
.6843226391559454
.5788573759214197
.8535919937427683
.30898952895791076
.5909602016930011
.9038671490750942
.9828186042731781
.5941313941105775
.38688702949828646
.44199876662805115
.9486848900185478
.061199257427118736
.25902335413414623
.16171638319067272
.7007392682168365
.23646883356485504
.34101952511105793
.8234861655614374
.6045373442221316
.2752542878936055
.23191221964299769
.7261247931004693
.9275512057350239
.4723913483221138
.5036770771649073
.35227097051948
.3764998311481291
.6381257189496818
.7720519116192448
.9144516080889917
.7516108643105668
.5995711253495666
.9667954372540002
.9288745383461139
.4158893280252609
.41953216735906773
.9747597083712731
.5610008973275749
.5018952215053836
.8106168528397986
.2778149868626165
.4357150176570532
.557577777624185
.6306232679291834
.9195498263380308
.08162417194767357
.5448940197236065
.07307631843991236
.5055394395235622
.42790052667088196
.7342981195750529
.3576704069551566
.18815285123568937
.3984757840658182
.9338032988843348
.08692156962796638
.7147638993757772
.7406324436805882
.5227672952720923
.041210116213723946
.7612419578570919
.9719703449760146
.24990401146443286
.6627644100865622
.06649303135359519
.5549969604359577
.8797471993040114
.15998088963692791
.7085643240462467
.7371465172240839
.7057748002086506
.6818457101594178
.39530273325328036
.9441860198364234
.1852557433537838
.7265465842080245
.8102578661724551
.37277860769080196
.43719502040627134
.41675903606165043
.7180266939355562
.9013834846742967
.5666556064466093
.9076879763381192
.820287287329466
.06425313870929972
.1960565023103682
.8286277118337837
.6744101803435283
.5541082766205576
.40078749230119115
.2795878154632887
.810106087488176
.6940952872015682
.16439483299040059
.6232221002155074
.6394094335548488
.9552637073481465
.4327549150937533
.2520734998173726
.9297152802165014
.695065765028088
.18618182238424952
0
.010366245980073963
.569302487391895
.971757689230033
.5933007034614823
.7765606527798301
.13016709181391994
.8563586633867457
.27915255463915023
.6989990710418486
.3058041935225979
.340076285090787
.4823597775625128
.005996644039318877
.48919116750222047
.25430584605387274
.1620966821943146
.3232847747815155
.6651854445480705
.5236719377503585
.3093659169569438
.8782345048119504
.3892976741415515
