2.701831530578974	8.378608421945032
1.0654781749302673	2.4784196872589024
5.204483910417646	6.400677574204498
9.304856802530049	4.879845653036455
8.720809189323738	5.499485379173354
8.711388165174743	.26997461204576906
4.967684042034963	3.7844205252383794
1.3051875377351112	2.263980182885392
.7889936986843703	3.284916610140667
5.897148227492644	7.38861100437929
4.818155805887193	.4510909281054345
3.605312763551146	7.1852126941231695
6.04093191182613	8.030135307593213
6.592912539917084	.37570732775020377
1.9221535145819824	4.773130440105989
9.303679342942075	9.365962332072003
3.509115990895316	.5491437392178582
