5441.26052109838
7558.318600287154
2772.077231366389
14429.415306620383
6169.188109888277
4911.729909908552
8979.978681681358
22.602124645847837
4273.764094298581
1441.4524679455944
7157.290304880075
383.56282995977216
8070.947283122646
50.58178461594132
4266.95729563031
681.742984812074
6685.573052556711
1481.365440035504
8523.972336004092
3426.9003167963774
3203.1684963046064
7952.642515307112
86.19154639866285
5747.512703147755
5.442952513416422
95.48890088600675
1828.7011695181154
4779.808281424899
1471.354393669217
2956.39100607426
5308.090225739906
6288.379397868761
1086.1421101472672
5201.849323076598
4844.582841007408
7190.029908744288
10554.993650816607
5718.021080300799
216.59256587040827
7685.038272736209
1134.6529679429855
992.0119188186285
5274.375659163145
1706.2047141826572
349.7461388487347
.5932569014065028
8479.595441446943
6387.847893745304
3399.6961550653555
1985.8385439828096
677.2936106583895
5088.289891134321
1200.4966015423868
7150.576499840133
6637.685585450501
7547.399427396914
216.5578339868031
3441.344723147949
8056.382440187953
1933.3601177646965
6621.3555206209285
3703.7009148325997
10270.322352581541
1395.2841022755779
1082.8134154873712
6593.175159431431
10761.696458223345
10779.517406848568
8780.429956017453
6582.44618826213
5969.243559993338
5043.4969891251285
252.22871346528186
3949.4916457702043
2938.4400946284522
6443.387055654943
1971.8626364463112
4578.664725558222
2217.124929174178
7728.704441916901
10092.555009621005
5416.17029514793
45.874988844301114
7291.419357018171
391.60219287783616
7108.184746761401
6453.243020885831
3056.6635826142497
2853.2682118679295
4422.411278409981
3775.270277180886
10295.102195618949
2195.25677017988
2878.6158760378876
10268.541579276902
6226.373257729388
9017.683040208234
1004.2807903903195
4551.749195786158
4024.585316301549
1923.6231274670838
6778.216402699636
10580.397879753662
7102.756478852686
413.976081175521
1416.1655206593182
2783.9153261180936
6714.514771087907
7145.500350069653
5167.522809150942
6187.272837127738
1981.3104161172203
3153.465341860807
4266.520947461015
7948.515053706952
1692.5313064163427
230.9626697171597
2169.0989543217743
9185.935206290285
3213.3959864941417
5896.272261631636
3849.743471015971
1812.496670040891
10890.031422359498
6418.216672640382
1773.3811407186508
3269.860427025593
8048.517205193493
595.8495146947347
9379.031127358276
124.31272679646007
839.6425839580672
2818.0338946768497
6202.08857522921
5996.929240753244
7512.710810212975
6354.050963539803
10657.252882198194
5304.8453873528615
9584.517907601361
1000.8028597330543
4961.399856447218
4455.258156322349
9534.858855988681
8999.473221446413
988.664201253896
3420.1861398407086
9692.003616304288
3437.7176948738665
797.6748082527178
7508.5950538186635
6262.736504207454
3727.344712158165
2360.9056464689174
8787.88239446855
2104.8347230156774
9943.072094328647
8706.490609747647
10688.139693522982
2740.2372377601573
7694.643035833785
2919.210575716124
8853.303597738186
9955.829876531478
2480.994069047973
1085.2412442252705
9263.52983392915
5534.1344603695115
5264.5853408087605
3392.449644864359
5179.4504816588615
6952.988008217771
3323.801377191811
3156.894934534863
1552.4904996703879
1309.7221914190354
6904.538317776489
5989.911466047618
5959.034755184115
0
6345.782813931169
.0011567405413692152
0
125.5491067935919
1871.0950810780091
10509.837340503625
1129.0677911652451
20191.328590496003
5789.7437558151705
2669.939285257493
1126.7961514490064
11652.047437167665
15723.672233168452
16725.752060933075
17293.622398518197
4249.614068774579
19405.218089475795
10012.689167056153
16677.036437428043
16873.06006265229
1584.4834455393077
13308.923839121202
6103.474976058229
16369.423535683734
.02413395830012588
.8386468148768087
.7167244058909084
.5840279397082357
.40771765961080586
.8682425752886815
.4814845835214605
.5185999832491861
.6278677209176668
.625151485589827
.6734814088219037
.4021715563821011
.8766167314304409
.27270125598138617
.28110827103795666
.7315997011735744
.9727979536767575
.6667488880351575
.08233973988950183
.3932618643163983
.7616771793967279
.4990738534744459
.37590967012958165
.5546839887642498
.2704586365063477
.2283061656412546
.6234493632922362
.9814680763898331
.24721070425553893
.6482349931751124
.8067216837171209
.9863741508484536
.368871289567704
.7461738418373027
.3360437006413244
.33519260749820456
.22295593348740317
.6223959239005079
.5158381359010307
.31445649026429723
.4112982835419796
.4497335436779375
.02808048010924935
.3384540030237142
.5884275200616276
.9960954903914268
.4121225227650327
.15570558857198336
.05710786277776081
.06735855576065553
.7257705600177271
.002205360126242839
.6817396785331651
.9270670545615514
.8190691079762069
.6883234521291579
.9314863998222322
.8897273751740644
.04165805018473523
.03959808854093594
.31588262028522385
.3322845880570966
.8466725232001764
.854101660170663
.8034647681873786
.9600728844408843
.274885959169197
.5712036138630394
.8172878400265464
.47316036014613894
.3806114384247754
.896862073990369
.5899924296723413
.07321737280024343
.013944979393635926
.3361838205910086
.5464040537539296
.6322772272412671
.9650151322696852
.8397164624924756
.5358008860536474
.7215102811242511
.41111512859881816
.5696433015055717
.14229844905005828
.35939573082515563
.7568898509230233
.4095819820006401
.1562645814351875
.20458156096636215
.5713309482475069
.8481814994035213
.9922852172315031
.24289580659548515
.19888813140361905
.3862293113307034
.6804112214435083
.06173012669962352
.7246828462180148
.5482487455129119
.6177209565210127
.28738366372816837
.8760075040417747
.1882395135121273
.42287662000594084
.6036163899992006
.0009300520246389166
.8535303679427588
.4638470404841739
.8277572207661223
.3051679192651593
.7973759051531684
.6565619836647436
.32133143055396873
.24782338665034254
.9767124609641704
.41485513743315616
.03267800091508777
.8295477544641037
.5473266987015013
.3513491075934554
.4590451865404872
.6970178762433095
.8882034994635393
.9598502934957975
.2123014937683425
.7774267608762604
.06556221565762654
.9721264986081373
.42678146124308536
.34609078989334274
.14799566281252052
.3459961308567969
.9639472710738872
.9169889419503061
.6025279392511436
.004013640271252061
.44930177993680864
.09694697159637822
.30335797787257857
.8456246314142755
.928516971042403
.296028912608441
.33359204407864196
.5751362799672615
.06062750430954145
.6974598867600486
.4217956844592321
.003941395986930107
.03514941938967331
.5461221904578573
.614245830205258
.9969267043874928
.3540119803071633
.9725013305044745
.46959300194199316
.5073824613765339
.9024193694964389
.6735098305487737
.15017633024242794
.8595659862546421
.33442590572371755
.6665881294061278
.7107853199721761
.7752482790560511
.44372136226611536
.6538872095531718
.2855717541010263
.8217838190422979
.4355553815649327
.5844717028912241
.7301290434091143
.5306493725557682
.08720740542791994
.06782334408468893
.6910885329462761
.40221541095939983
.43135701530018467
.37135611467405094
.363268191544859
.15617941503006416
0
.19683913516840246
.833656164813779
.7968122997908809
.030629772804235955
.9520253921215727
.610266833498917
.897584280652066
.3416163121535625
.2493864464966815
.5986754009097961
.8880316715530068
.5341597921280512
.02532503790909657
.7389199883437174
.14359824537282373
.36767705869531686
.04559629918329211
.8352188766971755
.7861916477812438
.5783045359356647
.14987850624262755
.04227468397318224
