3056.8932480821145
4514.5994621945065
9092.969400883703
41632.106381279424
4036.274338365409
3641.4617384553017
6363.165095440913
3955.049156767619
1894.191525834683
3770.5068853419875
10419.739501505148
225.61832373442783
10665.204486655452
67.57823847528475
8343.373328428408
114.05474953879286
10373.896775507248
2476.989837547802
6165.810545876299
1842.7793820006618
9450.927419091186
9543.479980451304
87.27619627557425
2889.0515449735426
214.79921450385024
229.3872929331208
10978.868345063085
4423.770426118907
9931.847432130491
2345.743181729991
9303.542758729685
3443.777755996931
590.6999292632023
2487.4458386235106
672.9266895477073
9695.98017041443
4200.635425502545
2190.3576265678935
3314.547238213696
1938.8373047636371
3133.9361648641375
669.7723759288701
8139.899716766481
4105.894328772433
151.22783969336507
10.987232976223027
6424.188579123691
3876.0477772616564
6003.670661034227
1381.4962296453102
6645.5949680934045
8425.493589776665
6532.658439166779
4165.0513908298535
2292.23869182549
6244.329366834061
938.9506875388684
9379.829049569205
3645.8741964790315
10375.160942176302
6324.422530556199
1379.6419658572047
4596.184073354442
2879.789189135896
838.2466138470345
9261.561835167777
7736.841869685083
3609.2353993302477
9149.594621426146
7667.507747484278
7775.445866806349
814.8233180357638
561.541781225451
7111.665796642968
4304.73711812253
8551.38187982547
1632.3768763798353
6982.909629483544
126.52324298814165
6676.202742763385
7651.506312640238
4354.990685965169
3417.006365141964
9696.111192278122
9634.633406627994
4999.377943690167
5647.8248808355975
9104.354173325124
9088.042414108897
2945.4723627769204
9169.655733390033
310.9656014891106
1086.3322433009932
1904.0377636038286
2845.271043949863
4418.448566572105
7763.879589692975
1392.4101336798897
10079.324180844616
7407.508518689973
8189.8192671163515
10622.142794638487
1720.1464793121577
3468.5725562785487
101.73249376293933
5509.27518037164
1682.5828078423535
6624.97706649384
3687.502312640504
3606.7708499005885
9097.113272750677
925.0815577019079
5871.969123617146
5410.428993148372
10129.642100075012
10382.735779328774
8713.68660152074
10307.63222648455
3352.9094620107753
8097.276119923609
3034.964165312845
7284.74826710627
4822.942397350588
10142.255992313361
3004.0227814639184
8788.172014896365
9744.89231785538
7639.162757657962
8631.41494104629
3183.117626020655
2011.624364397025
8204.18076791493
3552.7886595421546
651.9862734249166
9919.345999805597
42.651877285576006
10981.299177984662
7529.857266299182
2353.5997948854206
9388.31460280148
259.87568245594036
9953.722188335736
3843.5751698382005
1932.275484012739
1672.835439813598
7545.9742982192
4128.836558038754
9620.622834170994
2856.8103746710804
4910.752557439945
7513.627249506932
537.9275888302798
9869.24727486931
5718.207282545152
6331.723026629941
7813.932154114818
6933.346439761946
8084.988831201233
10235.303711543647
9397.29445725366
5326.974221107082
1169.0364858262997
3832.753823216455
3625.580717948152
10797.502278711347
4041.155430278724
7500.5900286512915
3495.8444207336797
8857.288650344455
681.5531568730718
1744.0352617946146
2329.855581838587
3209.07237547353
10431.368182815806
6909.280027508968
5215.761115974831
4238.466083704702
4522.050334381613
8946.89942613833
0
4197.720770705964
.008778710761517322
0
140.21530712799694
11114.228410912954
19195.999540234938
15626.540456476163
795.0685555995803
6458.548881141812
1474.7543141176693
17577.694400039443
14231.288949644773
15380.697108253758
18746.517744467685
4581.7272769481015
5020.287788270259
10448.835257879176
16263.053245170695
17138.59091046925
1209.7802318000909
5488.1872654729805
5872.1598168530045
16868.036365839187
14812.087799099154
.7499503195175343
.2747711262526151
.989183240913041
.8599187996613535
.3960472265203314
.9541733178610445
.44684865780583793
.9333705500539684
.061826518295365895
.11139294540238565
.9570835459040508
.1707217550158051
.2217190339922368
.5029105009601733
.15341134051927052
.7902114660265356
.8972268285868699
.9581680904120917
.1895157900801776
.48905374755156683
.9520711331885978
.014198876315009823
.3468912956079597
.9086285996744488
.9766709517952619
.8336492777281961
.8970354481737977
.32231277313767426
.3117921915415893
.9024291065914549
.08254335131419799
.29316320565733633
.30112963368733636
.34456991073202015
.11279075684214068
.8622577620009704
.5385556570812902
.3675027937107205
.36345495235186975
.8427986345380833
.16349592374370014
.288268570040088
.39507109753779934
.07551387199222148
.901702406885712
.7049555641534999
.6213433115688438
.5399498235409568
.6106299709010143
.3862814300360746
.5003490634980978
.9593266700700906
.4771938317895372
.7585873650761314
.498584966699394
.44151436732405713
.9681966544449476
.5170364820893179
.05056487553335254
.04269860484706145
.8453119005546046
.43012854395446043
.6424510880131391
.1865654854963683
.948470478779267
.7630062771559369
.5921589893540422
.7648485004318017
.297900489220317
.7780785821413556
.4231121674721847
.8951126878796996
.8068974673146789
.5162718103249739
.6912564712122404
.8857113655111413
.5854308775141359
.06833122979105477
.9417309016347688
.21802665335786542
.6703446744371455
.25543105546908973
.6277039475679727
.21200887917504563
.4776256364744276
.35332047285842894
.8981750768268888
.9676334978969223
.8808468985617457
.33197703054500205
.878545121623894
.34196620000711464
.9893907332964156
.6613713607247593
.5006123919137104
.9544262366272509
.31980906558088407
.527626883152684
.4055318824739256
.8998411027853619
.7052840620780763
.0578589666359377
.7218001408006034
.4446662615470842
.2861738289037308
.05593011710229745
.7749253018806979
.3894467229389267
.5239316593093826
.9520695465919427
.5424043407875305
.2674979974648728
.17303700449229997
.6136272615675231
.8873494540379521
.5812155803549204
.5302480118694461
.9358048345996386
.5994710459316461
.9793194927385245
.10594669926743672
.687689989545748
.885631735489063
.1887338122217994
.17313208480479725
.6329193156371065
.9806273163420451
.8593714188601502
.8677040304583794
.9126265520331034
.10514474950696817
.9490216449082169
.2559762089450135
.498898461037365
.10382039160688938
.1965864367253667
.3716612684507594
.5803253459448112
.8286978673056964
.5043173977776909
.1580572553032753
.38168065167395615
.029963069866946634
.0752712971828644
.39933341480176976
.6888606335566658
.6216125270897119
.6203101449069202
.8149492677453669
.11607628907813572
.030976870609339402
.5389267811653233
.9333468147972992
.7922814330726722
.2784748196613194
.07326825939105741
.36131362284317925
.6042501429940776
.6832215627153158
.34074032223176465
.3239012574450735
.6853812036993008
.8078685965572916
.5319264290584895
.6079198218337376
.2987832736418561
.8120927775301932
.7491582097896123
.5499189192514242
.913845758264829
.7608905448308265
.34677744415759815
.24917526149404767
.6147919944819746
.2636650950598338
.138868756578447
.25665996272827196
.9732880325771394
.09061353611906298
.5335342337063063
.3279066674643065
0
.6802604049467802
.2859400501447218
.6496186738719945
.934010761017593
.03172074927047541
.5125492501314364
.5741365898750275
.8747363705255753
.2267973793934277
.1254906527354549
.5884642171412846
.6480484235054425
.014712196106549946
.687568914236113
.02435574149484876
.6765660998952474
.9403242827349707
.2943179382605803
.13960332628394356
.40685256958804095
.3913396439554946
.528079315813746
