4285.143798918696
10620.535846692717
6661.559043389359
36093.722839035465
7382.847558959759
5871.81309061114
4385.474352920172
3737.72787290677
3685.5079067055253
7913.583496596568
4721.423432098459
340.1316082143591
805.311317641904
48.41197308611409
9053.799927782082
1190.9479575466885
2437.5655525042434
316.09855440752193
1392.0330860862352
1034.3553816582453
7718.776376673634
6977.543516529771
90.2286694537173
4695.821736036229
295.24474329556534
184.80119095159415
10834.849837273397
6451.6875998476935
10432.303494495429
9623.474102673821
6350.345196227491
10439.155967498727
2614.179433872586
2379.2564920772033
346.2188350940307
7004.884479862883
7879.7414685567255
5309.934678677079
206.8182017847434
8131.633096544925
1826.0721899698906
744.7800129807085
2674.31505688048
8683.3937183559
92.03539002314973
1.350681732689723
8396.36902985772
757.442290313729
5434.85561893939
2933.5799971797455
1803.939259372157
9757.643771604668
4524.104887415736
9014.02887014429
393.26854610149934
10909.127436172144
1528.5256561428607
10989.122846793183
7253.189171813736
6092.85741779395
5653.09000521159
9799.338576375047
2106.1623181151313
753.1845133965411
2411.06379586644
3578.979895018193
3215.8251731545793
2797.160153336094
6601.592015658706
8108.04859837719
5686.978577818826
2599.986328011117
411.21872242575034
8212.582251986425
8406.468139663926
5657.491784678835
7191.604116916176
257.9862489883878
207.10812315464383
6997.609655105342
1154.3938066122832
5163.900582704084
10086.622225073477
7652.99997633794
8067.564134780065
8592.783691779136
9300.866946857277
8913.42367997636
7647.60941370755
8948.461297192427
7329.891488301655
6898.451839310621
2546.488731312467
4757.0889209033685
932.4334860384798
4762.434939993482
6927.722532655633
1780.6636311810246
8200.237524014583
7187.519121186911
2519.7560598046516
5095.4979946004205
623.4231742826481
3462.7136322493425
307.8822203137223
10943.45026646337
10673.538741978686
7838.923791223053
2511.7077652587473
8514.397119066554
4358.7294044496675
2806.7285841423973
1366.8358632194384
7906.407142779399
1972.3751154144377
7715.848210653554
8814.20063727743
7486.077060339408
6411.951048680598
7969.521634596516
6390.524226142641
9486.635693748385
7839.425596001116
2363.001187513618
2045.7629216232476
7289.766335669941
2074.681052245706
7173.785721558162
322.2964299011075
9694.082830786736
5236.039493378909
1108.7994937457267
4903.934339853924
9979.930119522576
6065.490674306873
9150.542831245037
7147.740833962695
9243.346919024121
2632.449844967554
9193.543928876277
2019.771896194906
6750.413383515142
6222.584189653761
10592.661587533028
8108.229756621238
2206.204366539948
2984.7915674556493
4503.072862274674
5500.950794086642
4390.795180200825
3313.9275987666315
8188.847129871736
2953.1831789709527
1403.4378400131636
8101.844691311901
7840.365203447815
10705.280249046054
2795.3353365613184
12.443742521520566
9135.971546895602
7188.342566254155
10477.126367218894
6193.923491370347
8089.613132364801
1433.3477443637457
1988.3306543603105
6968.806426734165
4601.834490738417
958.9864848218739
4288.6972178893475
8834.858224461514
6566.822439264805
6120.225274806424
9197.013345288402
1177.7158949129132
2793.042526498211
175.20246386502708
7454.137304514795
5389.449287922597
0
3725.777432236233
.014574959019668973
0
75.39921841975536
19649.432826508462
18771.89056641852
18689.358306314014
10739.381067760625
1382.0218658479891
15739.116506668755
11276.955358614314
5547.611099964877
14006.761017826966
15948.190887247429
7810.180851963156
19780.441496783238
2861.4523563890566
9196.99634433383
13076.455012479786
14662.255383836657
12368.029897415272
13712.548365942379
18656.590677991855
6201.918787599494
.7397452554983766
.9803467264501933
.10994864400488624
.4499633672339207
.13962323538538413
.6007082719445223
.32731022634343576
.9555581854775721
.6567615853067632
.2924345645767119
.6499242551485271
.9776291188022259
.5907923614119137
.7053587743281666
.49471447696588844
.43017804142623484
.4679884299710082
.07523613322589706
.7779052679774734
.4123755427876077
.31291610004619774
.13037097211619275
.8396093115394965
.6982001785456056
.5989708386081125
.17458791301913323
.9882540336501093
.8379004168324078
.21304551334656163
.5182726149281609
.7356439349018142
.29400221972770124
.5566475979345533
.3293811688614683
.06385068420186335
.3214386355564105
.8577094250434649
.8098412423772214
.20439311080262845
.00653268176526467
.38784024580256604
.3837415117954366
.27913576046372257
.29794273444869424
.5432716496704408
.6258534961267599
.29141584695320644
.7168682556045145
.04297541238579661
.2212225035867299
.17522592806735937
.8620280688193822
.2639167092438528
.6007950106279438
.38176904696523906
.07656105326980334
.33158927820619155
.07799915817495129
.38583705229792287
.9568789405363092
.2024422769096632
.1908354578385203
.04776105144328935
.7608276430271748
.5926350427752618
.027879903377963977
.10682069041484898
.4747446321182405
.04040844362740437
.9881586044767123
.7175611009731555
.6644605437206295
.8553547589385244
.11915105470879794
.6322091450506442
.2852307722040035
.07032785377391115
.9944728411324912
.5723350004652783
.6758976333887448
.08463405072506847
.89422363683447
.5003754421837401
.5837310065867665
.31121709918588536
.6789659581981633
.6573619585070778
.4879224351929059
.46160631061866675
.034019245954982846
.8948897725951783
.7867905293078734
.20070017070348767
.42651693317879724
.48631840332882037
.67534696978728
.8253727992679769
.9515063012530802
.4125856807825188
.0429083735613478
.3638991882728466
.055531657771761056
.20902542843685068
.06894561244217612
.15436676589882348
.41283380143476744
.09469690505958339
.12784936458450424
.34630186229365245
.9632812276160727
.5317080872414146
.6506904041259467
.8691363885505505
.16394665784358642
.05423341714634344
.9724115367049515
.04508114016377163
.12177934933127799
.8235439591539564
.8515088952379111
.4181977169602997
.10527785500948217
.9958408324435621
.9986617166060319
.626558966361151
.5243489072214675
.4057988273382931
.887429609035856
.37113737093918875
.5029066137181808
.055590157461714584
.07047564175464016
.9759850168201354
.8278795252166917
.4792647376634469
.43629690336182536
.43029087816025036
.33358420098646446
.4793345497893686
.7736132228430506
.6775078687033993
.7875719413643347
.696542354066878
.9335180068970512
.139793717686443
.8358332588960029
.5304084283933217
.5966058639507286
.37212986944512316
.5790869377741334
.46373146976568846
.7937200755058904
.39005453503848564
.9274573227559559
.3656917867810938
.02187182800051679
.19048975811050406
.9104546155602524
.2415410404217162
.06918776359986767
.12873445702002684
.16321397619237055
.6165723606266411
.9596804237315477
.3512206526009072
.4626499176097223
.3651375837908293
.0980526199853955
.525259320819544
.863015846088653
.6465261461420264
.5124909042522798
.1456722874723122
.05537164261116434
.008996113089938751
.8595570362025529
.11848719494882443
.3283401455911976
.6957644613823804
.9892794674544327
.5281333623215663
0
.31714105221657607
.31619765719083803
.9715031756211145
.15309191170836134
.9904501313206957
.6565184731361784
.38823128649233984
.9284478296486827
.9423234050301132
.18172992171384617
.04536514352435517
.5940921467597902
.21722936377866886
.5478711497682411
.42108032772538406
.007577881074966486
.8148425953521305
.5414521929497105
.20033785367515322
.5969802514852165
.08383729463361056
.05230610322761553
